3.372899e+09, 1.000000e+00, 3.405645e+13, 0.000000e+00, 6.679008e+13
3.403150e+09, 1.000000e+00, 3.436190e+13, 0.000000e+00, 6.738911e+13
3.306662e+09, 1.000000e+00, 3.338766e+13, 0.000000e+00, 6.547846e+13
3.339025e+09, 1.000000e+00, 3.371443e+13, 0.000000e+00, 6.611931e+13
3.398171e+09, 1.000000e+00, 3.431163e+13, 0.000000e+00, 6.729051e+13
3.317993e+09, 1.000000e+00, 3.350207e+13, 0.000000e+00, 6.570284e+13
3.345026e+09, 1.000000e+00, 3.377502e+13, 0.000000e+00, 6.623815e+13
3.220611e+09, 1.000000e+00, 3.251879e+13, 0.000000e+00, 6.377447e+13
3.284900e+09, 1.000000e+00, 3.316792e+13, 0.000000e+00, 6.504752e+13
3.246770e+09, 1.000000e+00, 3.278292e+13, 0.000000e+00, 6.429248e+13
2.927205e+09, 1.000000e+00, 2.955625e+13, 0.000000e+00, 5.796446e+13
3.251614e+09, 1.000000e+00, 3.283183e+13, 0.000000e+00, 6.438840e+13
3.179696e+09, 1.000000e+00, 3.210566e+13, 0.000000e+00, 6.296427e+13
3.136568e+09, 1.000000e+00, 3.167020e+13, 0.000000e+00, 6.211027e+13
3.119985e+09, 1.000000e+00, 3.150276e+13, 0.000000e+00, 6.178188e+13
3.059725e+09, 1.000000e+00, 3.089431e+13, 0.000000e+00, 6.058862e+13
3.112519e+09, 1.000000e+00, 3.142738e+13, 0.000000e+00, 6.163404e+13
2.938772e+09, 1.000000e+00, 2.967303e+13, 0.000000e+00, 5.819350e+13
2.898320e+09, 1.000000e+00, 2.926459e+13, 0.000000e+00, 5.739248e+13
2.831296e+09, 1.000000e+00, 2.858784e+13, 0.000000e+00, 5.606527e+13
2.742769e+09, 1.000000e+00, 2.769398e+13, 0.000000e+00, 5.431226e+13
2.790536e+09, 1.000000e+00, 2.817629e+13, 0.000000e+00, 5.525814e+13
2.815898e+09, 1.000000e+00, 2.843237e+13, 0.000000e+00, 5.576036e+13
2.657207e+09, 1.000000e+00, 2.683005e+13, 0.000000e+00, 5.261795e+13
2.694368e+09, 1.000000e+00, 2.720527e+13, 0.000000e+00, 5.335383e+13
2.774003e+09, 1.000000e+00, 2.800935e+13, 0.000000e+00, 5.493074e+13
2.745368e+09, 1.000000e+00, 2.772022e+13, 0.000000e+00, 5.436373e+13
2.683380e+09, 1.000000e+00, 2.709432e+13, 0.000000e+00, 5.313623e+13
2.659631e+09, 1.000000e+00, 2.685453e+13, 0.000000e+00, 5.266596e+13
2.703736e+09, 1.000000e+00, 2.729985e+13, 0.000000e+00, 5.353932e+13
2.777555e+09, 1.000000e+00, 2.804521e+13, 0.000000e+00, 5.500109e+13
2.566949e+09, 1.000000e+00, 2.591870e+13, 0.000000e+00, 5.083066e+13
2.536305e+09, 1.000000e+00, 2.560929e+13, 0.000000e+00, 5.022385e+13
2.431498e+09, 1.000000e+00, 2.455105e+13, 0.000000e+00, 4.814847e+13
2.509854e+09, 1.000000e+00, 2.534221e+13, 0.000000e+00, 4.970008e+13
2.498784e+09, 1.000000e+00, 2.523044e+13, 0.000000e+00, 4.948087e+13
2.592031e+09, 1.000000e+00, 2.617197e+13, 0.000000e+00, 5.132735e+13
2.531548e+09, 1.000000e+00, 2.556126e+13, 0.000000e+00, 5.012967e+13
2.631283e+09, 1.000000e+00, 2.656829e+13, 0.000000e+00, 5.210461e+13
2.552189e+09, 1.000000e+00, 2.576967e+13, 0.000000e+00, 5.053839e+13
2.560036e+09, 1.000000e+00, 2.584891e+13, 0.000000e+00, 5.069378e+13
2.280472e+09, 1.000000e+00, 2.302613e+13, 0.000000e+00, 4.515786e+13
2.200044e+09, 1.000000e+00, 2.221403e+13, 0.000000e+00, 4.356522e+13
2.169520e+09, 1.000000e+00, 2.190583e+13, 0.000000e+00, 4.296078e+13
2.415475e+09, 1.000000e+00, 2.438926e+13, 0.000000e+00, 4.783118e+13
2.342449e+09, 1.000000e+00, 2.365192e+13, 0.000000e+00, 4.638514e+13
2.278321e+09, 1.000000e+00, 2.300440e+13, 0.000000e+00, 4.511526e+13
2.260763e+09, 1.000000e+00, 2.282712e+13, 0.000000e+00, 4.476758e+13
2.252581e+09, 1.000000e+00, 2.274450e+13, 0.000000e+00, 4.460556e+13
2.353122e+09, 1.000000e+00, 2.375968e+13, 0.000000e+00, 4.659648e+13
2.372185e+09, 1.000000e+00, 2.395215e+13, 0.000000e+00, 4.697395e+13
2.224561e+09, 1.000000e+00, 2.246158e+13, 0.000000e+00, 4.405070e+13
2.222020e+09, 1.000000e+00, 2.243592e+13, 0.000000e+00, 4.400039e+13
2.083304e+09, 1.000000e+00, 2.103530e+13, 0.000000e+00, 4.125354e+13
2.097261e+09, 1.000000e+00, 2.117622e+13, 0.000000e+00, 4.152991e+13
2.013227e+09, 1.000000e+00, 2.032773e+13, 0.000000e+00, 3.986588e+13
2.195955e+09, 1.000000e+00, 2.217275e+13, 0.000000e+00, 4.348426e+13
2.004049e+09, 1.000000e+00, 2.023505e+13, 0.000000e+00, 3.968413e+13
2.539106e+09, 1.000000e+00, 2.563757e+13, 0.000000e+00, 5.027933e+13
2.664887e+09, 1.000000e+00, 2.690759e+13, 0.000000e+00, 5.277004e+13
2.001506e+09, 1.000000e+00, 2.020938e+13, 0.000000e+00, 3.963378e+13
3.340982e+09, 1.000000e+00, 3.373418e+13, 0.000000e+00, 6.615806e+13
3.328166e+09, 1.000000e+00, 3.360479e+13, 0.000000e+00, 6.590429e+13
3.327871e+09, 1.000000e+00, 3.360181e+13, 0.000000e+00, 6.589844e+13
3.288429e+09, 1.000000e+00, 3.320355e+13, 0.000000e+00, 6.511740e+13
3.007744e+09, 1.000000e+00, 3.036945e+13, 0.000000e+00, 5.955929e+13
2.901590e+09, 1.000000e+00, 2.929760e+13, 0.000000e+00, 5.745722e+13
2.712260e+09, 1.000000e+00, 2.738593e+13, 0.000000e+00, 5.370812e+13
3.012410e+09, 1.000000e+00, 3.041657e+13, 0.000000e+00, 5.965169e+13
2.946105e+09, 1.000000e+00, 2.974708e+13, 0.000000e+00, 5.833871e+13
2.929304e+09, 1.000000e+00, 2.957744e+13, 0.000000e+00, 5.800603e+13
2.962437e+09, 1.000000e+00, 2.991199e+13, 0.000000e+00, 5.866212e+13
2.932184e+09, 1.000000e+00, 2.960652e+13, 0.000000e+00, 5.806305e+13
2.695220e+09, 1.000000e+00, 2.721387e+13, 0.000000e+00, 5.337069e+13
2.507912e+09, 1.000000e+00, 2.532261e+13, 0.000000e+00, 4.966162e+13
2.575821e+09, 1.000000e+00, 2.600829e+13, 0.000000e+00, 5.100635e+13
2.828082e+09, 1.000000e+00, 2.855539e+13, 0.000000e+00, 5.600163e+13
2.759073e+09, 1.000000e+00, 2.785860e+13, 0.000000e+00, 5.463511e+13
2.377063e+09, 1.000000e+00, 2.400141e+13, 0.000000e+00, 4.707056e+13
2.250916e+09, 1.000000e+00, 2.272769e+13, 0.000000e+00, 4.457259e+13
2.494757e+09, 1.000000e+00, 2.518978e+13, 0.000000e+00, 4.940113e+13
2.541262e+09, 1.000000e+00, 2.565934e+13, 0.000000e+00, 5.032202e+13
2.075059e+09, 1.000000e+00, 2.095206e+13, 0.000000e+00, 4.109028e+13
2.545080e+09, 1.000000e+00, 2.569789e+13, 0.000000e+00, 5.039762e+13
2.511904e+09, 1.000000e+00, 2.536291e+13, 0.000000e+00, 4.974067e+13
2.479223e+09, 1.000000e+00, 2.503293e+13, 0.000000e+00, 4.909352e+13
2.425112e+09, 1.000000e+00, 2.448657e+13, 0.000000e+00, 4.802202e+13
2.501828e+09, 1.000000e+00, 2.526118e+13, 0.000000e+00, 4.954115e+13
2.259457e+09, 1.250000e-01, 2.281394e+13, -8.750000e-01, 4.474173e+13
2.436362e+09, 1.250000e-01, 2.460015e+13, -8.750000e-01, 4.824478e+13
2.157370e+09, 1.250000e-01, 2.178315e+13, -8.750000e-01, 4.272019e+13
2.132647e+09, 1.250000e-01, 2.153352e+13, -8.750000e-01, 4.223063e+13
2.441800e+09, 1.250000e-01, 2.465506e+13, -8.750000e-01, 4.835247e+13
2.046253e+09, 1.250000e-01, 2.066119e+13, -8.750000e-01, 4.051986e+13
2.095558e+09, 1.250000e-01, 2.115903e+13, -8.750000e-01, 4.149620e+13
2.091710e+09, 1.250000e-01, 2.112018e+13, -8.750000e-01, 4.142000e+13
2.376680e+09, 1.250000e-01, 2.399755e+13, -8.750000e-01, 4.706298e+13
2.341094e+09, 1.250000e-01, 2.363823e+13, -8.750000e-01, 4.635829e+13
2.029911e+09, 1.250000e-01, 2.049619e+13, -8.750000e-01, 4.019625e+13
2.435985e+09, 1.250000e-01, 2.459636e+13, -8.750000e-01, 4.823733e+13
