1.492910e+03, 1.000000e+00, 1.507405e+07, 0.000000e+00, 2.956258e+07
1.506305e+03, 1.000000e+00, 1.520930e+07, 0.000000e+00, 2.982783e+07
1.463581e+03, 1.000000e+00, 1.477790e+07, 0.000000e+00, 2.898180e+07
1.490469e+03, 1.000000e+00, 1.493106e+07, 0.000000e+00, 2.928218e+07
1.504101e+03, 1.000000e+00, 1.518704e+07, 0.000000e+00, 2.978417e+07
1.468598e+03, 1.000000e+00, 1.482856e+07, 0.000000e+00, 2.908115e+07
1.480568e+03, 1.000000e+00, 1.494943e+07, 0.000000e+00, 2.931818e+07
1.425477e+03, 1.000000e+00, 1.439317e+07, 0.000000e+00, 2.822727e+07
1.453944e+03, 1.000000e+00, 1.468060e+07, 0.000000e+00, 2.879097e+07
1.437061e+03, 1.000000e+00, 1.451013e+07, 0.000000e+00, 2.845664e+07
1.295558e+03, 1.000000e+00, 1.308136e+07, 0.000000e+00, 2.565461e+07
1.439206e+03, 1.000000e+00, 1.453178e+07, 0.000000e+00, 2.849912e+07
1.407360e+03, 1.000000e+00, 1.421024e+07, 0.000000e+00, 2.786852e+07
1.388264e+03, 1.000000e+00, 1.401742e+07, 0.000000e+00, 2.749037e+07
1.380920e+03, 1.000000e+00, 1.394327e+07, 0.000000e+00, 2.734496e+07
1.354237e+03, 1.000000e+00, 1.367385e+07, 0.000000e+00, 2.681658e+07
1.377615e+03, 1.000000e+00, 1.390989e+07, 0.000000e+00, 2.727950e+07
1.300679e+03, 1.000000e+00, 1.313307e+07, 0.000000e+00, 2.575603e+07
1.282768e+03, 1.000000e+00, 1.295222e+07, 0.000000e+00, 2.540134e+07
1.253089e+03, 1.000000e+00, 1.265255e+07, 0.000000e+00, 2.481365e+07
1.213890e+03, 1.000000e+00, 1.225675e+07, 0.000000e+00, 2.403742e+07
1.235041e+03, 1.000000e+00, 1.247032e+07, 0.000000e+00, 2.445626e+07
1.246271e+03, 1.000000e+00, 1.258371e+07, 0.000000e+00, 2.467864e+07
1.176003e+03, 1.000000e+00, 1.187420e+07, 0.000000e+00, 2.328719e+07
1.192458e+03, 1.000000e+00, 1.204035e+07, 0.000000e+00, 2.361303e+07
1.227712e+03, 1.000000e+00, 1.239640e+07, 0.000000e+00, 2.431112e+07
1.215041e+03, 1.000000e+00, 1.226837e+07, 0.000000e+00, 2.406021e+07
1.187592e+03, 1.000000e+00, 1.199122e+07, 0.000000e+00, 2.351668e+07
1.177077e+03, 1.000000e+00, 1.188504e+07, 0.000000e+00, 2.330844e+07
1.196606e+03, 1.000000e+00, 1.208223e+07, 0.000000e+00, 2.369517e+07
1.229293e+03, 1.000000e+00, 1.241228e+07, 0.000000e+00, 2.434243e+07
1.136037e+03, 1.000000e+00, 1.147066e+07, 0.000000e+00, 2.249578e+07
1.122468e+03, 1.000000e+00, 1.133365e+07, 0.000000e+00, 2.222708e+07
1.076060e+03, 1.000000e+00, 1.086507e+07, 0.000000e+00, 2.130811e+07
1.110755e+03, 1.000000e+00, 1.121539e+07, 0.000000e+00, 2.199516e+07
1.105854e+03, 1.000000e+00, 1.116590e+07, 0.000000e+00, 2.189809e+07
1.147143e+03, 1.000000e+00, 1.158281e+07, 0.000000e+00, 2.271571e+07
1.120362e+03, 1.000000e+00, 1.131239e+07, 0.000000e+00, 2.218538e+07
1.164524e+03, 1.000000e+00, 1.175830e+07, 0.000000e+00, 2.305988e+07
1.129501e+03, 1.000000e+00, 1.140467e+07, 0.000000e+00, 2.236636e+07
1.132976e+03, 1.000000e+00, 1.143976e+07, 0.000000e+00, 2.243517e+07
1.009186e+03, 1.000000e+00, 1.018983e+07, 0.000000e+00, 1.998387e+07
9.735719e+02, 1.000000e+00, 9.830240e+06, 0.000000e+00, 1.927865e+07
9.600560e+02, 1.000000e+00, 9.693768e+06, 0.000000e+00, 1.901101e+07
1.068965e+03, 1.000000e+00, 1.079343e+07, 0.000000e+00, 2.116761e+07
1.040716e+03, 1.000000e+00, 1.046135e+07, 0.000000e+00, 2.051636e+07
1.008233e+03, 1.000000e+00, 1.018022e+07, 0.000000e+00, 1.996501e+07
9.999823e+02, 1.000000e+00, 1.009691e+07, 0.000000e+00, 1.980163e+07
9.968353e+02, 1.000000e+00, 1.006513e+07, 0.000000e+00, 1.973931e+07
1.041355e+03, 1.000000e+00, 1.051465e+07, 0.000000e+00, 2.062089e+07
1.049796e+03, 1.000000e+00, 1.059988e+07, 0.000000e+00, 2.078803e+07
9.844280e+02, 1.000000e+00, 9.939855e+06, 0.000000e+00, 1.949362e+07
9.833029e+02, 1.000000e+00, 9.928494e+06, 0.000000e+00, 1.947134e+07
9.218797e+02, 1.000000e+00, 9.308298e+06, 0.000000e+00, 1.825504e+07
9.280598e+02, 1.000000e+00, 9.370700e+06, 0.000000e+00, 1.837742e+07
8.908498e+02, 1.000000e+00, 8.994987e+06, 0.000000e+00, 1.764059e+07
9.717615e+02, 1.000000e+00, 9.811960e+06, 0.000000e+00, 1.924280e+07
8.867858e+02, 1.000000e+00, 8.953952e+06, 0.000000e+00, 1.756011e+07
1.123708e+03, 1.000000e+00, 1.134618e+07, 0.000000e+00, 2.225165e+07
1.179404e+03, 1.000000e+00, 1.190854e+07, 0.000000e+00, 2.335453e+07
8.856598e+02, 1.000000e+00, 8.942583e+06, 0.000000e+00, 1.753782e+07
1.485051e+03, 1.000000e+00, 1.493136e+07, 0.000000e+00, 2.927875e+07
1.472937e+03, 1.000000e+00, 1.487237e+07, 0.000000e+00, 2.916707e+07
1.472972e+03, 1.000000e+00, 1.487273e+07, 0.000000e+00, 2.916776e+07
1.455507e+03, 1.000000e+00, 1.469638e+07, 0.000000e+00, 2.882192e+07
1.331220e+03, 1.000000e+00, 1.344145e+07, 0.000000e+00, 2.636080e+07
1.284215e+03, 1.000000e+00, 1.296683e+07, 0.000000e+00, 2.543001e+07
1.200380e+03, 1.000000e+00, 1.212035e+07, 0.000000e+00, 2.376991e+07
1.333286e+03, 1.000000e+00, 1.346231e+07, 0.000000e+00, 2.640171e+07
1.303927e+03, 1.000000e+00, 1.316586e+07, 0.000000e+00, 2.582033e+07
1.304200e+03, 1.000000e+00, 1.310351e+07, 0.000000e+00, 2.570207e+07
1.311159e+03, 1.000000e+00, 1.323888e+07, 0.000000e+00, 2.596353e+07
1.297762e+03, 1.000000e+00, 1.310362e+07, 0.000000e+00, 2.569826e+07
1.192835e+03, 1.000000e+00, 1.204416e+07, 0.000000e+00, 2.362050e+07
1.109896e+03, 1.000000e+00, 1.120671e+07, 0.000000e+00, 2.197813e+07
1.139965e+03, 1.000000e+00, 1.151033e+07, 0.000000e+00, 2.257357e+07
1.251666e+03, 1.000000e+00, 1.263819e+07, 0.000000e+00, 2.478547e+07
1.221109e+03, 1.000000e+00, 1.232965e+07, 0.000000e+00, 2.418038e+07
1.052718e+03, 1.000000e+00, 1.061874e+07, 0.000000e+00, 2.082503e+07
9.960982e+02, 1.000000e+00, 1.005769e+07, 0.000000e+00, 1.972472e+07
1.104071e+03, 1.000000e+00, 1.114790e+07, 0.000000e+00, 2.186278e+07
1.124663e+03, 1.000000e+00, 1.135582e+07, 0.000000e+00, 2.227055e+07
9.182292e+02, 1.000000e+00, 9.271439e+06, 0.000000e+00, 1.818275e+07
1.126353e+03, 1.000000e+00, 1.137289e+07, 0.000000e+00, 2.230403e+07
1.111663e+03, 1.000000e+00, 1.122456e+07, 0.000000e+00, 2.201313e+07
1.097192e+03, 1.000000e+00, 1.107844e+07, 0.000000e+00, 2.172658e+07
1.073232e+03, 1.000000e+00, 1.083651e+07, 0.000000e+00, 2.125211e+07
1.107202e+03, 1.000000e+00, 1.117951e+07, 0.000000e+00, 2.192478e+07
9.998803e+02, 1.250000e-01, 1.009588e+07, -8.750000e-01, 1.979961e+07
1.078128e+03, 1.250000e-01, 1.088595e+07, -8.750000e-01, 2.134907e+07
9.546760e+02, 1.250000e-01, 9.639446e+06, -8.750000e-01, 1.890448e+07
9.437288e+02, 1.250000e-01, 9.528911e+06, -8.750000e-01, 1.868770e+07
1.080621e+03, 1.250000e-01, 1.091113e+07, -8.750000e-01, 2.139844e+07
9.054737e+02, 1.250000e-01, 9.142646e+06, -8.750000e-01, 1.793017e+07
9.273059e+02, 1.250000e-01, 9.363088e+06, -8.750000e-01, 1.836249e+07
9.256020e+02, 1.250000e-01, 9.345883e+06, -8.750000e-01, 1.832875e+07
1.051786e+03, 1.250000e-01, 1.061998e+07, -8.750000e-01, 2.082745e+07
1.036029e+03, 1.250000e-01, 1.046087e+07, -8.750000e-01, 2.051542e+07
8.982374e+02, 1.250000e-01, 9.069580e+06, -8.750000e-01, 1.778688e+07
1.078047e+03, 1.250000e-01, 1.088513e+07, -8.750000e-01, 2.134745e+07
