3.777971e+12, 1.000000e+00, 3.814650e+16, 0.000000e+00, 7.481130e+16
3.811855e+12, 1.000000e+00, 3.848863e+16, 0.000000e+00, 7.548227e+16
3.703779e+12, 1.000000e+00, 3.739738e+16, 0.000000e+00, 7.334216e+16
3.740029e+12, 1.000000e+00, 3.776339e+16, 0.000000e+00, 7.405997e+16
3.806278e+12, 1.000000e+00, 3.843232e+16, 0.000000e+00, 7.537183e+16
3.716471e+12, 1.000000e+00, 3.752553e+16, 0.000000e+00, 7.359349e+16
3.746751e+12, 1.000000e+00, 3.783127e+16, 0.000000e+00, 7.419308e+16
3.607393e+12, 1.000000e+00, 3.642416e+16, 0.000000e+00, 7.143353e+16
3.679403e+12, 1.000000e+00, 3.715125e+16, 0.000000e+00, 7.285946e+16
3.636694e+12, 1.000000e+00, 3.672002e+16, 0.000000e+00, 7.201375e+16
3.278751e+12, 1.000000e+00, 3.310583e+16, 0.000000e+00, 6.492576e+16
3.642120e+12, 1.000000e+00, 3.677480e+16, 0.000000e+00, 7.212119e+16
3.561565e+12, 1.000000e+00, 3.596143e+16, 0.000000e+00, 7.052603e+16
3.513258e+12, 1.000000e+00, 3.547367e+16, 0.000000e+00, 6.956946e+16
3.494682e+12, 1.000000e+00, 3.528611e+16, 0.000000e+00, 6.920163e+16
3.427186e+12, 1.000000e+00, 3.460460e+16, 0.000000e+00, 6.786507e+16
3.486320e+12, 1.000000e+00, 3.520168e+16, 0.000000e+00, 6.903605e+16
3.291706e+12, 1.000000e+00, 3.323665e+16, 0.000000e+00, 6.518230e+16
3.246397e+12, 1.000000e+00, 3.277915e+16, 0.000000e+00, 6.428509e+16
3.171323e+12, 1.000000e+00, 3.202113e+16, 0.000000e+00, 6.279848e+16
3.072165e+12, 1.000000e+00, 3.101991e+16, 0.000000e+00, 6.083495e+16
3.125668e+12, 1.000000e+00, 3.156014e+16, 0.000000e+00, 6.189442e+16
3.154077e+12, 1.000000e+00, 3.184699e+16, 0.000000e+00, 6.245696e+16
2.976327e+12, 1.000000e+00, 3.005223e+16, 0.000000e+00, 5.893716e+16
3.017951e+12, 1.000000e+00, 3.047252e+16, 0.000000e+00, 5.976141e+16
3.107149e+12, 1.000000e+00, 3.137316e+16, 0.000000e+00, 6.152771e+16
3.075076e+12, 1.000000e+00, 3.104931e+16, 0.000000e+00, 6.089260e+16
3.005643e+12, 1.000000e+00, 3.034824e+16, 0.000000e+00, 5.951768e+16
2.979042e+12, 1.000000e+00, 3.007965e+16, 0.000000e+00, 5.899094e+16
3.028444e+12, 1.000000e+00, 3.057846e+16, 0.000000e+00, 5.996918e+16
3.111128e+12, 1.000000e+00, 3.141333e+16, 0.000000e+00, 6.160650e+16
2.875229e+12, 1.000000e+00, 2.903144e+16, 0.000000e+00, 5.693523e+16
2.840905e+12, 1.000000e+00, 2.868486e+16, 0.000000e+00, 5.625554e+16
2.723511e+12, 1.000000e+00, 2.749953e+16, 0.000000e+00, 5.393091e+16
2.811278e+12, 1.000000e+00, 2.838571e+16, 0.000000e+00, 5.566886e+16
2.798878e+12, 1.000000e+00, 2.826052e+16, 0.000000e+00, 5.542333e+16
2.903324e+12, 1.000000e+00, 2.931512e+16, 0.000000e+00, 5.749157e+16
2.835577e+12, 1.000000e+00, 2.863107e+16, 0.000000e+00, 5.615004e+16
2.947289e+12, 1.000000e+00, 2.975904e+16, 0.000000e+00, 5.836217e+16
2.858696e+12, 1.000000e+00, 2.886451e+16, 0.000000e+00, 5.660785e+16
2.867486e+12, 1.000000e+00, 2.895326e+16, 0.000000e+00, 5.678190e+16
2.554348e+12, 1.000000e+00, 2.579147e+16, 0.000000e+00, 5.058114e+16
2.464260e+12, 1.000000e+00, 2.488185e+16, 0.000000e+00, 4.879723e+16
2.430070e+12, 1.000000e+00, 2.453663e+16, 0.000000e+00, 4.812020e+16
2.705564e+12, 1.000000e+00, 2.731831e+16, 0.000000e+00, 5.357552e+16
2.623768e+12, 1.000000e+00, 2.649242e+16, 0.000000e+00, 5.195581e+16
2.551938e+12, 1.000000e+00, 2.576714e+16, 0.000000e+00, 5.053343e+16
2.532271e+12, 1.000000e+00, 2.556856e+16, 0.000000e+00, 5.014398e+16
2.523107e+12, 1.000000e+00, 2.547603e+16, 0.000000e+00, 4.996251e+16
2.635723e+12, 1.000000e+00, 2.661312e+16, 0.000000e+00, 5.219253e+16
2.657074e+12, 1.000000e+00, 2.682871e+16, 0.000000e+00, 5.261534e+16
2.491721e+12, 1.000000e+00, 2.515913e+16, 0.000000e+00, 4.934102e+16
2.488875e+12, 1.000000e+00, 2.513039e+16, 0.000000e+00, 4.928466e+16
2.333500e+12, 1.000000e+00, 2.356155e+16, 0.000000e+00, 4.620792e+16
2.349133e+12, 1.000000e+00, 2.371940e+16, 0.000000e+00, 4.651749e+16
2.255007e+12, 1.000000e+00, 2.276901e+16, 0.000000e+00, 4.465361e+16
2.459680e+12, 1.000000e+00, 2.483561e+16, 0.000000e+00, 4.870654e+16
2.244727e+12, 1.000000e+00, 2.266520e+16, 0.000000e+00, 4.445004e+16
2.844043e+12, 1.000000e+00, 2.871655e+16, 0.000000e+00, 5.631767e+16
2.984929e+12, 1.000000e+00, 3.013909e+16, 0.000000e+00, 5.910751e+16
2.241879e+12, 1.000000e+00, 2.263644e+16, 0.000000e+00, 4.439364e+16
3.742221e+12, 1.000000e+00, 3.778553e+16, 0.000000e+00, 7.410338e+16
3.727866e+12, 1.000000e+00, 3.764059e+16, 0.000000e+00, 7.381913e+16
3.727535e+12, 1.000000e+00, 3.763725e+16, 0.000000e+00, 7.381258e+16
3.683356e+12, 1.000000e+00, 3.719117e+16, 0.000000e+00, 7.293775e+16
3.368962e+12, 1.000000e+00, 3.401670e+16, 0.000000e+00, 6.671212e+16
3.250059e+12, 1.000000e+00, 3.281613e+16, 0.000000e+00, 6.435761e+16
3.037992e+12, 1.000000e+00, 3.067487e+16, 0.000000e+00, 6.015825e+16
3.374189e+12, 1.000000e+00, 3.406948e+16, 0.000000e+00, 6.681562e+16
3.299920e+12, 1.000000e+00, 3.331958e+16, 0.000000e+00, 6.534496e+16
3.281102e+12, 1.000000e+00, 3.312957e+16, 0.000000e+00, 6.497232e+16
3.318214e+12, 1.000000e+00, 3.350430e+16, 0.000000e+00, 6.570721e+16
3.284328e+12, 1.000000e+00, 3.316214e+16, 0.000000e+00, 6.503619e+16
3.018905e+12, 1.000000e+00, 3.048215e+16, 0.000000e+00, 5.978030e+16
2.809102e+12, 1.000000e+00, 2.836375e+16, 0.000000e+00, 5.562579e+16
2.885167e+12, 1.000000e+00, 2.913178e+16, 0.000000e+00, 5.713201e+16
3.167724e+12, 1.000000e+00, 3.198478e+16, 0.000000e+00, 6.272720e+16
3.090427e+12, 1.000000e+00, 3.120431e+16, 0.000000e+00, 6.119657e+16
2.662539e+12, 1.000000e+00, 2.688389e+16, 0.000000e+00, 5.272354e+16
2.521242e+12, 1.000000e+00, 2.545720e+16, 0.000000e+00, 4.992559e+16
2.794367e+12, 1.000000e+00, 2.821497e+16, 0.000000e+00, 5.533401e+16
2.846458e+12, 1.000000e+00, 2.874093e+16, 0.000000e+00, 5.636550e+16
2.324266e+12, 1.000000e+00, 2.346831e+16, 0.000000e+00, 4.602506e+16
2.850734e+12, 1.000000e+00, 2.878411e+16, 0.000000e+00, 5.645018e+16
2.813573e+12, 1.000000e+00, 2.840890e+16, 0.000000e+00, 5.571432e+16
2.776968e+12, 1.000000e+00, 2.803929e+16, 0.000000e+00, 5.498946e+16
2.716358e+12, 1.000000e+00, 2.742731e+16, 0.000000e+00, 5.378927e+16
2.802288e+12, 1.000000e+00, 2.829494e+16, 0.000000e+00, 5.549084e+16
2.530809e+12, 1.250000e-01, 2.555380e+16, -8.750000e-01, 5.011504e+16
2.728959e+12, 1.250000e-01, 2.755454e+16, -8.750000e-01, 5.403879e+16
2.416461e+12, 1.250000e-01, 2.439922e+16, -8.750000e-01, 4.785072e+16
2.388769e+12, 1.250000e-01, 2.411961e+16, -8.750000e-01, 4.730236e+16
2.735050e+12, 1.250000e-01, 2.761604e+16, -8.750000e-01, 5.415941e+16
2.292000e+12, 1.250000e-01, 2.314252e+16, -8.750000e-01, 4.538613e+16
2.347226e+12, 1.250000e-01, 2.370015e+16, -8.750000e-01, 4.647973e+16
2.342916e+12, 1.250000e-01, 2.365663e+16, -8.750000e-01, 4.639438e+16
2.662110e+12, 1.250000e-01, 2.687956e+16, -8.750000e-01, 5.271505e+16
2.622250e+12, 1.250000e-01, 2.647708e+16, -8.750000e-01, 5.192573e+16
2.273695e+12, 1.250000e-01, 2.295770e+16, -8.750000e-01, 4.502366e+16
2.728537e+12, 1.250000e-01, 2.755028e+16, -8.750000e-01, 5.403044e+16
