1.489453e+02, 1.000000e+00, 1.156366e+03, 0.000000e+00, 2.561632e+03
1.130578e-01, 1.000000e+00, 1.145457e+03, 0.000000e+00, 2.238053e+03
1.467722e+02, 1.000000e+00, 1.118769e+03, 0.000000e+00, 2.483600e+03
1.118598e-01, 1.000000e+00, 1.133337e+03, 0.000000e+00, 2.214441e+03
1.136349e-01, 1.000000e+00, 1.151149e+03, 0.000000e+00, 2.249427e+03
1.079479e-01, 1.000000e+00, 1.093797e+03, 0.000000e+00, 2.137337e+03
1.106743e-01, 1.000000e+00, 1.121197e+03, 0.000000e+00, 2.191074e+03
1.054758e-01, 1.000000e+00, 1.068755e+03, 0.000000e+00, 2.088611e+03
1.064044e-01, 1.000000e+00, 1.078045e+03, 0.000000e+00, 2.106914e+03
1.058523e-01, 1.000000e+00, 1.072415e+03, 0.000000e+00, 2.096031e+03
1.630117e+02, 1.000000e+00, 9.747730e+02, 0.000000e+00, 2.233388e+03
1.049225e-01, 1.000000e+00, 1.062996e+03, 0.000000e+00, 2.077705e+03
1.041368e-01, 1.000000e+00, 1.055005e+03, 0.000000e+00, 2.062219e+03
1.007126e-01, 1.000000e+00, 1.020435e+03, 0.000000e+00, 1.994729e+03
1.002902e-01, 1.000000e+00, 1.016110e+03, 0.000000e+00, 1.986401e+03
1.007220e-01, 1.000000e+00, 1.020396e+03, 0.000000e+00, 1.994912e+03
1.009778e-01, 1.000000e+00, 1.022909e+03, 0.000000e+00, 1.999955e+03
9.220562e-02, 1.000000e+00, 9.343938e+02, 0.000000e+00, 1.827055e+03
9.338841e-02, 1.000000e+00, 9.462568e+02, 0.000000e+00, 1.850367e+03
8.766113e-02, 1.000000e+00, 8.884178e+02, 0.000000e+00, 1.737482e+03
1.830101e+02, 1.000000e+00, 8.997552e+02, 0.000000e+00, 2.125887e+03
8.746997e-02, 1.000000e+00, 8.864488e+02, 0.000000e+00, 1.733715e+03
8.853494e-02, 1.000000e+00, 8.971268e+02, 0.000000e+00, 1.754705e+03
8.102463e-02, 1.000000e+00, 8.212743e+02, 0.000000e+00, 1.606677e+03
8.212053e-02, 1.000000e+00, 8.322696e+02, 0.000000e+00, 1.628277e+03
8.749840e-02, 1.000000e+00, 8.864718e+02, 0.000000e+00, 1.734275e+03
8.648420e-02, 1.000000e+00, 8.761729e+02, 0.000000e+00, 1.714285e+03
8.301110e-02, 1.000000e+00, 8.410598e+02, 0.000000e+00, 1.645830e+03
8.188801e-02, 1.000000e+00, 8.296589e+02, 0.000000e+00, 1.623694e+03
8.456506e-02, 1.000000e+00, 8.566097e+02, 0.000000e+00, 1.676459e+03
8.804928e-02, 1.000000e+00, 8.916997e+02, 0.000000e+00, 1.745133e+03
7.889866e-02, 1.000000e+00, 7.992868e+02, 0.000000e+00, 1.564774e+03
7.812060e-02, 1.000000e+00, 7.887853e+02, 0.000000e+00, 1.549438e+03
7.390394e-02, 1.000000e+00, 7.487949e+02, 0.000000e+00, 1.466327e+03
7.740317e-02, 1.000000e+00, 7.840582e+02, 0.000000e+00, 1.535297e+03
2.298594e+02, 1.000000e+00, 7.909360e+02, 0.000000e+00, 2.005050e+03
8.145175e-02, 1.000000e+00, 8.248900e+02, 0.000000e+00, 1.615095e+03
2.224276e+02, 1.000000e+00, 8.121179e+02, 0.000000e+00, 2.032099e+03
8.373348e-02, 1.000000e+00, 8.478790e+02, 0.000000e+00, 1.660068e+03
8.061688e-02, 1.000000e+00, 8.163616e+02, 0.000000e+00, 1.598640e+03
2.179076e+02, 1.000000e+00, 8.309559e+02, 0.000000e+00, 2.060088e+03
6.967932e-02, 1.000000e+00, 7.059162e+02, 0.000000e+00, 1.383060e+03
6.630933e-02, 1.000000e+00, 6.718196e+02, 0.000000e+00, 1.316637e+03
1.017015e+01, 1.000000e+00, 6.685666e+02, 0.000000e+00, 1.329845e+03
2.287047e+02, 1.000000e+00, 7.721843e+02, 0.000000e+00, 1.966220e+03
7.281428e-02, 1.000000e+00, 7.374955e+02, 0.000000e+00, 1.444850e+03
2.366874e+02, 1.000000e+00, 7.156769e+02, 0.000000e+00, 1.871219e+03
2.300205e+02, 1.000000e+00, 7.155457e+02, 0.000000e+00, 1.857988e+03
2.247499e+02, 1.000000e+00, 7.083089e+02, 0.000000e+00, 1.833127e+03
7.371435e-02, 1.000000e+00, 7.466189e+02, 0.000000e+00, 1.462590e+03
7.464504e-02, 1.000000e+00, 7.559466e+02, 0.000000e+00, 1.480934e+03
6.901809e-02, 1.000000e+00, 6.990807e+02, 0.000000e+00, 1.370027e+03
6.936156e-02, 1.000000e+00, 7.024815e+02, 0.000000e+00, 1.376797e+03
6.357762e-02, 1.000000e+00, 6.440191e+02, 0.000000e+00, 1.262795e+03
6.500007e-02, 1.000000e+00, 6.583156e+02, 0.000000e+00, 1.290831e+03
6.217498e-02, 1.000000e+00, 6.297236e+02, 0.000000e+00, 1.235149e+03
6.946344e-02, 1.000000e+00, 7.032474e+02, 0.000000e+00, 1.378805e+03
4.805316e+00, 1.000000e+00, 6.214191e+02, 0.000000e+00, 1.223969e+03
8.268227e-02, 1.000000e+00, 8.365423e+02, 0.000000e+00, 1.639349e+03
8.814210e-02, 1.000000e+00, 8.915708e+02, 0.000000e+00, 1.746962e+03
6.230240e-02, 1.000000e+00, 6.306895e+02, 0.000000e+00, 1.237660e+03
1.349482e+02, 1.000000e+00, 1.169735e+03, 0.000000e+00, 2.560126e+03
2.096168e-01, 1.000000e+00, 1.171073e+03, 0.000000e+00, 1.932456e+03
1.338317e+02, 1.000000e+00, 1.173004e+03, 0.000000e+00, 2.564325e+03
1.282847e+02, 1.000000e+00, 1.168050e+03, 0.000000e+00, 2.543623e+03
1.025700e-01, 1.000000e+00, 1.036994e+03, 0.000000e+00, 2.031337e+03
1.666015e+02, 1.000000e+00, 9.969144e+02, 0.000000e+00, 2.283879e+03
9.066705e-02, 1.000000e+00, 9.168905e+02, 0.000000e+00, 1.796729e+03
1.037201e-01, 1.000000e+00, 1.048479e+03, 0.000000e+00, 2.054005e+03
1.003703e-01, 1.000000e+00, 1.014628e+03, 0.000000e+00, 1.987981e+03
5.035302e+00, 1.000000e+00, 1.025761e+03, 0.000000e+00, 2.019588e+03
1.544670e+02, 1.000000e+00, 1.036379e+03, 0.000000e+00, 2.337273e+03
1.525603e+02, 1.000000e+00, 1.019801e+03, 0.000000e+00, 2.300987e+03
5.491728e+00, 1.000000e+00, 9.210894e+02, 0.000000e+00, 1.813628e+03
2.005492e+02, 1.000000e+00, 8.432145e+02, 0.000000e+00, 2.049704e+03
8.624957e-02, 1.000000e+00, 8.708506e+02, 0.000000e+00, 1.709661e+03
1.550580e+02, 1.000000e+00, 9.737947e+02, 0.000000e+00, 2.215716e+03
5.099272e+00, 1.000000e+00, 9.536687e+02, 0.000000e+00, 1.877521e+03
2.107135e+02, 1.000000e+00, 7.840963e+02, 0.000000e+00, 1.953948e+03
7.218759e-02, 1.000000e+00, 7.288635e+02, 0.000000e+00, 1.432498e+03
8.271294e-02, 1.000000e+00, 8.364715e+02, 0.000000e+00, 1.639953e+03
8.496231e-02, 1.000000e+00, 8.590990e+02, 0.000000e+00, 1.684289e+03
6.631729e-02, 1.000000e+00, 6.709826e+02, 0.000000e+00, 1.316794e+03
8.579190e-02, 1.000000e+00, 8.673245e+02, 0.000000e+00, 1.700640e+03
8.462873e-02, 1.000000e+00, 8.555291e+02, 0.000000e+00, 1.677714e+03
8.350183e-02, 1.000000e+00, 8.431642e+02, 0.000000e+00, 1.655502e+03
8.127278e-02, 1.000000e+00, 8.216196e+02, 0.000000e+00, 1.611568e+03
8.451922e-02, 1.000000e+00, 8.542925e+02, 0.000000e+00, 1.675555e+03
7.475101e-02, 1.250000e-01, 7.547559e+02, -8.750000e-01, 1.483216e+03
2.183858e+02, 1.250000e-01, 8.259550e+02, -8.750000e-01, 2.051223e+03
2.618148e+02, 1.250000e-01, 7.015749e+02, -8.750000e-01, 1.893327e+03
2.543873e+02, 1.250000e-01, 7.033303e+02, -8.750000e-01, 1.882059e+03
1.955399e+02, 1.250000e-01, 8.334733e+02, -8.750000e-01, 2.020718e+03
6.656296e-02, 1.250000e-01, 6.733062e+02, -8.750000e-01, 1.321829e+03
2.537289e+02, 1.250000e-01, 6.815334e+02, -8.750000e-01, 1.838012e+03
6.845816e-02, 1.250000e-01, 6.923753e+02, -8.750000e-01, 1.359184e+03
8.051792e-02, 1.250000e-01, 8.138947e+02, -8.750000e-01, 1.596882e+03
7.918064e-02, 1.250000e-01, 8.003461e+02, -8.750000e-01, 1.570524e+03
6.635864e-02, 1.250000e-01, 6.710122e+02, -8.750000e-01, 1.317802e+03
1.977116e+02, 1.250000e-01, 8.303167e+02, -8.750000e-01, 2.018829e+03
