3.948086e+04, 1.000000e+00, 3.986417e+08, 0.000000e+00, 7.817992e+08
3.983496e+04, 1.000000e+00, 4.022170e+08, 0.000000e+00, 7.888110e+08
3.870554e+04, 1.000000e+00, 3.908132e+08, 0.000000e+00, 7.664463e+08
3.908435e+04, 1.000000e+00, 3.946381e+08, 0.000000e+00, 7.739476e+08
3.977667e+04, 1.000000e+00, 4.016285e+08, 0.000000e+00, 7.876569e+08
3.883817e+04, 1.000000e+00, 3.921524e+08, 0.000000e+00, 7.690727e+08
3.915460e+04, 1.000000e+00, 3.953474e+08, 0.000000e+00, 7.753386e+08
3.769827e+04, 1.000000e+00, 3.806428e+08, 0.000000e+00, 7.465005e+08
3.845080e+04, 1.000000e+00, 3.882411e+08, 0.000000e+00, 7.614019e+08
3.800448e+04, 1.000000e+00, 3.837345e+08, 0.000000e+00, 7.525639e+08
3.426387e+04, 1.000000e+00, 3.459653e+08, 0.000000e+00, 6.784925e+08
3.806118e+04, 1.000000e+00, 3.843071e+08, 0.000000e+00, 7.536868e+08
3.721935e+04, 1.000000e+00, 3.758070e+08, 0.000000e+00, 7.370169e+08
3.671454e+04, 1.000000e+00, 3.707099e+08, 0.000000e+00, 7.270205e+08
3.652042e+04, 1.000000e+00, 3.687498e+08, 0.000000e+00, 7.231766e+08
3.581506e+04, 1.000000e+00, 3.616278e+08, 0.000000e+00, 7.092091e+08
3.643303e+04, 1.000000e+00, 3.678675e+08, 0.000000e+00, 7.214462e+08
3.439926e+04, 1.000000e+00, 3.473323e+08, 0.000000e+00, 6.811734e+08
3.392576e+04, 1.000000e+00, 3.425514e+08, 0.000000e+00, 6.717973e+08
3.314122e+04, 1.000000e+00, 3.346298e+08, 0.000000e+00, 6.562618e+08
3.210499e+04, 1.000000e+00, 3.241669e+08, 0.000000e+00, 6.357423e+08
3.266411e+04, 1.000000e+00, 3.298124e+08, 0.000000e+00, 6.468142e+08
3.296099e+04, 1.000000e+00, 3.328100e+08, 0.000000e+00, 6.526929e+08
3.110345e+04, 1.000000e+00, 3.140543e+08, 0.000000e+00, 6.159100e+08
3.153844e+04, 1.000000e+00, 3.184464e+08, 0.000000e+00, 6.245236e+08
3.247059e+04, 1.000000e+00, 3.278583e+08, 0.000000e+00, 6.429819e+08
3.213541e+04, 1.000000e+00, 3.244741e+08, 0.000000e+00, 6.363448e+08
3.140982e+04, 1.000000e+00, 3.171476e+08, 0.000000e+00, 6.219765e+08
3.113183e+04, 1.000000e+00, 3.143408e+08, 0.000000e+00, 6.164719e+08
3.164809e+04, 1.000000e+00, 3.195535e+08, 0.000000e+00, 6.266948e+08
3.251217e+04, 1.000000e+00, 3.282782e+08, 0.000000e+00, 6.438053e+08
3.004695e+04, 1.000000e+00, 3.033867e+08, 0.000000e+00, 5.949892e+08
2.968826e+04, 1.000000e+00, 2.997649e+08, 0.000000e+00, 5.878862e+08
2.846146e+04, 1.000000e+00, 2.873778e+08, 0.000000e+00, 5.635932e+08
2.937864e+04, 1.000000e+00, 2.966387e+08, 0.000000e+00, 5.817553e+08
2.924907e+04, 1.000000e+00, 2.953304e+08, 0.000000e+00, 5.791894e+08
3.034055e+04, 1.000000e+00, 3.063512e+08, 0.000000e+00, 6.008031e+08
2.963258e+04, 1.000000e+00, 2.992027e+08, 0.000000e+00, 5.867837e+08
3.080000e+04, 1.000000e+00, 3.109903e+08, 0.000000e+00, 6.099011e+08
2.987418e+04, 1.000000e+00, 3.016422e+08, 0.000000e+00, 5.915680e+08
2.996604e+04, 1.000000e+00, 3.025697e+08, 0.000000e+00, 5.933869e+08
2.669365e+04, 1.000000e+00, 2.695281e+08, 0.000000e+00, 5.285872e+08
2.575221e+04, 1.000000e+00, 2.600223e+08, 0.000000e+00, 5.099448e+08
2.539492e+04, 1.000000e+00, 2.564147e+08, 0.000000e+00, 5.028697e+08
2.827390e+04, 1.000000e+00, 2.854841e+08, 0.000000e+00, 5.598793e+08
2.741912e+04, 1.000000e+00, 2.768532e+08, 0.000000e+00, 5.429528e+08
2.666847e+04, 1.000000e+00, 2.692739e+08, 0.000000e+00, 5.280885e+08
2.646295e+04, 1.000000e+00, 2.671987e+08, 0.000000e+00, 5.240188e+08
2.636718e+04, 1.000000e+00, 2.662317e+08, 0.000000e+00, 5.221223e+08
2.754405e+04, 1.000000e+00, 2.781146e+08, 0.000000e+00, 5.454267e+08
2.776718e+04, 1.000000e+00, 2.803676e+08, 0.000000e+00, 5.498451e+08
2.603919e+04, 1.000000e+00, 2.629200e+08, 0.000000e+00, 5.156276e+08
2.600945e+04, 1.000000e+00, 2.626197e+08, 0.000000e+00, 5.150386e+08
2.438573e+04, 1.000000e+00, 2.462249e+08, 0.000000e+00, 4.828858e+08
2.454911e+04, 1.000000e+00, 2.478745e+08, 0.000000e+00, 4.861209e+08
2.356546e+04, 1.000000e+00, 2.379425e+08, 0.000000e+00, 4.666428e+08
2.570435e+04, 1.000000e+00, 2.595391e+08, 0.000000e+00, 5.089971e+08
2.345803e+04, 1.000000e+00, 2.368578e+08, 0.000000e+00, 4.645154e+08
2.972105e+04, 1.000000e+00, 3.000960e+08, 0.000000e+00, 5.885356e+08
3.119335e+04, 1.000000e+00, 3.149620e+08, 0.000000e+00, 6.176901e+08
2.342826e+04, 1.000000e+00, 2.365572e+08, 0.000000e+00, 4.639260e+08
3.910726e+04, 1.000000e+00, 3.948694e+08, 0.000000e+00, 7.744012e+08
3.895725e+04, 1.000000e+00, 3.933547e+08, 0.000000e+00, 7.714307e+08
3.895380e+04, 1.000000e+00, 3.933199e+08, 0.000000e+00, 7.713623e+08
3.849211e+04, 1.000000e+00, 3.886582e+08, 0.000000e+00, 7.622200e+08
3.520660e+04, 1.000000e+00, 3.554841e+08, 0.000000e+00, 6.971605e+08
3.396403e+04, 1.000000e+00, 3.429378e+08, 0.000000e+00, 6.725551e+08
3.174787e+04, 1.000000e+00, 3.205610e+08, 0.000000e+00, 6.286707e+08
3.526122e+04, 1.000000e+00, 3.560356e+08, 0.000000e+00, 6.982420e+08
3.448510e+04, 1.000000e+00, 3.481990e+08, 0.000000e+00, 6.828732e+08
3.428844e+04, 1.000000e+00, 3.462134e+08, 0.000000e+00, 6.789791e+08
3.467627e+04, 1.000000e+00, 3.501293e+08, 0.000000e+00, 6.866589e+08
3.432215e+04, 1.000000e+00, 3.465537e+08, 0.000000e+00, 6.796465e+08
3.154841e+04, 1.000000e+00, 3.185470e+08, 0.000000e+00, 6.247210e+08
2.935591e+04, 1.000000e+00, 2.964092e+08, 0.000000e+00, 5.813052e+08
3.015080e+04, 1.000000e+00, 3.044353e+08, 0.000000e+00, 5.970456e+08
3.310361e+04, 1.000000e+00, 3.342500e+08, 0.000000e+00, 6.555170e+08
3.229583e+04, 1.000000e+00, 3.260938e+08, 0.000000e+00, 6.395214e+08
2.782428e+04, 1.000000e+00, 2.809442e+08, 0.000000e+00, 5.509759e+08
2.634769e+04, 1.000000e+00, 2.660349e+08, 0.000000e+00, 5.217364e+08
2.920193e+04, 1.000000e+00, 2.948544e+08, 0.000000e+00, 5.782560e+08
2.974628e+04, 1.000000e+00, 3.003508e+08, 0.000000e+00, 5.890353e+08
2.428923e+04, 1.000000e+00, 2.452505e+08, 0.000000e+00, 4.809749e+08
2.979097e+04, 1.000000e+00, 3.008021e+08, 0.000000e+00, 5.899203e+08
2.940264e+04, 1.000000e+00, 2.968810e+08, 0.000000e+00, 5.822304e+08
2.902010e+04, 1.000000e+00, 2.930184e+08, 0.000000e+00, 5.746554e+08
2.838671e+04, 1.000000e+00, 2.866231e+08, 0.000000e+00, 5.621131e+08
2.928470e+04, 1.000000e+00, 2.956901e+08, 0.000000e+00, 5.798950e+08
2.644767e+04, 1.250000e-01, 2.670444e+08, -8.750000e-01, 5.237163e+08
2.851839e+04, 1.250000e-01, 2.879527e+08, -8.750000e-01, 5.647206e+08
2.525270e+04, 1.250000e-01, 2.549787e+08, -8.750000e-01, 5.000535e+08
2.496331e+04, 1.250000e-01, 2.520567e+08, -8.750000e-01, 4.943230e+08
2.858204e+04, 1.250000e-01, 2.885954e+08, -8.750000e-01, 5.659811e+08
2.395204e+04, 1.250000e-01, 2.418459e+08, -8.750000e-01, 4.742979e+08
2.452918e+04, 1.250000e-01, 2.476732e+08, -8.750000e-01, 4.857262e+08
2.448413e+04, 1.250000e-01, 2.472184e+08, -8.750000e-01, 4.848343e+08
2.781980e+04, 1.250000e-01, 2.808990e+08, -8.750000e-01, 5.508872e+08
2.740325e+04, 1.250000e-01, 2.766930e+08, -8.750000e-01, 5.426386e+08
2.376075e+04, 1.250000e-01, 2.399144e+08, -8.750000e-01, 4.705100e+08
2.851399e+04, 1.250000e-01, 2.879082e+08, -8.750000e-01, 5.646334e+08
