1.730477e+14, 1.000000e+00, 1.747277e+18, 0.000000e+00, 3.426687e+18
1.745997e+14, 1.000000e+00, 1.762948e+18, 0.000000e+00, 3.457420e+18
1.696494e+14, 1.000000e+00, 1.712965e+18, 0.000000e+00, 3.359394e+18
1.713098e+14, 1.000000e+00, 1.729730e+18, 0.000000e+00, 3.392273e+18
1.743443e+14, 1.000000e+00, 1.760369e+18, 0.000000e+00, 3.452362e+18
1.702307e+14, 1.000000e+00, 1.718835e+18, 0.000000e+00, 3.370906e+18
1.716177e+14, 1.000000e+00, 1.732839e+18, 0.000000e+00, 3.398370e+18
1.652345e+14, 1.000000e+00, 1.668387e+18, 0.000000e+00, 3.271970e+18
1.685328e+14, 1.000000e+00, 1.701691e+18, 0.000000e+00, 3.337284e+18
1.665766e+14, 1.000000e+00, 1.681938e+18, 0.000000e+00, 3.298546e+18
1.501812e+14, 1.000000e+00, 1.516393e+18, 0.000000e+00, 2.973886e+18
1.668251e+14, 1.000000e+00, 1.684448e+18, 0.000000e+00, 3.303468e+18
1.631353e+14, 1.000000e+00, 1.647192e+18, 0.000000e+00, 3.230402e+18
1.609227e+14, 1.000000e+00, 1.624850e+18, 0.000000e+00, 3.186587e+18
1.600718e+14, 1.000000e+00, 1.616259e+18, 0.000000e+00, 3.169739e+18
1.569802e+14, 1.000000e+00, 1.585043e+18, 0.000000e+00, 3.108519e+18
1.596888e+14, 1.000000e+00, 1.612392e+18, 0.000000e+00, 3.162155e+18
1.507746e+14, 1.000000e+00, 1.522385e+18, 0.000000e+00, 2.985636e+18
1.486993e+14, 1.000000e+00, 1.501429e+18, 0.000000e+00, 2.944540e+18
1.452606e+14, 1.000000e+00, 1.466709e+18, 0.000000e+00, 2.876447e+18
1.407187e+14, 1.000000e+00, 1.420849e+18, 0.000000e+00, 2.786508e+18
1.431694e+14, 1.000000e+00, 1.445593e+18, 0.000000e+00, 2.835037e+18
1.444706e+14, 1.000000e+00, 1.458732e+18, 0.000000e+00, 2.860804e+18
1.363289e+14, 1.000000e+00, 1.376524e+18, 0.000000e+00, 2.699581e+18
1.382355e+14, 1.000000e+00, 1.395775e+18, 0.000000e+00, 2.737336e+18
1.423211e+14, 1.000000e+00, 1.437029e+18, 0.000000e+00, 2.818240e+18
1.408520e+14, 1.000000e+00, 1.422195e+18, 0.000000e+00, 2.789149e+18
1.376717e+14, 1.000000e+00, 1.390083e+18, 0.000000e+00, 2.726172e+18
1.364532e+14, 1.000000e+00, 1.377780e+18, 0.000000e+00, 2.702044e+18
1.387160e+14, 1.000000e+00, 1.400628e+18, 0.000000e+00, 2.746852e+18
1.425034e+14, 1.000000e+00, 1.438869e+18, 0.000000e+00, 2.821849e+18
1.316981e+14, 1.000000e+00, 1.329768e+18, 0.000000e+00, 2.607884e+18
1.301259e+14, 1.000000e+00, 1.313893e+18, 0.000000e+00, 2.576751e+18
1.247488e+14, 1.000000e+00, 1.259599e+18, 0.000000e+00, 2.470273e+18
1.287689e+14, 1.000000e+00, 1.300191e+18, 0.000000e+00, 2.549879e+18
1.282009e+14, 1.000000e+00, 1.294456e+18, 0.000000e+00, 2.538632e+18
1.329850e+14, 1.000000e+00, 1.342761e+18, 0.000000e+00, 2.633367e+18
1.298819e+14, 1.000000e+00, 1.311429e+18, 0.000000e+00, 2.571919e+18
1.349988e+14, 1.000000e+00, 1.363095e+18, 0.000000e+00, 2.673244e+18
1.309409e+14, 1.000000e+00, 1.322121e+18, 0.000000e+00, 2.592889e+18
1.313435e+14, 1.000000e+00, 1.326186e+18, 0.000000e+00, 2.600861e+18
1.170004e+14, 1.000000e+00, 1.181363e+18, 0.000000e+00, 2.316839e+18
1.128740e+14, 1.000000e+00, 1.139698e+18, 0.000000e+00, 2.235128e+18
1.113079e+14, 1.000000e+00, 1.123886e+18, 0.000000e+00, 2.204117e+18
1.239267e+14, 1.000000e+00, 1.251299e+18, 0.000000e+00, 2.453994e+18
1.201801e+14, 1.000000e+00, 1.213469e+18, 0.000000e+00, 2.379805e+18
1.168900e+14, 1.000000e+00, 1.180248e+18, 0.000000e+00, 2.314653e+18
1.159892e+14, 1.000000e+00, 1.171153e+18, 0.000000e+00, 2.296815e+18
1.155694e+14, 1.000000e+00, 1.166914e+18, 0.000000e+00, 2.288503e+18
1.207277e+14, 1.000000e+00, 1.218998e+18, 0.000000e+00, 2.390648e+18
1.217057e+14, 1.000000e+00, 1.228873e+18, 0.000000e+00, 2.410014e+18
1.141318e+14, 1.000000e+00, 1.152399e+18, 0.000000e+00, 2.260036e+18
1.140014e+14, 1.000000e+00, 1.151082e+18, 0.000000e+00, 2.257454e+18
1.068846e+14, 1.000000e+00, 1.079223e+18, 0.000000e+00, 2.116526e+18
1.076006e+14, 1.000000e+00, 1.086453e+18, 0.000000e+00, 2.130706e+18
1.032893e+14, 1.000000e+00, 1.042921e+18, 0.000000e+00, 2.045332e+18
1.126642e+14, 1.000000e+00, 1.137580e+18, 0.000000e+00, 2.230974e+18
1.028184e+14, 1.000000e+00, 1.038166e+18, 0.000000e+00, 2.036007e+18
1.302697e+14, 1.000000e+00, 1.315344e+18, 0.000000e+00, 2.579597e+18
1.367229e+14, 1.000000e+00, 1.380503e+18, 0.000000e+00, 2.707384e+18
1.026879e+14, 1.000000e+00, 1.036849e+18, 0.000000e+00, 2.033424e+18
1.714102e+14, 1.000000e+00, 1.730743e+18, 0.000000e+00, 3.394261e+18
1.707527e+14, 1.000000e+00, 1.724104e+18, 0.000000e+00, 3.381241e+18
1.707375e+14, 1.000000e+00, 1.723952e+18, 0.000000e+00, 3.380941e+18
1.687139e+14, 1.000000e+00, 1.703519e+18, 0.000000e+00, 3.340870e+18
1.543133e+14, 1.000000e+00, 1.558115e+18, 0.000000e+00, 3.055709e+18
1.488670e+14, 1.000000e+00, 1.503123e+18, 0.000000e+00, 2.947862e+18
1.391534e+14, 1.000000e+00, 1.405044e+18, 0.000000e+00, 2.755513e+18
1.545527e+14, 1.000000e+00, 1.560532e+18, 0.000000e+00, 3.060449e+18
1.511509e+14, 1.000000e+00, 1.526184e+18, 0.000000e+00, 2.993087e+18
1.502889e+14, 1.000000e+00, 1.517480e+18, 0.000000e+00, 2.976018e+18
1.519888e+14, 1.000000e+00, 1.534644e+18, 0.000000e+00, 3.009679e+18
1.504367e+14, 1.000000e+00, 1.518972e+18, 0.000000e+00, 2.978944e+18
1.382791e+14, 1.000000e+00, 1.396216e+18, 0.000000e+00, 2.738201e+18
1.286692e+14, 1.000000e+00, 1.299185e+18, 0.000000e+00, 2.547906e+18
1.321533e+14, 1.000000e+00, 1.334364e+18, 0.000000e+00, 2.616897e+18
1.450957e+14, 1.000000e+00, 1.465044e+18, 0.000000e+00, 2.873182e+18
1.415551e+14, 1.000000e+00, 1.429295e+18, 0.000000e+00, 2.803072e+18
1.219560e+14, 1.000000e+00, 1.231400e+18, 0.000000e+00, 2.414970e+18
1.154840e+14, 1.000000e+00, 1.166052e+18, 0.000000e+00, 2.286811e+18
1.279943e+14, 1.000000e+00, 1.292370e+18, 0.000000e+00, 2.534541e+18
1.303803e+14, 1.000000e+00, 1.316461e+18, 0.000000e+00, 2.581788e+18
1.064616e+14, 1.000000e+00, 1.074952e+18, 0.000000e+00, 2.108150e+18
1.305762e+14, 1.000000e+00, 1.318439e+18, 0.000000e+00, 2.585667e+18
1.288740e+14, 1.000000e+00, 1.301252e+18, 0.000000e+00, 2.551961e+18
1.271973e+14, 1.000000e+00, 1.284323e+18, 0.000000e+00, 2.518759e+18
1.244212e+14, 1.000000e+00, 1.256291e+18, 0.000000e+00, 2.463785e+18
1.283571e+14, 1.000000e+00, 1.296033e+18, 0.000000e+00, 2.541725e+18
1.159222e+14, 1.250000e-01, 1.170477e+18, -8.750000e-01, 2.295489e+18
1.249983e+14, 1.250000e-01, 1.262119e+18, -8.750000e-01, 2.475214e+18
1.106846e+14, 1.250000e-01, 1.117592e+18, -8.750000e-01, 2.191773e+18
1.094161e+14, 1.250000e-01, 1.104784e+18, -8.750000e-01, 2.166656e+18
1.252773e+14, 1.250000e-01, 1.264936e+18, -8.750000e-01, 2.480739e+18
1.049837e+14, 1.250000e-01, 1.060029e+18, -8.750000e-01, 2.078885e+18
1.075133e+14, 1.250000e-01, 1.085571e+18, -8.750000e-01, 2.128976e+18
1.073159e+14, 1.250000e-01, 1.083578e+18, -8.750000e-01, 2.125067e+18
1.219364e+14, 1.250000e-01, 1.231202e+18, -8.750000e-01, 2.414581e+18
1.201106e+14, 1.250000e-01, 1.212767e+18, -8.750000e-01, 2.378427e+18
1.041452e+14, 1.250000e-01, 1.051563e+18, -8.750000e-01, 2.062282e+18
1.249790e+14, 1.250000e-01, 1.261924e+18, -8.750000e-01, 2.474832e+18
