6.887919e+08, 1.000000e+00, 6.954792e+12, 0.000000e+00, 1.363944e+13
6.949696e+08, 1.000000e+00, 7.017168e+12, 0.000000e+00, 1.376177e+13
6.752655e+08, 1.000000e+00, 6.818214e+12, 0.000000e+00, 1.337159e+13
6.818744e+08, 1.000000e+00, 6.884945e+12, 0.000000e+00, 1.350246e+13
6.939528e+08, 1.000000e+00, 7.006901e+12, 0.000000e+00, 1.374164e+13
6.775795e+08, 1.000000e+00, 6.841579e+12, 0.000000e+00, 1.341741e+13
6.830999e+08, 1.000000e+00, 6.897320e+12, 0.000000e+00, 1.352673e+13
6.576925e+08, 1.000000e+00, 6.640779e+12, 0.000000e+00, 1.302361e+13
6.708212e+08, 1.000000e+00, 6.773340e+12, 0.000000e+00, 1.328359e+13
6.630347e+08, 1.000000e+00, 6.694719e+12, 0.000000e+00, 1.312940e+13
5.977752e+08, 1.000000e+00, 6.035788e+12, 0.000000e+00, 1.183713e+13
6.640239e+08, 1.000000e+00, 6.704707e+12, 0.000000e+00, 1.314899e+13
6.493372e+08, 1.000000e+00, 6.556414e+12, 0.000000e+00, 1.285816e+13
6.405300e+08, 1.000000e+00, 6.467487e+12, 0.000000e+00, 1.268376e+13
6.371434e+08, 1.000000e+00, 6.433292e+12, 0.000000e+00, 1.261670e+13
6.248376e+08, 1.000000e+00, 6.309039e+12, 0.000000e+00, 1.237302e+13
6.356188e+08, 1.000000e+00, 6.417899e+12, 0.000000e+00, 1.258651e+13
6.001372e+08, 1.000000e+00, 6.059637e+12, 0.000000e+00, 1.188390e+13
5.918765e+08, 1.000000e+00, 5.976228e+12, 0.000000e+00, 1.172033e+13
5.781892e+08, 1.000000e+00, 5.838027e+12, 0.000000e+00, 1.144929e+13
5.601108e+08, 1.000000e+00, 5.655488e+12, 0.000000e+00, 1.109130e+13
5.698655e+08, 1.000000e+00, 5.753981e+12, 0.000000e+00, 1.128446e+13
5.750448e+08, 1.000000e+00, 5.806277e+12, 0.000000e+00, 1.138703e+13
5.426378e+08, 1.000000e+00, 5.479061e+12, 0.000000e+00, 1.074530e+13
5.502267e+08, 1.000000e+00, 5.555687e+12, 0.000000e+00, 1.089558e+13
5.664891e+08, 1.000000e+00, 5.719890e+12, 0.000000e+00, 1.121761e+13
5.606416e+08, 1.000000e+00, 5.660847e+12, 0.000000e+00, 1.110181e+13
5.479827e+08, 1.000000e+00, 5.533029e+12, 0.000000e+00, 1.085114e+13
5.431329e+08, 1.000000e+00, 5.484060e+12, 0.000000e+00, 1.075511e+13
5.521396e+08, 1.000000e+00, 5.575002e+12, 0.000000e+00, 1.093346e+13
5.672146e+08, 1.000000e+00, 5.727215e+12, 0.000000e+00, 1.123197e+13
5.242059e+08, 1.000000e+00, 5.292952e+12, 0.000000e+00, 1.038031e+13
5.179479e+08, 1.000000e+00, 5.229766e+12, 0.000000e+00, 1.025640e+13
4.965450e+08, 1.000000e+00, 5.013658e+12, 0.000000e+00, 9.832574e+12
5.125464e+08, 1.000000e+00, 5.175225e+12, 0.000000e+00, 1.014943e+13
5.102857e+08, 1.000000e+00, 5.152400e+12, 0.000000e+00, 1.010467e+13
5.293281e+08, 1.000000e+00, 5.344672e+12, 0.000000e+00, 1.048174e+13
5.169766e+08, 1.000000e+00, 5.219958e+12, 0.000000e+00, 1.023716e+13
5.373438e+08, 1.000000e+00, 5.425607e+12, 0.000000e+00, 1.064047e+13
5.211917e+08, 1.000000e+00, 5.262518e+12, 0.000000e+00, 1.032063e+13
5.227942e+08, 1.000000e+00, 5.278698e+12, 0.000000e+00, 1.035236e+13
4.657035e+08, 1.000000e+00, 4.702248e+12, 0.000000e+00, 9.221851e+12
4.492789e+08, 1.000000e+00, 4.536408e+12, 0.000000e+00, 8.896611e+12
4.430455e+08, 1.000000e+00, 4.473469e+12, 0.000000e+00, 8.773177e+12
4.932729e+08, 1.000000e+00, 4.980619e+12, 0.000000e+00, 9.767779e+12
4.783601e+08, 1.000000e+00, 4.830043e+12, 0.000000e+00, 9.472477e+12
4.652641e+08, 1.000000e+00, 4.697812e+12, 0.000000e+00, 9.213151e+12
4.616785e+08, 1.000000e+00, 4.661608e+12, 0.000000e+00, 9.142149e+12
4.600077e+08, 1.000000e+00, 4.644737e+12, 0.000000e+00, 9.109063e+12
4.805396e+08, 1.000000e+00, 4.852050e+12, 0.000000e+00, 9.515636e+12
4.844324e+08, 1.000000e+00, 4.891356e+12, 0.000000e+00, 9.592721e+12
4.542856e+08, 1.000000e+00, 4.586961e+12, 0.000000e+00, 8.995754e+12
4.537666e+08, 1.000000e+00, 4.581721e+12, 0.000000e+00, 8.985478e+12
4.254390e+08, 1.000000e+00, 4.295694e+12, 0.000000e+00, 8.424534e+12
4.282892e+08, 1.000000e+00, 4.324473e+12, 0.000000e+00, 8.480974e+12
4.111283e+08, 1.000000e+00, 4.151199e+12, 0.000000e+00, 8.141155e+12
4.484439e+08, 1.000000e+00, 4.527977e+12, 0.000000e+00, 8.880077e+12
4.092540e+08, 1.000000e+00, 4.132274e+12, 0.000000e+00, 8.104040e+12
5.185200e+08, 1.000000e+00, 5.235542e+12, 0.000000e+00, 1.026772e+13
5.442062e+08, 1.000000e+00, 5.494897e+12, 0.000000e+00, 1.077636e+13
4.087347e+08, 1.000000e+00, 4.127030e+12, 0.000000e+00, 8.093757e+12
6.822740e+08, 1.000000e+00, 6.888980e+12, 0.000000e+00, 1.351038e+13
6.796569e+08, 1.000000e+00, 6.862555e+12, 0.000000e+00, 1.345855e+13
6.795967e+08, 1.000000e+00, 6.861947e+12, 0.000000e+00, 1.345736e+13
6.715420e+08, 1.000000e+00, 6.780618e+12, 0.000000e+00, 1.329786e+13
6.142223e+08, 1.000000e+00, 6.201856e+12, 0.000000e+00, 1.216282e+13
5.925442e+08, 1.000000e+00, 5.982970e+12, 0.000000e+00, 1.173355e+13
5.538804e+08, 1.000000e+00, 5.592579e+12, 0.000000e+00, 1.096793e+13
6.151752e+08, 1.000000e+00, 6.211477e+12, 0.000000e+00, 1.218169e+13
6.016348e+08, 1.000000e+00, 6.074758e+12, 0.000000e+00, 1.191356e+13
5.982038e+08, 1.000000e+00, 6.040116e+12, 0.000000e+00, 1.184562e+13
6.049700e+08, 1.000000e+00, 6.108435e+12, 0.000000e+00, 1.197960e+13
5.987919e+08, 1.000000e+00, 6.046054e+12, 0.000000e+00, 1.185727e+13
5.504006e+08, 1.000000e+00, 5.557443e+12, 0.000000e+00, 1.089902e+13
5.121498e+08, 1.000000e+00, 5.171221e+12, 0.000000e+00, 1.014158e+13
5.260177e+08, 1.000000e+00, 5.311246e+12, 0.000000e+00, 1.041619e+13
5.775329e+08, 1.000000e+00, 5.831400e+12, 0.000000e+00, 1.143630e+13
5.634403e+08, 1.000000e+00, 5.689106e+12, 0.000000e+00, 1.115723e+13
4.854287e+08, 1.000000e+00, 4.901415e+12, 0.000000e+00, 9.612449e+12
4.596677e+08, 1.000000e+00, 4.641305e+12, 0.000000e+00, 9.102331e+12
5.094634e+08, 1.000000e+00, 5.144096e+12, 0.000000e+00, 1.008838e+13
5.189603e+08, 1.000000e+00, 5.239988e+12, 0.000000e+00, 1.027644e+13
4.237554e+08, 1.000000e+00, 4.278695e+12, 0.000000e+00, 8.391196e+12
5.197400e+08, 1.000000e+00, 5.247860e+12, 0.000000e+00, 1.029188e+13
5.129650e+08, 1.000000e+00, 5.179452e+12, 0.000000e+00, 1.015772e+13
5.062911e+08, 1.000000e+00, 5.112065e+12, 0.000000e+00, 1.002557e+13
4.952409e+08, 1.000000e+00, 5.000490e+12, 0.000000e+00, 9.806750e+12
5.109074e+08, 1.000000e+00, 5.158676e+12, 0.000000e+00, 1.011698e+13
4.614120e+08, 1.250000e-01, 4.658917e+12, -8.750000e-01, 9.136871e+12
4.975382e+08, 1.250000e-01, 5.023687e+12, -8.750000e-01, 9.852242e+12
4.405643e+08, 1.250000e-01, 4.448416e+12, -8.750000e-01, 8.724045e+12
4.355155e+08, 1.250000e-01, 4.397438e+12, -8.750000e-01, 8.624070e+12
4.986487e+08, 1.250000e-01, 5.034900e+12, -8.750000e-01, 9.874233e+12
4.178727e+08, 1.250000e-01, 4.219297e+12, -8.750000e-01, 8.274707e+12
4.279415e+08, 1.250000e-01, 4.320962e+12, -8.750000e-01, 8.474089e+12
4.271557e+08, 1.250000e-01, 4.313028e+12, -8.750000e-01, 8.458528e+12
4.853505e+08, 1.250000e-01, 4.900626e+12, -8.750000e-01, 9.610901e+12
4.780832e+08, 1.250000e-01, 4.827248e+12, -8.750000e-01, 9.466994e+12
4.145354e+08, 1.250000e-01, 4.185600e+12, -8.750000e-01, 8.208622e+12
4.974614e+08, 1.250000e-01, 5.022911e+12, -8.750000e-01, 9.850720e+12
