1.717725e+10, 1.000000e+00, 1.734402e+14, 0.000000e+00, 3.401435e+14
1.733131e+10, 1.000000e+00, 1.749957e+14, 0.000000e+00, 3.431942e+14
1.683992e+10, 1.000000e+00, 1.700342e+14, 0.000000e+00, 3.334638e+14
1.700474e+10, 1.000000e+00, 1.716983e+14, 0.000000e+00, 3.367275e+14
1.730595e+10, 1.000000e+00, 1.747397e+14, 0.000000e+00, 3.426921e+14
1.689763e+10, 1.000000e+00, 1.706168e+14, 0.000000e+00, 3.346065e+14
1.703530e+10, 1.000000e+00, 1.720069e+14, 0.000000e+00, 3.373327e+14
1.640168e+10, 1.000000e+00, 1.656092e+14, 0.000000e+00, 3.247858e+14
1.672909e+10, 1.000000e+00, 1.689151e+14, 0.000000e+00, 3.312691e+14
1.653491e+10, 1.000000e+00, 1.669544e+14, 0.000000e+00, 3.274239e+14
1.490745e+10, 1.000000e+00, 1.505218e+14, 0.000000e+00, 2.951971e+14
1.655958e+10, 1.000000e+00, 1.672035e+14, 0.000000e+00, 3.279124e+14
1.619332e+10, 1.000000e+00, 1.635053e+14, 0.000000e+00, 3.206597e+14
1.597368e+10, 1.000000e+00, 1.612877e+14, 0.000000e+00, 3.163105e+14
1.588922e+10, 1.000000e+00, 1.604349e+14, 0.000000e+00, 3.146381e+14
1.558234e+10, 1.000000e+00, 1.573362e+14, 0.000000e+00, 3.085612e+14
1.585121e+10, 1.000000e+00, 1.600510e+14, 0.000000e+00, 3.138852e+14
1.496636e+10, 1.000000e+00, 1.511166e+14, 0.000000e+00, 2.963635e+14
1.476035e+10, 1.000000e+00, 1.490365e+14, 0.000000e+00, 2.922841e+14
1.441901e+10, 1.000000e+00, 1.455900e+14, 0.000000e+00, 2.855250e+14
1.396817e+10, 1.000000e+00, 1.410378e+14, 0.000000e+00, 2.765974e+14
1.421143e+10, 1.000000e+00, 1.434941e+14, 0.000000e+00, 2.814145e+14
1.434060e+10, 1.000000e+00, 1.447983e+14, 0.000000e+00, 2.839722e+14
1.353242e+10, 1.000000e+00, 1.366381e+14, 0.000000e+00, 2.679688e+14
1.372168e+10, 1.000000e+00, 1.385490e+14, 0.000000e+00, 2.717164e+14
1.412723e+10, 1.000000e+00, 1.426439e+14, 0.000000e+00, 2.797472e+14
1.398141e+10, 1.000000e+00, 1.411715e+14, 0.000000e+00, 2.768595e+14
1.366572e+10, 1.000000e+00, 1.379839e+14, 0.000000e+00, 2.706082e+14
1.354477e+10, 1.000000e+00, 1.367627e+14, 0.000000e+00, 2.682133e+14
1.376938e+10, 1.000000e+00, 1.390307e+14, 0.000000e+00, 2.726610e+14
1.414532e+10, 1.000000e+00, 1.428266e+14, 0.000000e+00, 2.801054e+14
1.307276e+10, 1.000000e+00, 1.319968e+14, 0.000000e+00, 2.588666e+14
1.291670e+10, 1.000000e+00, 1.304211e+14, 0.000000e+00, 2.557763e+14
1.238295e+10, 1.000000e+00, 1.250317e+14, 0.000000e+00, 2.452069e+14
1.278200e+10, 1.000000e+00, 1.290609e+14, 0.000000e+00, 2.531088e+14
1.272562e+10, 1.000000e+00, 1.284917e+14, 0.000000e+00, 2.519925e+14
1.320050e+10, 1.000000e+00, 1.332866e+14, 0.000000e+00, 2.613961e+14
1.289248e+10, 1.000000e+00, 1.301765e+14, 0.000000e+00, 2.552966e+14
1.340040e+10, 1.000000e+00, 1.353050e+14, 0.000000e+00, 2.653545e+14
1.299760e+10, 1.000000e+00, 1.312379e+14, 0.000000e+00, 2.573781e+14
1.303756e+10, 1.000000e+00, 1.316414e+14, 0.000000e+00, 2.581695e+14
1.161382e+10, 1.000000e+00, 1.172657e+14, 0.000000e+00, 2.299766e+14
1.120422e+10, 1.000000e+00, 1.131300e+14, 0.000000e+00, 2.218657e+14
1.104877e+10, 1.000000e+00, 1.115604e+14, 0.000000e+00, 2.187875e+14
1.230135e+10, 1.000000e+00, 1.242078e+14, 0.000000e+00, 2.435911e+14
1.192945e+10, 1.000000e+00, 1.204527e+14, 0.000000e+00, 2.362268e+14
1.160286e+10, 1.000000e+00, 1.171551e+14, 0.000000e+00, 2.297596e+14
1.151344e+10, 1.000000e+00, 1.162522e+14, 0.000000e+00, 2.279890e+14
1.147177e+10, 1.000000e+00, 1.158315e+14, 0.000000e+00, 2.271639e+14
1.198380e+10, 1.000000e+00, 1.210015e+14, 0.000000e+00, 2.373031e+14
1.208088e+10, 1.000000e+00, 1.219817e+14, 0.000000e+00, 2.392254e+14
1.132908e+10, 1.000000e+00, 1.143907e+14, 0.000000e+00, 2.243381e+14
1.131613e+10, 1.000000e+00, 1.142600e+14, 0.000000e+00, 2.240819e+14
1.060969e+10, 1.000000e+00, 1.071270e+14, 0.000000e+00, 2.100929e+14
1.068077e+10, 1.000000e+00, 1.078447e+14, 0.000000e+00, 2.115004e+14
1.025281e+10, 1.000000e+00, 1.035235e+14, 0.000000e+00, 2.030260e+14
1.118339e+10, 1.000000e+00, 1.129197e+14, 0.000000e+00, 2.214534e+14
1.020607e+10, 1.000000e+00, 1.030516e+14, 0.000000e+00, 2.021004e+14
1.293097e+10, 1.000000e+00, 1.305651e+14, 0.000000e+00, 2.560588e+14
1.357154e+10, 1.000000e+00, 1.370330e+14, 0.000000e+00, 2.687433e+14
1.019312e+10, 1.000000e+00, 1.029208e+14, 0.000000e+00, 2.018439e+14
1.701470e+10, 1.000000e+00, 1.717989e+14, 0.000000e+00, 3.369248e+14
1.694944e+10, 1.000000e+00, 1.711399e+14, 0.000000e+00, 3.356324e+14
1.694793e+10, 1.000000e+00, 1.711248e+14, 0.000000e+00, 3.356027e+14
1.674706e+10, 1.000000e+00, 1.690966e+14, 0.000000e+00, 3.316250e+14
1.531761e+10, 1.000000e+00, 1.546633e+14, 0.000000e+00, 3.033191e+14
1.477700e+10, 1.000000e+00, 1.492046e+14, 0.000000e+00, 2.926138e+14
1.381279e+10, 1.000000e+00, 1.394690e+14, 0.000000e+00, 2.735207e+14
1.534138e+10, 1.000000e+00, 1.549032e+14, 0.000000e+00, 3.037896e+14
1.500370e+10, 1.000000e+00, 1.514937e+14, 0.000000e+00, 2.971030e+14
1.491814e+10, 1.000000e+00, 1.506298e+14, 0.000000e+00, 2.954088e+14
1.508688e+10, 1.000000e+00, 1.523335e+14, 0.000000e+00, 2.987501e+14
1.493281e+10, 1.000000e+00, 1.507779e+14, 0.000000e+00, 2.956991e+14
1.372601e+10, 1.000000e+00, 1.385928e+14, 0.000000e+00, 2.718023e+14
1.277211e+10, 1.000000e+00, 1.289611e+14, 0.000000e+00, 2.529130e+14
1.311795e+10, 1.000000e+00, 1.324531e+14, 0.000000e+00, 2.597613e+14
1.440265e+10, 1.000000e+00, 1.454248e+14, 0.000000e+00, 2.852009e+14
1.405120e+10, 1.000000e+00, 1.418762e+14, 0.000000e+00, 2.782416e+14
1.210573e+10, 1.000000e+00, 1.222326e+14, 0.000000e+00, 2.397174e+14
1.146330e+10, 1.000000e+00, 1.157459e+14, 0.000000e+00, 2.269960e+14
1.270511e+10, 1.000000e+00, 1.282846e+14, 0.000000e+00, 2.515864e+14
1.294195e+10, 1.000000e+00, 1.306760e+14, 0.000000e+00, 2.562762e+14
1.056771e+10, 1.000000e+00, 1.067031e+14, 0.000000e+00, 2.092615e+14
1.296139e+10, 1.000000e+00, 1.308723e+14, 0.000000e+00, 2.566613e+14
1.279244e+10, 1.000000e+00, 1.291663e+14, 0.000000e+00, 2.533156e+14
1.262600e+10, 1.000000e+00, 1.274858e+14, 0.000000e+00, 2.500198e+14
1.235043e+10, 1.000000e+00, 1.247034e+14, 0.000000e+00, 2.445629e+14
1.274112e+10, 1.000000e+00, 1.286482e+14, 0.000000e+00, 2.522995e+14
1.150680e+10, 1.250000e-01, 1.161851e+14, -8.750000e-01, 2.278573e+14
1.240772e+10, 1.250000e-01, 1.252818e+14, -8.750000e-01, 2.456974e+14
1.098689e+10, 1.250000e-01, 1.109356e+14, -8.750000e-01, 2.175622e+14
1.086098e+10, 1.250000e-01, 1.096643e+14, -8.750000e-01, 2.150690e+14
1.243541e+10, 1.250000e-01, 1.255615e+14, -8.750000e-01, 2.462458e+14
1.042100e+10, 1.250000e-01, 1.052218e+14, -8.750000e-01, 2.063565e+14
1.067210e+10, 1.250000e-01, 1.077571e+14, -8.750000e-01, 2.113287e+14
1.065250e+10, 1.250000e-01, 1.075593e+14, -8.750000e-01, 2.109407e+14
1.210378e+10, 1.250000e-01, 1.222129e+14, -8.750000e-01, 2.396788e+14
1.192255e+10, 1.250000e-01, 1.203830e+14, -8.750000e-01, 2.360900e+14
1.033778e+10, 1.250000e-01, 1.043814e+14, -8.750000e-01, 2.047085e+14
1.240580e+10, 1.250000e-01, 1.252625e+14, -8.750000e-01, 2.456595e+14
