2.485839e+03, 1.000000e+00, 2.509973e+07, 0.000000e+00, 4.922452e+07
2.508141e+03, 1.000000e+00, 2.532492e+07, 0.000000e+00, 4.966615e+07
2.437006e+03, 1.000000e+00, 2.460666e+07, 0.000000e+00, 4.825755e+07
2.468316e+03, 1.000000e+00, 2.486186e+07, 0.000000e+00, 4.875804e+07
2.504470e+03, 1.000000e+00, 2.528785e+07, 0.000000e+00, 4.959346e+07
2.445360e+03, 1.000000e+00, 2.469101e+07, 0.000000e+00, 4.842297e+07
2.465290e+03, 1.000000e+00, 2.489225e+07, 0.000000e+00, 4.881762e+07
2.373565e+03, 1.000000e+00, 2.396609e+07, 0.000000e+00, 4.700129e+07
2.420962e+03, 1.000000e+00, 2.444466e+07, 0.000000e+00, 4.793984e+07
2.392851e+03, 1.000000e+00, 2.416083e+07, 0.000000e+00, 4.738319e+07
2.157255e+03, 1.000000e+00, 2.178199e+07, 0.000000e+00, 4.271791e+07
2.396422e+03, 1.000000e+00, 2.419689e+07, 0.000000e+00, 4.745391e+07
2.343401e+03, 1.000000e+00, 2.366152e+07, 0.000000e+00, 4.640398e+07
2.311606e+03, 1.000000e+00, 2.334049e+07, 0.000000e+00, 4.577437e+07
2.299380e+03, 1.000000e+00, 2.321704e+07, 0.000000e+00, 4.553227e+07
2.254954e+03, 1.000000e+00, 2.276847e+07, 0.000000e+00, 4.465255e+07
2.293876e+03, 1.000000e+00, 2.316146e+07, 0.000000e+00, 4.542328e+07
2.165782e+03, 1.000000e+00, 2.186809e+07, 0.000000e+00, 4.288677e+07
2.135959e+03, 1.000000e+00, 2.156697e+07, 0.000000e+00, 4.229622e+07
2.086546e+03, 1.000000e+00, 2.106804e+07, 0.000000e+00, 4.131775e+07
2.021281e+03, 1.000000e+00, 2.040905e+07, 0.000000e+00, 4.002536e+07
2.056496e+03, 1.000000e+00, 2.076462e+07, 0.000000e+00, 4.072270e+07
2.075195e+03, 1.000000e+00, 2.095342e+07, 0.000000e+00, 4.109296e+07
1.958201e+03, 1.000000e+00, 1.977212e+07, 0.000000e+00, 3.877625e+07
1.985598e+03, 1.000000e+00, 2.004875e+07, 0.000000e+00, 3.931877e+07
2.044307e+03, 1.000000e+00, 2.064155e+07, 0.000000e+00, 4.048133e+07
2.023197e+03, 1.000000e+00, 2.042840e+07, 0.000000e+00, 4.006331e+07
1.977496e+03, 1.000000e+00, 1.996695e+07, 0.000000e+00, 3.915834e+07
1.959988e+03, 1.000000e+00, 1.979017e+07, 0.000000e+00, 3.881164e+07
1.992504e+03, 1.000000e+00, 2.011848e+07, 0.000000e+00, 3.945552e+07
2.046926e+03, 1.000000e+00, 2.066799e+07, 0.000000e+00, 4.053319e+07
1.891658e+03, 1.000000e+00, 1.910024e+07, 0.000000e+00, 3.745858e+07
1.869066e+03, 1.000000e+00, 1.887213e+07, 0.000000e+00, 3.701122e+07
1.791799e+03, 1.000000e+00, 1.809195e+07, 0.000000e+00, 3.548116e+07
1.849566e+03, 1.000000e+00, 1.867523e+07, 0.000000e+00, 3.662507e+07
1.841405e+03, 1.000000e+00, 1.859282e+07, 0.000000e+00, 3.646346e+07
1.910151e+03, 1.000000e+00, 1.928696e+07, 0.000000e+00, 3.782476e+07
1.865560e+03, 1.000000e+00, 1.883672e+07, 0.000000e+00, 3.694178e+07
1.939088e+03, 1.000000e+00, 1.957914e+07, 0.000000e+00, 3.839779e+07
1.880777e+03, 1.000000e+00, 1.899037e+07, 0.000000e+00, 3.724311e+07
1.886562e+03, 1.000000e+00, 1.904878e+07, 0.000000e+00, 3.735767e+07
1.680456e+03, 1.000000e+00, 1.696771e+07, 0.000000e+00, 3.327636e+07
1.621161e+03, 1.000000e+00, 1.636900e+07, 0.000000e+00, 3.210219e+07
1.598657e+03, 1.000000e+00, 1.614178e+07, 0.000000e+00, 3.165658e+07
1.779986e+03, 1.000000e+00, 1.797267e+07, 0.000000e+00, 3.524724e+07
1.728434e+03, 1.000000e+00, 1.741974e+07, 0.000000e+00, 3.416286e+07
1.678870e+03, 1.000000e+00, 1.695170e+07, 0.000000e+00, 3.324495e+07
1.665925e+03, 1.000000e+00, 1.682099e+07, 0.000000e+00, 3.298862e+07
1.659893e+03, 1.000000e+00, 1.676009e+07, 0.000000e+00, 3.286918e+07
1.734017e+03, 1.000000e+00, 1.750852e+07, 0.000000e+00, 3.433697e+07
1.748070e+03, 1.000000e+00, 1.765042e+07, 0.000000e+00, 3.461525e+07
1.639236e+03, 1.000000e+00, 1.655151e+07, 0.000000e+00, 3.246011e+07
1.637362e+03, 1.000000e+00, 1.653259e+07, 0.000000e+00, 3.242302e+07
1.535095e+03, 1.000000e+00, 1.549999e+07, 0.000000e+00, 3.039793e+07
1.545385e+03, 1.000000e+00, 1.560389e+07, 0.000000e+00, 3.060168e+07
1.483432e+03, 1.000000e+00, 1.497834e+07, 0.000000e+00, 2.937489e+07
1.618147e+03, 1.000000e+00, 1.633857e+07, 0.000000e+00, 3.204251e+07
1.476665e+03, 1.000000e+00, 1.491002e+07, 0.000000e+00, 2.924090e+07
1.871132e+03, 1.000000e+00, 1.889298e+07, 0.000000e+00, 3.705211e+07
1.963863e+03, 1.000000e+00, 1.982929e+07, 0.000000e+00, 3.888837e+07
1.474791e+03, 1.000000e+00, 1.489109e+07, 0.000000e+00, 2.920377e+07
2.462308e+03, 1.000000e+00, 2.486214e+07, 0.000000e+00, 4.875857e+07
2.452640e+03, 1.000000e+00, 2.476452e+07, 0.000000e+00, 4.856713e+07
2.452642e+03, 1.000000e+00, 2.476454e+07, 0.000000e+00, 4.856717e+07
2.423564e+03, 1.000000e+00, 2.447093e+07, 0.000000e+00, 4.799136e+07
2.216631e+03, 1.000000e+00, 2.238152e+07, 0.000000e+00, 4.389369e+07
2.138370e+03, 1.000000e+00, 2.159131e+07, 0.000000e+00, 4.234396e+07
1.998788e+03, 1.000000e+00, 2.018194e+07, 0.000000e+00, 3.957996e+07
2.220071e+03, 1.000000e+00, 2.241625e+07, 0.000000e+00, 4.396181e+07
2.171188e+03, 1.000000e+00, 2.192268e+07, 0.000000e+00, 4.299383e+07
2.167563e+03, 1.000000e+00, 2.181911e+07, 0.000000e+00, 4.279073e+07
2.183229e+03, 1.000000e+00, 2.204425e+07, 0.000000e+00, 4.323226e+07
2.160925e+03, 1.000000e+00, 2.181905e+07, 0.000000e+00, 4.279060e+07
1.986225e+03, 1.000000e+00, 2.005509e+07, 0.000000e+00, 3.933120e+07
1.848134e+03, 1.000000e+00, 1.866077e+07, 0.000000e+00, 3.659672e+07
1.898199e+03, 1.000000e+00, 1.916628e+07, 0.000000e+00, 3.758811e+07
2.084177e+03, 1.000000e+00, 2.104412e+07, 0.000000e+00, 4.127083e+07
2.033301e+03, 1.000000e+00, 2.053041e+07, 0.000000e+00, 4.026338e+07
1.751667e+03, 1.000000e+00, 1.768673e+07, 0.000000e+00, 3.468648e+07
1.658666e+03, 1.000000e+00, 1.674770e+07, 0.000000e+00, 3.284487e+07
1.838436e+03, 1.000000e+00, 1.856285e+07, 0.000000e+00, 3.640467e+07
1.872721e+03, 1.000000e+00, 1.890903e+07, 0.000000e+00, 3.708359e+07
1.529017e+03, 1.000000e+00, 1.543862e+07, 0.000000e+00, 3.027757e+07
1.875536e+03, 1.000000e+00, 1.893745e+07, 0.000000e+00, 3.713933e+07
1.851077e+03, 1.000000e+00, 1.869049e+07, 0.000000e+00, 3.665499e+07
1.826984e+03, 1.000000e+00, 1.844721e+07, 0.000000e+00, 3.617789e+07
1.787091e+03, 1.000000e+00, 1.804441e+07, 0.000000e+00, 3.538793e+07
1.843649e+03, 1.000000e+00, 1.861548e+07, 0.000000e+00, 3.650790e+07
1.664963e+03, 1.250000e-01, 1.681128e+07, -8.750000e-01, 3.296957e+07
1.795261e+03, 1.250000e-01, 1.812691e+07, -8.750000e-01, 3.554973e+07
1.589700e+03, 1.250000e-01, 1.605134e+07, -8.750000e-01, 3.147921e+07
1.571473e+03, 1.250000e-01, 1.586730e+07, -8.750000e-01, 3.111828e+07
1.799394e+03, 1.250000e-01, 1.816863e+07, -8.750000e-01, 3.563155e+07
1.507780e+03, 1.250000e-01, 1.522419e+07, -8.750000e-01, 2.985703e+07
1.544130e+03, 1.250000e-01, 1.559121e+07, -8.750000e-01, 3.057683e+07
1.541293e+03, 1.250000e-01, 1.556257e+07, -8.750000e-01, 3.052065e+07
1.751385e+03, 1.250000e-01, 1.768388e+07, -8.750000e-01, 3.468089e+07
1.725149e+03, 1.250000e-01, 1.741898e+07, -8.750000e-01, 3.416136e+07
1.495732e+03, 1.250000e-01, 1.510254e+07, -8.750000e-01, 2.961845e+07
1.795107e+03, 1.250000e-01, 1.812535e+07, -8.750000e-01, 3.554667e+07
