3.962714e+06, 1.000000e+00, 4.001186e+10, 0.000000e+00, 7.846958e+10
3.998255e+06, 1.000000e+00, 4.037072e+10, 0.000000e+00, 7.917336e+10
3.884894e+06, 1.000000e+00, 3.922612e+10, 0.000000e+00, 7.692860e+10
3.922916e+06, 1.000000e+00, 3.961003e+10, 0.000000e+00, 7.768151e+10
3.992405e+06, 1.000000e+00, 4.031166e+10, 0.000000e+00, 7.905752e+10
3.898207e+06, 1.000000e+00, 3.936053e+10, 0.000000e+00, 7.719222e+10
3.929967e+06, 1.000000e+00, 3.968122e+10, 0.000000e+00, 7.782113e+10
3.783795e+06, 1.000000e+00, 3.820531e+10, 0.000000e+00, 7.492663e+10
3.859326e+06, 1.000000e+00, 3.896795e+10, 0.000000e+00, 7.642230e+10
3.814529e+06, 1.000000e+00, 3.851563e+10, 0.000000e+00, 7.553522e+10
3.439082e+06, 1.000000e+00, 3.472471e+10, 0.000000e+00, 6.810064e+10
3.820220e+06, 1.000000e+00, 3.857309e+10, 0.000000e+00, 7.564792e+10
3.735725e+06, 1.000000e+00, 3.771994e+10, 0.000000e+00, 7.397476e+10
3.685056e+06, 1.000000e+00, 3.720834e+10, 0.000000e+00, 7.297141e+10
3.665573e+06, 1.000000e+00, 3.701161e+10, 0.000000e+00, 7.258560e+10
3.594776e+06, 1.000000e+00, 3.629676e+10, 0.000000e+00, 7.118368e+10
3.656802e+06, 1.000000e+00, 3.692304e+10, 0.000000e+00, 7.241191e+10
3.452671e+06, 1.000000e+00, 3.486192e+10, 0.000000e+00, 6.836972e+10
3.405146e+06, 1.000000e+00, 3.438205e+10, 0.000000e+00, 6.742863e+10
3.326401e+06, 1.000000e+00, 3.358696e+10, 0.000000e+00, 6.586933e+10
3.222394e+06, 1.000000e+00, 3.253679e+10, 0.000000e+00, 6.380978e+10
3.278514e+06, 1.000000e+00, 3.310344e+10, 0.000000e+00, 6.492106e+10
3.308311e+06, 1.000000e+00, 3.340431e+10, 0.000000e+00, 6.551111e+10
3.121869e+06, 1.000000e+00, 3.152179e+10, 0.000000e+00, 6.181919e+10
3.165529e+06, 1.000000e+00, 3.196263e+10, 0.000000e+00, 6.268375e+10
3.259089e+06, 1.000000e+00, 3.290731e+10, 0.000000e+00, 6.453642e+10
3.225448e+06, 1.000000e+00, 3.256763e+10, 0.000000e+00, 6.387025e+10
3.152619e+06, 1.000000e+00, 3.183227e+10, 0.000000e+00, 6.242810e+10
3.124718e+06, 1.000000e+00, 3.155055e+10, 0.000000e+00, 6.187560e+10
3.176535e+06, 1.000000e+00, 3.207375e+10, 0.000000e+00, 6.290168e+10
3.263263e+06, 1.000000e+00, 3.294945e+10, 0.000000e+00, 6.461906e+10
3.015828e+06, 1.000000e+00, 3.045108e+10, 0.000000e+00, 5.971936e+10
2.979825e+06, 1.000000e+00, 3.008755e+10, 0.000000e+00, 5.900644e+10
2.856691e+06, 1.000000e+00, 2.884426e+10, 0.000000e+00, 5.656814e+10
2.948749e+06, 1.000000e+00, 2.977378e+10, 0.000000e+00, 5.839107e+10
2.935743e+06, 1.000000e+00, 2.964246e+10, 0.000000e+00, 5.813353e+10
3.045297e+06, 1.000000e+00, 3.074863e+10, 0.000000e+00, 6.030291e+10
2.974237e+06, 1.000000e+00, 3.003113e+10, 0.000000e+00, 5.889578e+10
3.091412e+06, 1.000000e+00, 3.121426e+10, 0.000000e+00, 6.121608e+10
2.998487e+06, 1.000000e+00, 3.027598e+10, 0.000000e+00, 5.937598e+10
3.007706e+06, 1.000000e+00, 3.036907e+10, 0.000000e+00, 5.955854e+10
2.679255e+06, 1.000000e+00, 2.705268e+10, 0.000000e+00, 5.305456e+10
2.584762e+06, 1.000000e+00, 2.609857e+10, 0.000000e+00, 5.118342e+10
2.548901e+06, 1.000000e+00, 2.573647e+10, 0.000000e+00, 5.047328e+10
2.837866e+06, 1.000000e+00, 2.865418e+10, 0.000000e+00, 5.619536e+10
2.752071e+06, 1.000000e+00, 2.778790e+10, 0.000000e+00, 5.449645e+10
2.676728e+06, 1.000000e+00, 2.702715e+10, 0.000000e+00, 5.300451e+10
2.656099e+06, 1.000000e+00, 2.681887e+10, 0.000000e+00, 5.259603e+10
2.646487e+06, 1.000000e+00, 2.672181e+10, 0.000000e+00, 5.240568e+10
2.764610e+06, 1.000000e+00, 2.791451e+10, 0.000000e+00, 5.474475e+10
2.787006e+06, 1.000000e+00, 2.814064e+10, 0.000000e+00, 5.518823e+10
2.613567e+06, 1.000000e+00, 2.638941e+10, 0.000000e+00, 5.175380e+10
2.610581e+06, 1.000000e+00, 2.635927e+10, 0.000000e+00, 5.169468e+10
2.447608e+06, 1.000000e+00, 2.471371e+10, 0.000000e+00, 4.846749e+10
2.464006e+06, 1.000000e+00, 2.487928e+10, 0.000000e+00, 4.879220e+10
2.365277e+06, 1.000000e+00, 2.388241e+10, 0.000000e+00, 4.683718e+10
2.579959e+06, 1.000000e+00, 2.605007e+10, 0.000000e+00, 5.108829e+10
2.354494e+06, 1.000000e+00, 2.377353e+10, 0.000000e+00, 4.662365e+10
2.983116e+06, 1.000000e+00, 3.012079e+10, 0.000000e+00, 5.907161e+10
3.130892e+06, 1.000000e+00, 3.161289e+10, 0.000000e+00, 6.199787e+10
2.351507e+06, 1.000000e+00, 2.374337e+10, 0.000000e+00, 4.656449e+10
3.925215e+06, 1.000000e+00, 3.963324e+10, 0.000000e+00, 7.772704e+10
3.910159e+06, 1.000000e+00, 3.948121e+10, 0.000000e+00, 7.742889e+10
3.909812e+06, 1.000000e+00, 3.947771e+10, 0.000000e+00, 7.742202e+10
3.863473e+06, 1.000000e+00, 3.900982e+10, 0.000000e+00, 7.650441e+10
3.533705e+06, 1.000000e+00, 3.568012e+10, 0.000000e+00, 6.997435e+10
3.408987e+06, 1.000000e+00, 3.442084e+10, 0.000000e+00, 6.750470e+10
3.186550e+06, 1.000000e+00, 3.217487e+10, 0.000000e+00, 6.309999e+10
3.539187e+06, 1.000000e+00, 3.573548e+10, 0.000000e+00, 7.008290e+10
3.461287e+06, 1.000000e+00, 3.494891e+10, 0.000000e+00, 6.854033e+10
3.441548e+06, 1.000000e+00, 3.474961e+10, 0.000000e+00, 6.814947e+10
3.480475e+06, 1.000000e+00, 3.514266e+10, 0.000000e+00, 6.892030e+10
3.444931e+06, 1.000000e+00, 3.478377e+10, 0.000000e+00, 6.821646e+10
3.166530e+06, 1.000000e+00, 3.197273e+10, 0.000000e+00, 6.270356e+10
2.946468e+06, 1.000000e+00, 2.975074e+10, 0.000000e+00, 5.834589e+10
3.026251e+06, 1.000000e+00, 3.055632e+10, 0.000000e+00, 5.992577e+10
3.322626e+06, 1.000000e+00, 3.354884e+10, 0.000000e+00, 6.579457e+10
3.241549e+06, 1.000000e+00, 3.273020e+10, 0.000000e+00, 6.418908e+10
2.792737e+06, 1.000000e+00, 2.819851e+10, 0.000000e+00, 5.530173e+10
2.644531e+06, 1.000000e+00, 2.670206e+10, 0.000000e+00, 5.236695e+10
2.931012e+06, 1.000000e+00, 2.959468e+10, 0.000000e+00, 5.803984e+10
2.985649e+06, 1.000000e+00, 3.014636e+10, 0.000000e+00, 5.912177e+10
2.437922e+06, 1.000000e+00, 2.461592e+10, 0.000000e+00, 4.827569e+10
2.990135e+06, 1.000000e+00, 3.019165e+10, 0.000000e+00, 5.921060e+10
2.951157e+06, 1.000000e+00, 2.979809e+10, 0.000000e+00, 5.843876e+10
2.912762e+06, 1.000000e+00, 2.941041e+10, 0.000000e+00, 5.767845e+10
2.849188e+06, 1.000000e+00, 2.876850e+10, 0.000000e+00, 5.641957e+10
2.939320e+06, 1.000000e+00, 2.967857e+10, 0.000000e+00, 5.820435e+10
2.654566e+06, 1.250000e-01, 2.680338e+10, -8.750000e-01, 5.256566e+10
2.862405e+06, 1.250000e-01, 2.890195e+10, -8.750000e-01, 5.668129e+10
2.534626e+06, 1.250000e-01, 2.559234e+10, -8.750000e-01, 5.019062e+10
2.505580e+06, 1.250000e-01, 2.529906e+10, -8.750000e-01, 4.961545e+10
2.868794e+06, 1.250000e-01, 2.896646e+10, -8.750000e-01, 5.680781e+10
2.404079e+06, 1.250000e-01, 2.427419e+10, -8.750000e-01, 4.760552e+10
2.462006e+06, 1.250000e-01, 2.485909e+10, -8.750000e-01, 4.875259e+10
2.457485e+06, 1.250000e-01, 2.481344e+10, -8.750000e-01, 4.866306e+10
2.792287e+06, 1.250000e-01, 2.819397e+10, -8.750000e-01, 5.529282e+10
2.750478e+06, 1.250000e-01, 2.777181e+10, -8.750000e-01, 5.446490e+10
2.384879e+06, 1.250000e-01, 2.408033e+10, -8.750000e-01, 4.722532e+10
2.861963e+06, 1.250000e-01, 2.889749e+10, -8.750000e-01, 5.667254e+10
