3.902424e+03, 1.000000e+00, 3.940311e+07, 0.000000e+00, 7.727572e+07
3.937427e+03, 1.000000e+00, 3.975654e+07, 0.000000e+00, 7.796884e+07
3.825782e+03, 1.000000e+00, 3.862925e+07, 0.000000e+00, 7.575806e+07
3.865450e+03, 1.000000e+00, 3.902978e+07, 0.000000e+00, 7.654356e+07
3.931665e+03, 1.000000e+00, 3.969837e+07, 0.000000e+00, 7.785476e+07
3.838893e+03, 1.000000e+00, 3.876164e+07, 0.000000e+00, 7.601769e+07
3.870173e+03, 1.000000e+00, 3.907747e+07, 0.000000e+00, 7.663708e+07
3.726213e+03, 1.000000e+00, 3.762389e+07, 0.000000e+00, 7.378639e+07
3.800601e+03, 1.000000e+00, 3.837500e+07, 0.000000e+00, 7.525942e+07
3.756481e+03, 1.000000e+00, 3.792952e+07, 0.000000e+00, 7.438577e+07
3.386717e+03, 1.000000e+00, 3.419598e+07, 0.000000e+00, 6.706370e+07
3.762087e+03, 1.000000e+00, 3.798612e+07, 0.000000e+00, 7.449676e+07
3.678871e+03, 1.000000e+00, 3.714588e+07, 0.000000e+00, 7.284892e+07
3.628969e+03, 1.000000e+00, 3.664201e+07, 0.000000e+00, 7.186076e+07
3.609780e+03, 1.000000e+00, 3.644826e+07, 0.000000e+00, 7.148079e+07
3.540054e+03, 1.000000e+00, 3.574424e+07, 0.000000e+00, 7.010008e+07
3.601142e+03, 1.000000e+00, 3.636104e+07, 0.000000e+00, 7.130973e+07
3.400100e+03, 1.000000e+00, 3.433111e+07, 0.000000e+00, 6.732872e+07
3.353294e+03, 1.000000e+00, 3.385851e+07, 0.000000e+00, 6.640187e+07
3.275741e+03, 1.000000e+00, 3.307545e+07, 0.000000e+00, 6.486617e+07
3.173308e+03, 1.000000e+00, 3.204117e+07, 0.000000e+00, 6.283778e+07
3.228579e+03, 1.000000e+00, 3.259924e+07, 0.000000e+00, 6.393225e+07
3.257925e+03, 1.000000e+00, 3.289555e+07, 0.000000e+00, 6.451337e+07
3.074305e+03, 1.000000e+00, 3.104152e+07, 0.000000e+00, 6.087733e+07
3.117304e+03, 1.000000e+00, 3.147569e+07, 0.000000e+00, 6.172880e+07
3.209448e+03, 1.000000e+00, 3.240608e+07, 0.000000e+00, 6.355343e+07
3.176316e+03, 1.000000e+00, 3.207154e+07, 0.000000e+00, 6.289734e+07
3.104589e+03, 1.000000e+00, 3.134731e+07, 0.000000e+00, 6.147702e+07
3.077110e+03, 1.000000e+00, 3.106985e+07, 0.000000e+00, 6.093287e+07
3.128143e+03, 1.000000e+00, 3.158513e+07, 0.000000e+00, 6.194343e+07
3.213558e+03, 1.000000e+00, 3.244758e+07, 0.000000e+00, 6.363482e+07
2.969868e+03, 1.000000e+00, 2.998702e+07, 0.000000e+00, 5.880927e+07
2.934411e+03, 1.000000e+00, 2.962900e+07, 0.000000e+00, 5.810714e+07
2.813140e+03, 1.000000e+00, 2.840452e+07, 0.000000e+00, 5.570574e+07
2.903805e+03, 1.000000e+00, 2.931997e+07, 0.000000e+00, 5.750109e+07
2.890996e+03, 1.000000e+00, 2.919064e+07, 0.000000e+00, 5.724745e+07
2.998891e+03, 1.000000e+00, 3.028007e+07, 0.000000e+00, 5.938399e+07
2.928907e+03, 1.000000e+00, 2.957343e+07, 0.000000e+00, 5.799816e+07
3.044309e+03, 1.000000e+00, 3.073865e+07, 0.000000e+00, 6.028334e+07
2.952790e+03, 1.000000e+00, 2.981458e+07, 0.000000e+00, 5.847109e+07
2.961870e+03, 1.000000e+00, 2.990626e+07, 0.000000e+00, 5.865089e+07
2.638390e+03, 1.000000e+00, 2.664005e+07, 0.000000e+00, 5.224534e+07
2.545327e+03, 1.000000e+00, 2.570039e+07, 0.000000e+00, 5.040251e+07
2.510008e+03, 1.000000e+00, 2.534377e+07, 0.000000e+00, 4.970313e+07
2.794600e+03, 1.000000e+00, 2.821732e+07, 0.000000e+00, 5.533861e+07
2.708653e+03, 1.000000e+00, 2.734950e+07, 0.000000e+00, 5.363669e+07
2.635901e+03, 1.000000e+00, 2.661492e+07, 0.000000e+00, 5.219605e+07
2.615584e+03, 1.000000e+00, 2.640978e+07, 0.000000e+00, 5.179375e+07
2.606117e+03, 1.000000e+00, 2.631419e+07, 0.000000e+00, 5.160628e+07
2.722453e+03, 1.000000e+00, 2.748884e+07, 0.000000e+00, 5.390995e+07
2.744509e+03, 1.000000e+00, 2.771155e+07, 0.000000e+00, 5.434672e+07
2.573695e+03, 1.000000e+00, 2.598683e+07, 0.000000e+00, 5.096426e+07
2.570755e+03, 1.000000e+00, 2.595714e+07, 0.000000e+00, 5.090604e+07
2.410249e+03, 1.000000e+00, 2.433649e+07, 0.000000e+00, 4.772769e+07
2.426398e+03, 1.000000e+00, 2.449955e+07, 0.000000e+00, 4.804749e+07
2.329164e+03, 1.000000e+00, 2.351777e+07, 0.000000e+00, 4.612205e+07
2.540596e+03, 1.000000e+00, 2.565262e+07, 0.000000e+00, 5.030883e+07
2.318544e+03, 1.000000e+00, 2.341054e+07, 0.000000e+00, 4.591176e+07
2.937652e+03, 1.000000e+00, 2.966173e+07, 0.000000e+00, 5.817133e+07
3.083192e+03, 1.000000e+00, 3.113125e+07, 0.000000e+00, 6.105330e+07
2.315601e+03, 1.000000e+00, 2.338083e+07, 0.000000e+00, 4.585349e+07
3.865493e+03, 1.000000e+00, 3.903022e+07, 0.000000e+00, 7.654441e+07
3.850664e+03, 1.000000e+00, 3.888049e+07, 0.000000e+00, 7.625078e+07
3.850323e+03, 1.000000e+00, 3.887705e+07, 0.000000e+00, 7.624402e+07
3.804685e+03, 1.000000e+00, 3.841623e+07, 0.000000e+00, 7.534029e+07
3.479907e+03, 1.000000e+00, 3.513693e+07, 0.000000e+00, 6.890906e+07
3.357078e+03, 1.000000e+00, 3.389670e+07, 0.000000e+00, 6.647678e+07
3.138006e+03, 1.000000e+00, 3.168472e+07, 0.000000e+00, 6.213874e+07
3.485307e+03, 1.000000e+00, 3.519144e+07, 0.000000e+00, 6.901597e+07
3.408586e+03, 1.000000e+00, 3.441679e+07, 0.000000e+00, 6.749674e+07
3.392488e+03, 1.000000e+00, 3.425424e+07, 0.000000e+00, 6.717797e+07
3.427483e+03, 1.000000e+00, 3.460760e+07, 0.000000e+00, 6.787096e+07
3.392478e+03, 1.000000e+00, 3.425414e+07, 0.000000e+00, 6.717778e+07
3.118290e+03, 1.000000e+00, 3.148564e+07, 0.000000e+00, 6.174831e+07
2.901558e+03, 1.000000e+00, 2.929728e+07, 0.000000e+00, 5.745659e+07
2.980134e+03, 1.000000e+00, 3.009067e+07, 0.000000e+00, 5.901256e+07
3.272023e+03, 1.000000e+00, 3.303790e+07, 0.000000e+00, 6.479254e+07
3.192173e+03, 1.000000e+00, 3.223165e+07, 0.000000e+00, 6.321135e+07
2.750154e+03, 1.000000e+00, 2.776855e+07, 0.000000e+00, 5.445850e+07
2.604191e+03, 1.000000e+00, 2.629474e+07, 0.000000e+00, 5.156814e+07
2.886336e+03, 1.000000e+00, 2.914359e+07, 0.000000e+00, 5.715517e+07
2.940147e+03, 1.000000e+00, 2.968692e+07, 0.000000e+00, 5.822073e+07
2.400709e+03, 1.000000e+00, 2.424017e+07, 0.000000e+00, 4.753880e+07
2.944565e+03, 1.000000e+00, 2.973152e+07, 0.000000e+00, 5.830821e+07
2.906177e+03, 1.000000e+00, 2.934392e+07, 0.000000e+00, 5.754805e+07
2.868362e+03, 1.000000e+00, 2.896210e+07, 0.000000e+00, 5.679925e+07
2.805751e+03, 1.000000e+00, 2.832991e+07, 0.000000e+00, 5.555942e+07
2.894518e+03, 1.000000e+00, 2.922620e+07, 0.000000e+00, 5.731719e+07
2.614074e+03, 1.250000e-01, 2.639453e+07, -8.750000e-01, 5.176384e+07
2.818768e+03, 1.250000e-01, 2.846134e+07, -8.750000e-01, 5.581718e+07
2.495950e+03, 1.250000e-01, 2.520182e+07, -8.750000e-01, 4.942474e+07
2.467343e+03, 1.250000e-01, 2.491298e+07, -8.750000e-01, 4.885828e+07
2.825060e+03, 1.250000e-01, 2.852488e+07, -8.750000e-01, 5.594178e+07
2.367378e+03, 1.250000e-01, 2.390362e+07, -8.750000e-01, 4.687877e+07
2.424428e+03, 1.250000e-01, 2.447966e+07, -8.750000e-01, 4.800848e+07
2.419976e+03, 1.250000e-01, 2.443470e+07, -8.750000e-01, 4.792031e+07
2.749711e+03, 1.250000e-01, 2.776407e+07, -8.750000e-01, 5.444973e+07
2.708534e+03, 1.250000e-01, 2.734831e+07, -8.750000e-01, 5.363434e+07
2.348468e+03, 1.250000e-01, 2.371269e+07, -8.750000e-01, 4.650432e+07
2.818332e+03, 1.250000e-01, 2.845695e+07, -8.750000e-01, 5.580856e+07
