5.067875e-02, 1.000000e+00, 4.493513e+02, 0.000000e+00, 8.632678e+02
4.180477e-02, 1.000000e+00, 4.245593e+02, 0.000000e+00, 8.213676e+02
4.331286e-02, 1.000000e+00, 4.397085e+02, 0.000000e+00, 8.505852e+02
4.146525e-02, 1.000000e+00, 4.210010e+02, 0.000000e+00, 8.147897e+02
3.488371e+02, 1.000000e+00, 4.228664e+02, 0.000000e+00, 1.519130e+03
4.010092e-02, 1.000000e+00, 4.049635e+02, 0.000000e+00, 7.883573e+02
3.480020e+02, 1.000000e+00, 4.186167e+02, 0.000000e+00, 1.508124e+03
3.859343e-02, 1.000000e+00, 3.898050e+02, 0.000000e+00, 7.591514e+02
3.486385e+02, 1.000000e+00, 4.009096e+02, 0.000000e+00, 1.475693e+03
3.413530e+02, 1.000000e+00, 4.067419e+02, 0.000000e+00, 1.472693e+03
3.694050e-02, 1.000000e+00, 3.751631e+02, 0.000000e+00, 7.271278e+02
3.426698e+02, 1.000000e+00, 3.816688e+02, 0.000000e+00, 1.426134e+03
3.358217e+02, 1.000000e+00, 3.835209e+02, 0.000000e+00, 1.416203e+03
3.303765e+02, 1.000000e+00, 3.692578e+02, 0.000000e+00, 1.377449e+03
3.240265e+02, 1.000000e+00, 3.651165e+02, 0.000000e+00, 1.356751e+03
3.170425e+02, 1.000000e+00, 3.690005e+02, 0.000000e+00, 1.350535e+03
3.101150e+02, 1.000000e+00, 3.720560e+02, 0.000000e+00, 1.342806e+03
3.301682e-02, 1.000000e+00, 3.361805e+02, 0.000000e+00, 6.511108e+02
3.411857e-02, 1.000000e+00, 3.472318e+02, 0.000000e+00, 6.724560e+02
3.116724e-02, 1.000000e+00, 3.173829e+02, 0.000000e+00, 6.152773e+02
3.313317e-02, 1.000000e+00, 3.371558e+02, 0.000000e+00, 6.533650e+02
3.085478e-02, 1.000000e+00, 3.140962e+02, 0.000000e+00, 6.092238e+02
3.363941e+02, 1.000000e+00, 3.161987e+02, 0.000000e+00, 1.285320e+03
2.884152e-02, 1.000000e+00, 2.937711e+02, 0.000000e+00, 5.702192e+02
2.890622e-02, 1.000000e+00, 2.943580e+02, 0.000000e+00, 5.714726e+02
3.252168e-02, 1.000000e+00, 3.283523e+02, 0.000000e+00, 6.415181e+02
3.478883e+02, 1.000000e+00, 3.098647e+02, 0.000000e+00, 1.296687e+03
2.994077e-02, 1.000000e+00, 3.047928e+02, 0.000000e+00, 5.915158e+02
2.959888e-02, 1.000000e+00, 3.012763e+02, 0.000000e+00, 5.848922e+02
3.082583e-02, 1.000000e+00, 3.112957e+02, 0.000000e+00, 6.086630e+02
3.579912e+02, 1.000000e+00, 3.214098e+02, 0.000000e+00, 1.338310e+03
3.541713e+02, 1.000000e+00, 2.847056e+02, 0.000000e+00, 1.258768e+03
2.855910e-02, 1.000000e+00, 2.908358e+02, 0.000000e+00, 5.647476e+02
2.593149e-02, 1.000000e+00, 2.642495e+02, 0.000000e+00, 5.138406e+02
3.599894e+02, 1.000000e+00, 2.786932e+02, 0.000000e+00, 1.258502e+03
3.531349e+02, 1.000000e+00, 2.784871e+02, 0.000000e+00, 1.244466e+03
3.452689e+02, 1.000000e+00, 2.974846e+02, 0.000000e+00, 1.266197e+03
5.864200e+00, 1.000000e+00, 3.102437e+02, 0.000000e+00, 6.188221e+02
3.084154e-02, 1.000000e+00, 3.139138e+02, 0.000000e+00, 6.089673e+02
3.449743e+02, 1.000000e+00, 2.927716e+02, 0.000000e+00, 1.256372e+03
3.380422e+02, 1.000000e+00, 2.958465e+02, 0.000000e+00, 1.248672e+03
3.343387e+02, 1.000000e+00, 2.482120e+02, 0.000000e+00, 1.147875e+03
2.265337e-02, 1.000000e+00, 2.313988e+02, 0.000000e+00, 4.503307e+02
5.505085e+00, 1.000000e+00, 2.329273e+02, 0.000000e+00, 4.666237e+02
3.328394e+02, 1.000000e+00, 2.679611e+02, 0.000000e+00, 1.183685e+03
3.264388e+02, 1.000000e+00, 2.610335e+02, 0.000000e+00, 1.157373e+03
2.467877e-02, 1.000000e+00, 2.492240e+02, 0.000000e+00, 4.895706e+02
3.246315e+02, 1.000000e+00, 2.566008e+02, 0.000000e+00, 1.145094e+03
2.419362e-02, 1.000000e+00, 2.470635e+02, 0.000000e+00, 4.801712e+02
3.254910e+02, 1.000000e+00, 2.616394e+02, 0.000000e+00, 1.156735e+03
3.183574e+02, 1.000000e+00, 2.680375e+02, 0.000000e+00, 1.155153e+03
3.129557e+02, 1.000000e+00, 2.490355e+02, 0.000000e+00, 1.107193e+03
3.066978e+02, 1.000000e+00, 2.418062e+02, 0.000000e+00, 1.080622e+03
3.009515e+02, 1.000000e+00, 2.226691e+02, 0.000000e+00, 1.031713e+03
2.941091e+02, 1.000000e+00, 2.266051e+02, 0.000000e+00, 1.025880e+03
2.876141e+02, 1.000000e+00, 2.201332e+02, 0.000000e+00, 1.000280e+03
2.429213e-02, 1.000000e+00, 2.484223e+02, 0.000000e+00, 4.820798e+02
2.075973e-02, 1.000000e+00, 2.127141e+02, 0.000000e+00, 4.136436e+02
2.870862e+02, 1.000000e+00, 3.062418e+02, 0.000000e+00, 1.168137e+03
2.765713e+02, 1.000000e+00, 3.397601e+02, 0.000000e+00, 1.213040e+03
2.079789e-02, 1.000000e+00, 2.100532e+02, 0.000000e+00, 4.143828e+02
4.613965e-02, 1.000000e+00, 4.686610e+02, 0.000000e+00, 9.053510e+02
2.576064e+02, 1.000000e+00, 4.777169e+02, 0.000000e+00, 1.445775e+03
4.629005e-02, 1.000000e+00, 4.673718e+02, 0.000000e+00, 9.082647e+02
4.538641e-02, 1.000000e+00, 4.610577e+02, 0.000000e+00, 8.907578e+02
2.744392e+02, 1.000000e+00, 4.120231e+02, 0.000000e+00, 1.350519e+03
2.710744e+02, 1.000000e+00, 3.938490e+02, 0.000000e+00, 1.308216e+03
2.703983e+02, 1.000000e+00, 3.582275e+02, 0.000000e+00, 1.237024e+03
2.534190e+02, 1.000000e+00, 4.172136e+02, 0.000000e+00, 1.319066e+03
2.488319e+02, 1.000000e+00, 4.058694e+02, 0.000000e+00, 1.275347e+03
1.105920e+01, 1.000000e+00, 4.047552e+02, 0.000000e+00, 8.085431e+02
3.935655e-02, 1.000000e+00, 4.004427e+02, 0.000000e+00, 7.739361e+02
3.853357e-02, 1.000000e+00, 3.920845e+02, 0.000000e+00, 7.579917e+02
2.618156e+02, 1.000000e+00, 3.582174e+02, 0.000000e+00, 1.220007e+03
3.140982e-02, 1.000000e+00, 3.202842e+02, 0.000000e+00, 6.199771e+02
2.667533e+02, 1.000000e+00, 3.227194e+02, 0.000000e+00, 1.158896e+03
2.521066e+02, 1.000000e+00, 3.697205e+02, 0.000000e+00, 1.223335e+03
2.468080e+02, 1.000000e+00, 3.619581e+02, 0.000000e+00, 1.197619e+03
4.342019e+00, 1.000000e+00, 2.977499e+02, 0.000000e+00, 5.850332e+02
2.526631e-02, 1.000000e+00, 2.584029e+02, 0.000000e+00, 5.009535e+02
4.865063e+00, 1.000000e+00, 3.142109e+02, 0.000000e+00, 6.186943e+02
3.211588e-02, 1.000000e+00, 3.273139e+02, 0.000000e+00, 6.336561e+02
5.841953e+00, 1.000000e+00, 2.464677e+02, 0.000000e+00, 4.878883e+02
3.309885e-02, 1.000000e+00, 3.370820e+02, 0.000000e+00, 6.527002e+02
2.627499e+02, 1.000000e+00, 3.321114e+02, 0.000000e+00, 1.170668e+03
2.575756e+02, 1.000000e+00, 3.212241e+02, 0.000000e+00, 1.139259e+03
1.967162e+00, 1.000000e+00, 3.179927e+02, 0.000000e+00, 6.206453e+02
3.284006e-02, 1.000000e+00, 3.344637e+02, 0.000000e+00, 6.476863e+02
2.667714e+02, 1.250000e-01, 2.616630e+02, -8.750000e-01, 1.040767e+03
2.548422e+02, 1.250000e-01, 2.957306e+02, -8.750000e-01, 1.082392e+03
2.548021e+02, 1.250000e-01, 2.496177e+02, -8.750000e-01, 9.943912e+02
2.496491e+02, 1.250000e-01, 2.384957e+02, -8.750000e-01, 9.611024e+02
2.978921e-02, 1.250000e-01, 3.038913e+02, -8.750000e-01, 5.888444e+02
2.489192e+02, 1.250000e-01, 2.427957e+02, -8.750000e-01, 9.698240e+02
2.175279e-02, 1.250000e-01, 2.228873e+02, -8.750000e-01, 4.331477e+02
2.461796e-02, 1.250000e-01, 2.517006e+02, -8.750000e-01, 4.886572e+02
2.433005e+02, 1.250000e-01, 3.120264e+02, -8.750000e-01, 1.092765e+03
3.012379e-02, 1.250000e-01, 3.071829e+02, -8.750000e-01, 5.953266e+02
2.530446e+02, 1.250000e-01, 2.504976e+02, -8.750000e-01, 9.914080e+02
8.313120e-02, 1.250000e-01, 2.994544e+02, -8.750000e-01, 5.910816e+02
