7.922758e-01, 1.000000e+00, 8.000257e+03, 0.000000e+00, 1.566665e+04
8.070421e-01, 1.000000e+00, 8.149130e+03, 0.000000e+00, 1.595813e+04
1.063486e+00, 1.000000e+00, 7.775607e+03, 0.000000e+00, 1.523151e+04
7.866175e-01, 1.000000e+00, 7.943036e+03, 0.000000e+00, 1.555495e+04
4.294654e+01, 1.000000e+00, 8.023930e+03, 0.000000e+00, 1.581870e+04
7.790916e-01, 1.000000e+00, 7.867027e+03, 0.000000e+00, 1.540640e+04
3.887685e+01, 1.000000e+00, 7.968287e+03, 0.000000e+00, 1.570153e+04
7.542144e-01, 1.000000e+00, 7.615938e+03, 0.000000e+00, 1.491533e+04
6.602389e+00, 1.000000e+00, 7.753866e+03, 0.000000e+00, 1.521703e+04
7.567623e-01, 1.000000e+00, 7.641581e+03, 0.000000e+00, 1.496563e+04
9.100697e+01, 1.000000e+00, 6.871557e+03, 0.000000e+00, 1.365413e+04
4.567932e+01, 1.000000e+00, 7.649560e+03, 0.000000e+00, 1.508999e+04
4.714388e+01, 1.000000e+00, 7.489145e+03, 0.000000e+00, 1.477832e+04
7.320761e-01, 1.000000e+00, 7.392441e+03, 0.000000e+00, 1.447833e+04
7.288879e-01, 1.000000e+00, 7.360209e+03, 0.000000e+00, 1.441540e+04
5.753916e+01, 1.000000e+00, 7.188740e+03, 0.000000e+00, 1.420981e+04
7.375337e+00, 1.000000e+00, 7.335083e+03, 0.000000e+00, 1.439320e+04
6.763377e-01, 1.000000e+00, 6.829911e+03, 0.000000e+00, 1.337808e+04
7.740496e+01, 1.000000e+00, 6.777727e+03, 0.000000e+00, 1.344319e+04
8.292524e+01, 1.000000e+00, 6.594096e+03, 0.000000e+00, 1.309403e+04
7.246430e+00, 1.000000e+00, 6.385995e+03, 0.000000e+00, 1.253661e+04
6.447805e-01, 1.000000e+00, 6.511574e+03, 0.000000e+00, 1.275516e+04
6.456264e-01, 1.000000e+00, 6.520041e+03, 0.000000e+00, 1.277186e+04
6.111793e-01, 1.000000e+00, 6.172492e+03, 0.000000e+00, 1.209188e+04
6.160255e-01, 1.000000e+00, 6.221315e+03, 0.000000e+00, 1.218755e+04
8.321899e+01, 1.000000e+00, 6.489616e+03, 0.000000e+00, 1.288973e+04
6.322505e-01, 1.000000e+00, 6.384925e+03, 0.000000e+00, 1.250782e+04
9.260688e+01, 1.000000e+00, 6.220687e+03, 0.000000e+00, 1.238106e+04
6.084048e-01, 1.000000e+00, 6.144306e+03, 0.000000e+00, 1.203712e+04
8.432889e+01, 1.000000e+00, 6.272100e+03, 0.000000e+00, 1.246539e+04
6.410864e-01, 1.000000e+00, 6.473937e+03, 0.000000e+00, 1.268224e+04
9.883597e+01, 1.000000e+00, 5.903417e+03, 0.000000e+00, 1.177115e+04
5.773250e-01, 1.000000e+00, 5.830630e+03, 0.000000e+00, 1.142362e+04
5.506630e-01, 1.000000e+00, 5.561498e+03, 0.000000e+00, 1.089732e+04
5.707793e-01, 1.000000e+00, 5.764453e+03, 0.000000e+00, 1.129441e+04
5.682111e-01, 1.000000e+00, 5.738471e+03, 0.000000e+00, 1.124371e+04
8.954938e-01, 1.000000e+00, 5.992316e+03, 0.000000e+00, 1.174522e+04
9.554785e+01, 1.000000e+00, 5.823626e+03, 0.000000e+00, 1.160817e+04
7.556837e+01, 1.000000e+00, 6.106893e+03, 0.000000e+00, 1.212406e+04
5.835139e-01, 1.000000e+00, 5.892756e+03, 0.000000e+00, 1.154578e+04
5.847665e-01, 1.000000e+00, 5.905330e+03, 0.000000e+00, 1.157051e+04
5.121316e-01, 1.000000e+00, 5.172199e+03, 0.000000e+00, 1.013673e+04
4.886924e-01, 1.000000e+00, 4.935414e+03, 0.000000e+00, 9.674050e+03
4.827566e-01, 1.000000e+00, 4.875467e+03, 0.000000e+00, 9.556880e+03
9.187100e+01, 1.000000e+00, 5.532820e+03, 0.000000e+00, 1.103062e+04
8.616606e+01, 1.000000e+00, 5.342625e+03, 0.000000e+00, 1.064636e+04
7.701205e+01, 1.000000e+00, 5.175369e+03, 0.000000e+00, 1.030025e+04
5.087133e-01, 1.000000e+00, 5.137493e+03, 0.000000e+00, 1.006925e+04
5.038804e-01, 1.000000e+00, 5.088555e+03, 0.000000e+00, 9.973754e+03
7.332424e+01, 1.000000e+00, 5.374756e+03, 0.000000e+00, 1.068393e+04
6.688737e+01, 1.000000e+00, 5.429315e+03, 0.000000e+00, 1.077817e+04
4.988225e-01, 1.000000e+00, 5.031942e+03, 0.000000e+00, 9.865884e+03
4.991387e-01, 1.000000e+00, 5.040600e+03, 0.000000e+00, 9.880255e+03
4.588750e-01, 1.000000e+00, 4.633821e+03, 0.000000e+00, 9.085468e+03
4.674880e-01, 1.000000e+00, 4.720281e+03, 0.000000e+00, 9.255484e+03
3.887527e+01, 1.000000e+00, 4.510545e+03, 0.000000e+00, 8.921016e+03
4.942845e-01, 1.000000e+00, 4.991451e+03, 0.000000e+00, 9.784435e+03
3.095029e+01, 1.000000e+00, 4.476309e+03, 0.000000e+00, 8.838183e+03
5.573267e+01, 1.000000e+00, 5.853760e+03, 0.000000e+00, 1.158840e+04
6.128118e-01, 1.000000e+00, 6.187689e+03, 0.000000e+00, 1.212411e+04
5.873769e-01, 1.000000e+00, 4.492002e+03, 0.000000e+00, 9.406990e+03
1.435101e+00, 1.000000e+00, 7.869978e+03, 0.000000e+00, 1.542456e+04
1.802561e+01, 1.000000e+00, 7.867586e+03, 0.000000e+00, 1.546277e+04
1.117195e+01, 1.000000e+00, 7.878407e+03, 0.000000e+00, 1.547040e+04
1.784481e+00, 1.000000e+00, 7.846689e+03, 0.000000e+00, 1.537297e+04
6.872663e+00, 1.000000e+00, 7.067728e+03, 0.000000e+00, 1.387173e+04
3.984618e+01, 1.000000e+00, 6.776970e+03, 0.000000e+00, 1.336732e+04
1.204609e+00, 1.000000e+00, 6.319704e+03, 0.000000e+00, 1.240568e+04
7.015116e-01, 1.000000e+00, 7.083410e+03, 0.000000e+00, 1.387500e+04
3.228950e+01, 1.000000e+00, 6.906404e+03, 0.000000e+00, 1.360616e+04
2.557228e+01, 1.000000e+00, 6.907941e+03, 0.000000e+00, 1.359587e+04
1.648500e+01, 1.000000e+00, 6.989663e+03, 0.000000e+00, 1.373813e+04
6.812868e-01, 1.000000e+00, 6.879206e+03, 0.000000e+00, 1.347577e+04
6.209685e-01, 1.000000e+00, 6.270384e+03, 0.000000e+00, 1.228512e+04
5.729230e-01, 1.000000e+00, 5.785401e+03, 0.000000e+00, 1.133672e+04
5.906932e-01, 1.000000e+00, 5.964701e+03, 0.000000e+00, 1.168750e+04
6.547815e-01, 1.000000e+00, 6.611504e+03, 0.000000e+00, 1.295257e+04
3.058326e+01, 1.000000e+00, 6.427506e+03, 0.000000e+00, 1.266368e+04
5.278187e+01, 1.000000e+00, 5.443467e+03, 0.000000e+00, 1.077798e+04
5.036277e-01, 1.000000e+00, 5.085678e+03, 0.000000e+00, 9.968866e+03
5.747199e-01, 1.000000e+00, 5.746428e+03, 0.000000e+00, 1.125256e+04
5.811917e-01, 1.000000e+00, 5.868637e+03, 0.000000e+00, 1.149994e+04
4.630523e-01, 1.000000e+00, 4.675795e+03, 0.000000e+00, 9.167927e+03
4.105969e+01, 1.000000e+00, 5.877610e+03, 0.000000e+00, 1.160611e+04
5.747783e-01, 1.000000e+00, 5.803624e+03, 0.000000e+00, 1.137335e+04
3.796669e+01, 1.000000e+00, 5.715105e+03, 0.000000e+00, 1.128131e+04
3.357370e+01, 1.000000e+00, 5.570798e+03, 0.000000e+00, 1.098963e+04
5.715586e-01, 1.000000e+00, 5.771288e+03, 0.000000e+00, 1.130979e+04
5.080642e-01, 1.250000e-01, 5.130244e+03, -8.750000e-01, 1.005654e+04
2.644893e+01, 1.250000e-01, 5.605401e+03, -8.750000e-01, 1.104338e+04
4.836963e-01, 1.250000e-01, 4.884132e+03, -8.750000e-01, 9.575529e+03
2.287680e+01, 1.250000e-01, 4.825554e+03, -8.750000e-01, 9.507052e+03
5.564569e-01, 1.250000e-01, 5.618698e+03, -8.750000e-01, 1.101179e+04
1.402450e+01, 1.250000e-01, 4.601606e+03, -8.750000e-01, 9.050365e+03
4.686842e-01, 1.250000e-01, 4.732447e+03, -8.750000e-01, 9.279196e+03
4.663356e-01, 1.250000e-01, 4.708666e+03, -8.750000e-01, 9.232835e+03
1.497540e+01, 1.250000e-01, 5.450892e+03, -8.750000e-01, 1.071767e+04
8.143893e+00, 1.250000e-01, 5.353284e+03, -8.750000e-01, 1.051273e+04
1.464287e+00, 1.250000e-01, 4.548896e+03, -8.750000e-01, 8.924220e+03
5.552724e-01, 1.250000e-01, 5.606744e+03, -8.750000e-01, 1.098841e+04
