6.168725e+12, 1.000000e+00, 6.228615e+16, 0.000000e+00, 1.221530e+17
6.224051e+12, 1.000000e+00, 6.284479e+16, 0.000000e+00, 1.232485e+17
6.047584e+12, 1.000000e+00, 6.106298e+16, 0.000000e+00, 1.197541e+17
6.106773e+12, 1.000000e+00, 6.166061e+16, 0.000000e+00, 1.209262e+17
6.214945e+12, 1.000000e+00, 6.275284e+16, 0.000000e+00, 1.230682e+17
6.068308e+12, 1.000000e+00, 6.127223e+16, 0.000000e+00, 1.201645e+17
6.117749e+12, 1.000000e+00, 6.177144e+16, 0.000000e+00, 1.211435e+17
5.890203e+12, 1.000000e+00, 5.947390e+16, 0.000000e+00, 1.166377e+17
6.007782e+12, 1.000000e+00, 6.066110e+16, 0.000000e+00, 1.189660e+17
5.938047e+12, 1.000000e+00, 5.995697e+16, 0.000000e+00, 1.175851e+17
5.353592e+12, 1.000000e+00, 5.405568e+16, 0.000000e+00, 1.060117e+17
5.946906e+12, 1.000000e+00, 6.004643e+16, 0.000000e+00, 1.177605e+17
5.815374e+12, 1.000000e+00, 5.871834e+16, 0.000000e+00, 1.151559e+17
5.736498e+12, 1.000000e+00, 5.792192e+16, 0.000000e+00, 1.135940e+17
5.706168e+12, 1.000000e+00, 5.761567e+16, 0.000000e+00, 1.129934e+17
5.595959e+12, 1.000000e+00, 5.650288e+16, 0.000000e+00, 1.108111e+17
5.692514e+12, 1.000000e+00, 5.747781e+16, 0.000000e+00, 1.127231e+17
5.374745e+12, 1.000000e+00, 5.426927e+16, 0.000000e+00, 1.064306e+17
5.300764e+12, 1.000000e+00, 5.352227e+16, 0.000000e+00, 1.049656e+17
5.178182e+12, 1.000000e+00, 5.228456e+16, 0.000000e+00, 1.025383e+17
5.016275e+12, 1.000000e+00, 5.064976e+16, 0.000000e+00, 9.933217e+16
5.103636e+12, 1.000000e+00, 5.153186e+16, 0.000000e+00, 1.010621e+17
5.150022e+12, 1.000000e+00, 5.200022e+16, 0.000000e+00, 1.019806e+17
4.859789e+12, 1.000000e+00, 4.906971e+16, 0.000000e+00, 9.623345e+16
4.927754e+12, 1.000000e+00, 4.975597e+16, 0.000000e+00, 9.757930e+16
5.073398e+12, 1.000000e+00, 5.122654e+16, 0.000000e+00, 1.004633e+17
5.021029e+12, 1.000000e+00, 5.069776e+16, 0.000000e+00, 9.942631e+16
4.907657e+12, 1.000000e+00, 4.955304e+16, 0.000000e+00, 9.718133e+16
4.864223e+12, 1.000000e+00, 4.911448e+16, 0.000000e+00, 9.632125e+16
4.944886e+12, 1.000000e+00, 4.992895e+16, 0.000000e+00, 9.791854e+16
5.079895e+12, 1.000000e+00, 5.129214e+16, 0.000000e+00, 1.005920e+17
4.694715e+12, 1.000000e+00, 4.740295e+16, 0.000000e+00, 9.296466e+16
4.638670e+12, 1.000000e+00, 4.683706e+16, 0.000000e+00, 9.185485e+16
4.446988e+12, 1.000000e+00, 4.490163e+16, 0.000000e+00, 8.805917e+16
4.590294e+12, 1.000000e+00, 4.634860e+16, 0.000000e+00, 9.089692e+16
4.570048e+12, 1.000000e+00, 4.614418e+16, 0.000000e+00, 9.049601e+16
4.740589e+12, 1.000000e+00, 4.786614e+16, 0.000000e+00, 9.387306e+16
4.629971e+12, 1.000000e+00, 4.674922e+16, 0.000000e+00, 9.168259e+16
4.812376e+12, 1.000000e+00, 4.859098e+16, 0.000000e+00, 9.529458e+16
4.667721e+12, 1.000000e+00, 4.713038e+16, 0.000000e+00, 9.243011e+16
4.682072e+12, 1.000000e+00, 4.727529e+16, 0.000000e+00, 9.271431e+16
4.170776e+12, 1.000000e+00, 4.211269e+16, 0.000000e+00, 8.258962e+16
4.023679e+12, 1.000000e+00, 4.062744e+16, 0.000000e+00, 7.967682e+16
3.967854e+12, 1.000000e+00, 4.006376e+16, 0.000000e+00, 7.857136e+16
4.417683e+12, 1.000000e+00, 4.460573e+16, 0.000000e+00, 8.747888e+16
4.284127e+12, 1.000000e+00, 4.325720e+16, 0.000000e+00, 8.483419e+16
4.166841e+12, 1.000000e+00, 4.207296e+16, 0.000000e+00, 8.251171e+16
4.134729e+12, 1.000000e+00, 4.174872e+16, 0.000000e+00, 8.187582e+16
4.119765e+12, 1.000000e+00, 4.159763e+16, 0.000000e+00, 8.157950e+16
4.303646e+12, 1.000000e+00, 4.345429e+16, 0.000000e+00, 8.522072e+16
4.338509e+12, 1.000000e+00, 4.380631e+16, 0.000000e+00, 8.591108e+16
4.068519e+12, 1.000000e+00, 4.108019e+16, 0.000000e+00, 8.056473e+16
4.063871e+12, 1.000000e+00, 4.103326e+16, 0.000000e+00, 8.047270e+16
3.810172e+12, 1.000000e+00, 3.847164e+16, 0.000000e+00, 7.544896e+16
3.835699e+12, 1.000000e+00, 3.872938e+16, 0.000000e+00, 7.595443e+16
3.682009e+12, 1.000000e+00, 3.717756e+16, 0.000000e+00, 7.291106e+16
4.016201e+12, 1.000000e+00, 4.055194e+16, 0.000000e+00, 7.952874e+16
3.665223e+12, 1.000000e+00, 3.700807e+16, 0.000000e+00, 7.257866e+16
4.643794e+12, 1.000000e+00, 4.688879e+16, 0.000000e+00, 9.195631e+16
4.873835e+12, 1.000000e+00, 4.921154e+16, 0.000000e+00, 9.651159e+16
3.660572e+12, 1.000000e+00, 3.696111e+16, 0.000000e+00, 7.248657e+16
6.110352e+12, 1.000000e+00, 6.169675e+16, 0.000000e+00, 1.209971e+17
6.086913e+12, 1.000000e+00, 6.146009e+16, 0.000000e+00, 1.205329e+17
6.086374e+12, 1.000000e+00, 6.145464e+16, 0.000000e+00, 1.205222e+17
6.014237e+12, 1.000000e+00, 6.072627e+16, 0.000000e+00, 1.190938e+17
5.500890e+12, 1.000000e+00, 5.554296e+16, 0.000000e+00, 1.089285e+17
5.306743e+12, 1.000000e+00, 5.358265e+16, 0.000000e+00, 1.050840e+17
4.960476e+12, 1.000000e+00, 5.008636e+16, 0.000000e+00, 9.822726e+16
5.509424e+12, 1.000000e+00, 5.562913e+16, 0.000000e+00, 1.090975e+17
5.388158e+12, 1.000000e+00, 5.440470e+16, 0.000000e+00, 1.066962e+17
5.357431e+12, 1.000000e+00, 5.409445e+16, 0.000000e+00, 1.060877e+17
5.418028e+12, 1.000000e+00, 5.470630e+16, 0.000000e+00, 1.072877e+17
5.362697e+12, 1.000000e+00, 5.414762e+16, 0.000000e+00, 1.061920e+17
4.929312e+12, 1.000000e+00, 4.977169e+16, 0.000000e+00, 9.761013e+16
4.586743e+12, 1.000000e+00, 4.631274e+16, 0.000000e+00, 9.082659e+16
4.710941e+12, 1.000000e+00, 4.756679e+16, 0.000000e+00, 9.328597e+16
5.172305e+12, 1.000000e+00, 5.222521e+16, 0.000000e+00, 1.024219e+17
5.046093e+12, 1.000000e+00, 5.095084e+16, 0.000000e+00, 9.992264e+16
4.347432e+12, 1.000000e+00, 4.389640e+16, 0.000000e+00, 8.608776e+16
4.116720e+12, 1.000000e+00, 4.156688e+16, 0.000000e+00, 8.151922e+16
4.562683e+12, 1.000000e+00, 4.606981e+16, 0.000000e+00, 9.035016e+16
4.647737e+12, 1.000000e+00, 4.692860e+16, 0.000000e+00, 9.203439e+16
3.795095e+12, 1.000000e+00, 3.831940e+16, 0.000000e+00, 7.515039e+16
4.654720e+12, 1.000000e+00, 4.699911e+16, 0.000000e+00, 9.217266e+16
4.594043e+12, 1.000000e+00, 4.638645e+16, 0.000000e+00, 9.097115e+16
4.534273e+12, 1.000000e+00, 4.578295e+16, 0.000000e+00, 8.978758e+16
4.435309e+12, 1.000000e+00, 4.478370e+16, 0.000000e+00, 8.782790e+16
4.575616e+12, 1.000000e+00, 4.620039e+16, 0.000000e+00, 9.060625e+16
4.132342e+12, 1.250000e-01, 4.172462e+16, -8.750000e-01, 8.182855e+16
4.455883e+12, 1.250000e-01, 4.499144e+16, -8.750000e-01, 8.823531e+16
3.945633e+12, 1.250000e-01, 3.983940e+16, -8.750000e-01, 7.813134e+16
3.900417e+12, 1.250000e-01, 3.938285e+16, -8.750000e-01, 7.723598e+16
4.465829e+12, 1.250000e-01, 4.509187e+16, -8.750000e-01, 8.843226e+16
3.742410e+12, 1.250000e-01, 3.778744e+16, -8.750000e-01, 7.410713e+16
3.832585e+12, 1.250000e-01, 3.869794e+16, -8.750000e-01, 7.589277e+16
3.825547e+12, 1.250000e-01, 3.862688e+16, -8.750000e-01, 7.575340e+16
4.346732e+12, 1.250000e-01, 4.388933e+16, -8.750000e-01, 8.607390e+16
4.281647e+12, 1.250000e-01, 4.323216e+16, -8.750000e-01, 8.478509e+16
3.712522e+12, 1.250000e-01, 3.748566e+16, -8.750000e-01, 7.351528e+16
4.455195e+12, 1.250000e-01, 4.498449e+16, -8.750000e-01, 8.822169e+16
