1.510186e+04, 1.000000e+00, 1.524848e+08, 0.000000e+00, 2.990467e+08
1.523731e+04, 1.000000e+00, 1.538524e+08, 0.000000e+00, 3.017288e+08
1.480529e+04, 1.000000e+00, 1.494903e+08, 0.000000e+00, 2.931741e+08
1.495019e+04, 1.000000e+00, 1.509534e+08, 0.000000e+00, 2.960434e+08
1.521501e+04, 1.000000e+00, 1.536273e+08, 0.000000e+00, 3.012874e+08
1.485602e+04, 1.000000e+00, 1.500026e+08, 0.000000e+00, 2.941787e+08
1.497706e+04, 1.000000e+00, 1.512247e+08, 0.000000e+00, 2.965755e+08
1.442000e+04, 1.000000e+00, 1.456000e+08, 0.000000e+00, 2.855446e+08
1.470785e+04, 1.000000e+00, 1.485064e+08, 0.000000e+00, 2.912446e+08
1.453713e+04, 1.000000e+00, 1.467826e+08, 0.000000e+00, 2.878639e+08
1.310631e+04, 1.000000e+00, 1.323355e+08, 0.000000e+00, 2.595308e+08
1.455882e+04, 1.000000e+00, 1.470017e+08, 0.000000e+00, 2.882934e+08
1.423681e+04, 1.000000e+00, 1.437503e+08, 0.000000e+00, 2.819170e+08
1.404371e+04, 1.000000e+00, 1.418006e+08, 0.000000e+00, 2.780933e+08
1.396946e+04, 1.000000e+00, 1.410508e+08, 0.000000e+00, 2.766229e+08
1.369965e+04, 1.000000e+00, 1.383266e+08, 0.000000e+00, 2.712802e+08
1.393603e+04, 1.000000e+00, 1.407133e+08, 0.000000e+00, 2.759610e+08
1.315809e+04, 1.000000e+00, 1.328584e+08, 0.000000e+00, 2.605563e+08
1.297697e+04, 1.000000e+00, 1.310296e+08, 0.000000e+00, 2.569698e+08
1.267688e+04, 1.000000e+00, 1.279996e+08, 0.000000e+00, 2.510273e+08
1.228051e+04, 1.000000e+00, 1.239974e+08, 0.000000e+00, 2.431784e+08
1.249438e+04, 1.000000e+00, 1.261568e+08, 0.000000e+00, 2.474135e+08
1.260794e+04, 1.000000e+00, 1.273034e+08, 0.000000e+00, 2.496621e+08
1.189741e+04, 1.000000e+00, 1.201292e+08, 0.000000e+00, 2.355923e+08
1.206380e+04, 1.000000e+00, 1.218092e+08, 0.000000e+00, 2.388871e+08
1.242035e+04, 1.000000e+00, 1.254094e+08, 0.000000e+00, 2.459476e+08
1.229215e+04, 1.000000e+00, 1.241149e+08, 0.000000e+00, 2.434088e+08
1.201460e+04, 1.000000e+00, 1.213124e+08, 0.000000e+00, 2.379128e+08
1.190827e+04, 1.000000e+00, 1.202388e+08, 0.000000e+00, 2.358072e+08
1.210574e+04, 1.000000e+00, 1.222327e+08, 0.000000e+00, 2.397176e+08
1.243626e+04, 1.000000e+00, 1.255700e+08, 0.000000e+00, 2.462626e+08
1.149329e+04, 1.000000e+00, 1.160487e+08, 0.000000e+00, 2.275898e+08
1.135608e+04, 1.000000e+00, 1.146633e+08, 0.000000e+00, 2.248729e+08
1.088682e+04, 1.000000e+00, 1.099252e+08, 0.000000e+00, 2.155806e+08
1.123765e+04, 1.000000e+00, 1.134675e+08, 0.000000e+00, 2.225278e+08
1.118809e+04, 1.000000e+00, 1.129671e+08, 0.000000e+00, 2.215463e+08
1.160559e+04, 1.000000e+00, 1.171827e+08, 0.000000e+00, 2.298137e+08
1.133478e+04, 1.000000e+00, 1.144483e+08, 0.000000e+00, 2.244512e+08
1.178134e+04, 1.000000e+00, 1.189572e+08, 0.000000e+00, 2.332938e+08
1.142720e+04, 1.000000e+00, 1.153814e+08, 0.000000e+00, 2.262812e+08
1.146234e+04, 1.000000e+00, 1.157362e+08, 0.000000e+00, 2.269770e+08
1.021061e+04, 1.000000e+00, 1.030975e+08, 0.000000e+00, 2.021904e+08
9.850502e+03, 1.000000e+00, 9.946138e+07, 0.000000e+00, 1.950594e+08
9.713834e+03, 1.000000e+00, 9.808143e+07, 0.000000e+00, 1.923531e+08
1.081508e+04, 1.000000e+00, 1.092008e+08, 0.000000e+00, 2.141599e+08
1.048811e+04, 1.000000e+00, 1.058994e+08, 0.000000e+00, 2.076854e+08
1.020098e+04, 1.000000e+00, 1.030002e+08, 0.000000e+00, 2.019996e+08
1.012237e+04, 1.000000e+00, 1.022064e+08, 0.000000e+00, 2.004429e+08
1.008573e+04, 1.000000e+00, 1.018365e+08, 0.000000e+00, 1.997175e+08
1.053590e+04, 1.000000e+00, 1.063819e+08, 0.000000e+00, 2.086317e+08
1.062125e+04, 1.000000e+00, 1.072437e+08, 0.000000e+00, 2.103217e+08
9.960275e+03, 1.000000e+00, 1.005698e+08, 0.000000e+00, 1.972332e+08
9.948898e+03, 1.000000e+00, 1.004549e+08, 0.000000e+00, 1.970079e+08
9.327809e+03, 1.000000e+00, 9.418370e+07, 0.000000e+00, 1.847091e+08
9.390301e+03, 1.000000e+00, 9.481468e+07, 0.000000e+00, 1.859465e+08
9.014047e+03, 1.000000e+00, 9.101562e+07, 0.000000e+00, 1.784960e+08
9.832196e+03, 1.000000e+00, 9.927654e+07, 0.000000e+00, 1.946969e+08
8.972952e+03, 1.000000e+00, 9.060068e+07, 0.000000e+00, 1.776822e+08
1.136862e+04, 1.000000e+00, 1.147900e+08, 0.000000e+00, 2.251213e+08
1.193180e+04, 1.000000e+00, 1.204764e+08, 0.000000e+00, 2.362732e+08
8.961567e+03, 1.000000e+00, 9.048572e+07, 0.000000e+00, 1.774568e+08
1.495895e+04, 1.000000e+00, 1.510419e+08, 0.000000e+00, 2.962169e+08
1.490157e+04, 1.000000e+00, 1.504625e+08, 0.000000e+00, 2.950807e+08
1.490025e+04, 1.000000e+00, 1.504491e+08, 0.000000e+00, 2.950545e+08
1.472365e+04, 1.000000e+00, 1.486660e+08, 0.000000e+00, 2.915575e+08
1.346691e+04, 1.000000e+00, 1.359766e+08, 0.000000e+00, 2.666715e+08
1.299161e+04, 1.000000e+00, 1.311775e+08, 0.000000e+00, 2.572597e+08
1.214391e+04, 1.000000e+00, 1.226181e+08, 0.000000e+00, 2.404734e+08
1.348780e+04, 1.000000e+00, 1.361875e+08, 0.000000e+00, 2.670852e+08
1.319093e+04, 1.000000e+00, 1.331899e+08, 0.000000e+00, 2.612065e+08
1.311570e+04, 1.000000e+00, 1.324304e+08, 0.000000e+00, 2.597169e+08
1.326405e+04, 1.000000e+00, 1.339283e+08, 0.000000e+00, 2.626545e+08
1.312860e+04, 1.000000e+00, 1.325606e+08, 0.000000e+00, 2.599722e+08
1.206761e+04, 1.000000e+00, 1.218477e+08, 0.000000e+00, 2.389626e+08
1.122896e+04, 1.000000e+00, 1.133797e+08, 0.000000e+00, 2.223556e+08
1.153301e+04, 1.000000e+00, 1.164498e+08, 0.000000e+00, 2.283765e+08
1.266249e+04, 1.000000e+00, 1.278543e+08, 0.000000e+00, 2.507424e+08
1.235351e+04, 1.000000e+00, 1.247344e+08, 0.000000e+00, 2.446239e+08
1.064309e+04, 1.000000e+00, 1.074642e+08, 0.000000e+00, 2.107543e+08
1.007828e+04, 1.000000e+00, 1.017613e+08, 0.000000e+00, 1.995699e+08
1.117006e+04, 1.000000e+00, 1.127850e+08, 0.000000e+00, 2.211892e+08
1.137828e+04, 1.000000e+00, 1.148875e+08, 0.000000e+00, 2.253124e+08
9.290897e+03, 1.000000e+00, 9.381099e+07, 0.000000e+00, 1.839781e+08
1.139537e+04, 1.000000e+00, 1.150601e+08, 0.000000e+00, 2.256509e+08
1.124683e+04, 1.000000e+00, 1.135602e+08, 0.000000e+00, 2.227095e+08
1.110050e+04, 1.000000e+00, 1.120828e+08, 0.000000e+00, 2.198120e+08
1.085823e+04, 1.000000e+00, 1.096365e+08, 0.000000e+00, 2.150144e+08
1.120172e+04, 1.000000e+00, 1.131047e+08, 0.000000e+00, 2.218162e+08
1.011652e+04, 1.250000e-01, 1.021474e+08, -8.750000e-01, 2.003272e+08
1.090860e+04, 1.250000e-01, 1.101450e+08, -8.750000e-01, 2.160118e+08
9.659434e+03, 1.250000e-01, 9.753214e+07, -8.750000e-01, 1.912759e+08
9.548739e+03, 1.250000e-01, 9.641445e+07, -8.750000e-01, 1.890839e+08
1.093294e+04, 1.250000e-01, 1.103909e+08, -8.750000e-01, 2.164939e+08
9.161918e+03, 1.250000e-01, 9.250869e+07, -8.750000e-01, 1.814241e+08
9.382677e+03, 1.250000e-01, 9.473771e+07, -8.750000e-01, 1.857956e+08
9.365448e+03, 1.250000e-01, 9.456374e+07, -8.750000e-01, 1.854544e+08
1.064138e+04, 1.250000e-01, 1.074469e+08, -8.750000e-01, 2.107204e+08
1.048204e+04, 1.250000e-01, 1.058381e+08, -8.750000e-01, 2.075652e+08
9.088747e+03, 1.250000e-01, 9.176987e+07, -8.750000e-01, 1.799752e+08
1.090691e+04, 1.250000e-01, 1.101280e+08, -8.750000e-01, 2.159784e+08
