4.859853e+05, 1.000000e+00, 4.907036e+09, 0.000000e+00, 9.623471e+09
4.903440e+05, 1.000000e+00, 4.951046e+09, 0.000000e+00, 9.709782e+09
4.764415e+05, 1.000000e+00, 4.810672e+09, 0.000000e+00, 9.434486e+09
4.811045e+05, 1.000000e+00, 4.857754e+09, 0.000000e+00, 9.526822e+09
4.896266e+05, 1.000000e+00, 4.943802e+09, 0.000000e+00, 9.695576e+09
4.780742e+05, 1.000000e+00, 4.827157e+09, 0.000000e+00, 9.466816e+09
4.819692e+05, 1.000000e+00, 4.866485e+09, 0.000000e+00, 9.543945e+09
4.640428e+05, 1.000000e+00, 4.685480e+09, 0.000000e+00, 9.188965e+09
4.733058e+05, 1.000000e+00, 4.779010e+09, 0.000000e+00, 9.372393e+09
4.678119e+05, 1.000000e+00, 4.723538e+09, 0.000000e+00, 9.263603e+09
4.217674e+05, 1.000000e+00, 4.258622e+09, 0.000000e+00, 8.351829e+09
4.685099e+05, 1.000000e+00, 4.730585e+09, 0.000000e+00, 9.277424e+09
4.581475e+05, 1.000000e+00, 4.625955e+09, 0.000000e+00, 9.072228e+09
4.519335e+05, 1.000000e+00, 4.563212e+09, 0.000000e+00, 8.949179e+09
4.495440e+05, 1.000000e+00, 4.539085e+09, 0.000000e+00, 8.901862e+09
4.408615e+05, 1.000000e+00, 4.451417e+09, 0.000000e+00, 8.729931e+09
4.484684e+05, 1.000000e+00, 4.528224e+09, 0.000000e+00, 8.880562e+09
4.234339e+05, 1.000000e+00, 4.275449e+09, 0.000000e+00, 8.384829e+09
4.176054e+05, 1.000000e+00, 4.216598e+09, 0.000000e+00, 8.269414e+09
4.079482e+05, 1.000000e+00, 4.119089e+09, 0.000000e+00, 8.078183e+09
3.951928e+05, 1.000000e+00, 3.990296e+09, 0.000000e+00, 7.825600e+09
4.020753e+05, 1.000000e+00, 4.059789e+09, 0.000000e+00, 7.961887e+09
4.057297e+05, 1.000000e+00, 4.096688e+09, 0.000000e+00, 8.034251e+09
3.828645e+05, 1.000000e+00, 3.865816e+09, 0.000000e+00, 7.581476e+09
3.882190e+05, 1.000000e+00, 3.919881e+09, 0.000000e+00, 7.687505e+09
3.996931e+05, 1.000000e+00, 4.035736e+09, 0.000000e+00, 7.914715e+09
3.955673e+05, 1.000000e+00, 3.994078e+09, 0.000000e+00, 7.833016e+09
3.866357e+05, 1.000000e+00, 3.903894e+09, 0.000000e+00, 7.656152e+09
3.832138e+05, 1.000000e+00, 3.869343e+09, 0.000000e+00, 7.588393e+09
3.895687e+05, 1.000000e+00, 3.933509e+09, 0.000000e+00, 7.714231e+09
4.002049e+05, 1.000000e+00, 4.040904e+09, 0.000000e+00, 7.924850e+09
3.698596e+05, 1.000000e+00, 3.734505e+09, 0.000000e+00, 7.323953e+09
3.654443e+05, 1.000000e+00, 3.689923e+09, 0.000000e+00, 7.236521e+09
3.503432e+05, 1.000000e+00, 3.537446e+09, 0.000000e+00, 6.937489e+09
3.616332e+05, 1.000000e+00, 3.651441e+09, 0.000000e+00, 7.161053e+09
3.600381e+05, 1.000000e+00, 3.635336e+09, 0.000000e+00, 7.129468e+09
3.734737e+05, 1.000000e+00, 3.770996e+09, 0.000000e+00, 7.395519e+09
3.647590e+05, 1.000000e+00, 3.683003e+09, 0.000000e+00, 7.222950e+09
3.791293e+05, 1.000000e+00, 3.828101e+09, 0.000000e+00, 7.507510e+09
3.677330e+05, 1.000000e+00, 3.713032e+09, 0.000000e+00, 7.281841e+09
3.688636e+05, 1.000000e+00, 3.724448e+09, 0.000000e+00, 7.304230e+09
3.285826e+05, 1.000000e+00, 3.317727e+09, 0.000000e+00, 6.506586e+09
3.169940e+05, 1.000000e+00, 3.200716e+09, 0.000000e+00, 6.277109e+09
3.125960e+05, 1.000000e+00, 3.156309e+09, 0.000000e+00, 6.190019e+09
3.480345e+05, 1.000000e+00, 3.514135e+09, 0.000000e+00, 6.891772e+09
3.375126e+05, 1.000000e+00, 3.407894e+09, 0.000000e+00, 6.683418e+09
3.282726e+05, 1.000000e+00, 3.314597e+09, 0.000000e+00, 6.500448e+09
3.257427e+05, 1.000000e+00, 3.289053e+09, 0.000000e+00, 6.450351e+09
3.245638e+05, 1.000000e+00, 3.277149e+09, 0.000000e+00, 6.427007e+09
3.390504e+05, 1.000000e+00, 3.423421e+09, 0.000000e+00, 6.713869e+09
3.417970e+05, 1.000000e+00, 3.451154e+09, 0.000000e+00, 6.768257e+09
3.205265e+05, 1.000000e+00, 3.236384e+09, 0.000000e+00, 6.347060e+09
3.201604e+05, 1.000000e+00, 3.232688e+09, 0.000000e+00, 6.339810e+09
3.001735e+05, 1.000000e+00, 3.030878e+09, 0.000000e+00, 5.944029e+09
3.021845e+05, 1.000000e+00, 3.051183e+09, 0.000000e+00, 5.983851e+09
2.900765e+05, 1.000000e+00, 2.928927e+09, 0.000000e+00, 5.744088e+09
3.164049e+05, 1.000000e+00, 3.194768e+09, 0.000000e+00, 6.265443e+09
2.887540e+05, 1.000000e+00, 2.915575e+09, 0.000000e+00, 5.717901e+09
3.658479e+05, 1.000000e+00, 3.693998e+09, 0.000000e+00, 7.244514e+09
3.839711e+05, 1.000000e+00, 3.876990e+09, 0.000000e+00, 7.603388e+09
2.883876e+05, 1.000000e+00, 2.911875e+09, 0.000000e+00, 5.710646e+09
4.813865e+05, 1.000000e+00, 4.860601e+09, 0.000000e+00, 9.532406e+09
4.795400e+05, 1.000000e+00, 4.841957e+09, 0.000000e+00, 9.495841e+09
4.794975e+05, 1.000000e+00, 4.841528e+09, 0.000000e+00, 9.494999e+09
4.738144e+05, 1.000000e+00, 4.784145e+09, 0.000000e+00, 9.382463e+09
4.333718e+05, 1.000000e+00, 4.375793e+09, 0.000000e+00, 8.581620e+09
4.180765e+05, 1.000000e+00, 4.221355e+09, 0.000000e+00, 8.278743e+09
3.907969e+05, 1.000000e+00, 3.945910e+09, 0.000000e+00, 7.738552e+09
4.340441e+05, 1.000000e+00, 4.382581e+09, 0.000000e+00, 8.594933e+09
4.244905e+05, 1.000000e+00, 4.286118e+09, 0.000000e+00, 8.405753e+09
4.220698e+05, 1.000000e+00, 4.261675e+09, 0.000000e+00, 8.357818e+09
4.268438e+05, 1.000000e+00, 4.309879e+09, 0.000000e+00, 8.452352e+09
4.224847e+05, 1.000000e+00, 4.265865e+09, 0.000000e+00, 8.366034e+09
3.883417e+05, 1.000000e+00, 3.921119e+09, 0.000000e+00, 7.689934e+09
3.613533e+05, 1.000000e+00, 3.648616e+09, 0.000000e+00, 7.155512e+09
3.711380e+05, 1.000000e+00, 3.747413e+09, 0.000000e+00, 7.349267e+09
4.074852e+05, 1.000000e+00, 4.114413e+09, 0.000000e+00, 8.069014e+09
3.975419e+05, 1.000000e+00, 4.014016e+09, 0.000000e+00, 7.872118e+09
3.424999e+05, 1.000000e+00, 3.458252e+09, 0.000000e+00, 6.782177e+09
3.243240e+05, 1.000000e+00, 3.274727e+09, 0.000000e+00, 6.422257e+09
3.594579e+05, 1.000000e+00, 3.629478e+09, 0.000000e+00, 7.117978e+09
3.661586e+05, 1.000000e+00, 3.697135e+09, 0.000000e+00, 7.250665e+09
2.989856e+05, 1.000000e+00, 3.018884e+09, 0.000000e+00, 5.920507e+09
3.667087e+05, 1.000000e+00, 3.702690e+09, 0.000000e+00, 7.261559e+09
3.619285e+05, 1.000000e+00, 3.654423e+09, 0.000000e+00, 7.166901e+09
3.572197e+05, 1.000000e+00, 3.606878e+09, 0.000000e+00, 7.073657e+09
3.494231e+05, 1.000000e+00, 3.528155e+09, 0.000000e+00, 6.919269e+09
3.604767e+05, 1.000000e+00, 3.639765e+09, 0.000000e+00, 7.138153e+09
3.255547e+05, 1.250000e-01, 3.287154e+09, -8.750000e-01, 6.446627e+09
3.510440e+05, 1.250000e-01, 3.544521e+09, -8.750000e-01, 6.951366e+09
3.108453e+05, 1.250000e-01, 3.138632e+09, -8.750000e-01, 6.155353e+09
3.072831e+05, 1.250000e-01, 3.102665e+09, -8.750000e-01, 6.084815e+09
3.518275e+05, 1.250000e-01, 3.552433e+09, -8.750000e-01, 6.966882e+09
2.948350e+05, 1.250000e-01, 2.976975e+09, -8.750000e-01, 5.838318e+09
3.019392e+05, 1.250000e-01, 3.048706e+09, -8.750000e-01, 5.978994e+09
3.013847e+05, 1.250000e-01, 3.043108e+09, -8.750000e-01, 5.968014e+09
3.424448e+05, 1.250000e-01, 3.457695e+09, -8.750000e-01, 6.781085e+09
3.373172e+05, 1.250000e-01, 3.405922e+09, -8.750000e-01, 6.679549e+09
2.924804e+05, 1.250000e-01, 2.953200e+09, -8.750000e-01, 5.791690e+09
3.509898e+05, 1.250000e-01, 3.543974e+09, -8.750000e-01, 6.950292e+09
