1.409226e+01, 1.000000e+00, 6.129761e+04, 0.000000e+00, 1.201355e+05
1.395046e+01, 1.000000e+00, 6.194941e+04, 0.000000e+00, 1.215078e+05
2.349304e+01, 1.000000e+00, 5.929052e+04, 0.000000e+00, 1.163155e+05
2.601758e+01, 1.000000e+00, 6.054226e+04, 0.000000e+00, 1.187755e+05
1.347207e+01, 1.000000e+00, 6.114643e+04, 0.000000e+00, 1.198474e+05
5.951759e+00, 1.000000e+00, 6.009568e+04, 0.000000e+00, 1.166056e+05
1.406947e+01, 1.000000e+00, 6.079518e+04, 0.000000e+00, 1.191870e+05
6.139541e+00, 1.000000e+00, 5.824260e+04, 0.000000e+00, 1.140314e+05
1.622233e+01, 1.000000e+00, 5.930092e+04, 0.000000e+00, 1.161938e+05
5.790141e+00, 1.000000e+00, 5.846373e+04, 0.000000e+00, 1.135219e+05
1.042540e+01, 1.000000e+00, 5.262773e+04, 0.000000e+00, 1.033089e+05
9.827358e+00, 1.000000e+00, 5.856417e+04, 0.000000e+00, 1.147103e+05
5.669384e+00, 1.000000e+00, 5.724304e+04, 0.000000e+00, 1.112178e+05
5.586426e+00, 1.000000e+00, 5.640622e+04, 0.000000e+00, 1.096350e+05
1.866145e+01, 1.000000e+00, 5.638379e+04, 0.000000e+00, 1.106050e+05
9.841063e+00, 1.000000e+00, 5.512888e+04, 0.000000e+00, 1.077538e+05
1.062328e+01, 1.000000e+00, 5.592656e+04, 0.000000e+00, 1.096172e+05
1.800278e+01, 1.000000e+00, 5.240404e+04, 0.000000e+00, 1.028067e+05
1.063534e+01, 1.000000e+00, 5.201375e+04, 0.000000e+00, 1.019900e+05
1.168456e+01, 1.000000e+00, 5.065546e+04, 0.000000e+00, 9.935559e+04
2.421406e+01, 1.000000e+00, 4.910594e+04, 0.000000e+00, 9.634176e+04
4.960359e+00, 1.000000e+00, 5.001087e+04, 0.000000e+00, 9.741009e+04
4.971160e+00, 1.000000e+00, 5.019413e+04, 0.000000e+00, 9.789556e+04
4.711185e+00, 1.000000e+00, 4.756911e+04, 0.000000e+00, 9.293517e+04
4.750372e+00, 1.000000e+00, 4.796444e+04, 0.000000e+00, 9.368287e+04
1.303164e+01, 1.000000e+00, 4.974244e+04, 0.000000e+00, 9.768756e+04
6.139799e+00, 1.000000e+00, 4.906115e+04, 0.000000e+00, 9.619847e+04
3.107764e+01, 1.000000e+00, 4.784563e+04, 0.000000e+00, 9.388395e+04
1.941167e+01, 1.000000e+00, 4.735132e+04, 0.000000e+00, 9.287164e+04
5.799437e+00, 1.000000e+00, 4.826265e+04, 0.000000e+00, 9.411326e+04
4.925460e+00, 1.000000e+00, 4.973295e+04, 0.000000e+00, 9.702359e+04
2.582446e+01, 1.000000e+00, 4.557509e+04, 0.000000e+00, 8.941944e+04
2.595406e+01, 1.000000e+00, 4.505936e+04, 0.000000e+00, 8.841014e+04
1.147725e+01, 1.000000e+00, 4.301176e+04, 0.000000e+00, 8.439598e+04
2.048809e+01, 1.000000e+00, 4.452634e+04, 0.000000e+00, 8.735293e+04
1.904408e+01, 1.000000e+00, 4.431562e+04, 0.000000e+00, 8.695744e+04
9.599212e+00, 1.000000e+00, 4.614081e+04, 0.000000e+00, 9.056050e+04
1.468595e+01, 1.000000e+00, 4.493345e+04, 0.000000e+00, 8.826297e+04
5.608699e+00, 1.000000e+00, 4.697416e+04, 0.000000e+00, 9.210265e+04
1.649156e+01, 1.000000e+00, 4.540037e+04, 0.000000e+00, 8.905908e+04
1.863419e+01, 1.000000e+00, 4.550138e+04, 0.000000e+00, 8.921325e+04
3.966497e+00, 1.000000e+00, 4.005038e+04, 0.000000e+00, 7.872635e+04
9.431215e+00, 1.000000e+00, 3.828388e+04, 0.000000e+00, 7.519424e+04
8.294410e+00, 1.000000e+00, 3.779374e+04, 0.000000e+00, 7.409982e+04
4.227491e+00, 1.000000e+00, 4.268556e+04, 0.000000e+00, 8.370616e+04
8.455487e+00, 1.000000e+00, 4.126776e+04, 0.000000e+00, 8.080837e+04
1.820075e+01, 1.000000e+00, 4.004105e+04, 0.000000e+00, 7.860974e+04
3.935876e+00, 1.000000e+00, 3.974118e+04, 0.000000e+00, 7.814209e+04
1.312147e+01, 1.000000e+00, 3.936439e+04, 0.000000e+00, 7.721431e+04
7.221722e+00, 1.000000e+00, 4.148981e+04, 0.000000e+00, 8.137039e+04
8.046476e+00, 1.000000e+00, 4.190175e+04, 0.000000e+00, 8.236072e+04
1.212634e+01, 1.000000e+00, 3.892575e+04, 0.000000e+00, 7.638667e+04
2.412589e+01, 1.000000e+00, 3.903351e+04, 0.000000e+00, 7.658717e+04
3.566521e+00, 1.000000e+00, 3.601230e+04, 0.000000e+00, 7.109471e+04
3.616334e+00, 1.000000e+00, 3.651463e+04, 0.000000e+00, 7.204516e+04
6.385593e+00, 1.000000e+00, 3.502486e+04, 0.000000e+00, 6.869546e+04
1.730194e+01, 1.000000e+00, 3.857596e+04, 0.000000e+00, 7.574433e+04
3.380596e+01, 1.000000e+00, 3.466571e+04, 0.000000e+00, 6.804094e+04
1.887914e+01, 1.000000e+00, 4.505614e+04, 0.000000e+00, 8.838799e+04
1.831463e+01, 1.000000e+00, 4.753456e+04, 0.000000e+00, 9.318972e+04
3.449009e+00, 1.000000e+00, 3.482703e+04, 0.000000e+00, 6.885255e+04
5.944880e+00, 1.000000e+00, 5.997057e+04, 0.000000e+00, 1.160624e+05
5.956110e+00, 1.000000e+00, 6.013731e+04, 0.000000e+00, 1.166886e+05
1.129586e+01, 1.000000e+00, 6.001667e+04, 0.000000e+00, 1.175602e+05
5.888175e+00, 1.000000e+00, 5.944658e+04, 0.000000e+00, 1.153924e+05
5.344306e+00, 1.000000e+00, 5.396206e+04, 0.000000e+00, 1.050153e+05
9.111607e+00, 1.000000e+00, 5.197752e+04, 0.000000e+00, 1.019176e+05
5.039545e+00, 1.000000e+00, 4.842847e+04, 0.000000e+00, 9.470183e+04
6.749627e+00, 1.000000e+00, 5.401238e+04, 0.000000e+00, 1.050476e+05
1.117831e+01, 1.000000e+00, 5.290978e+04, 0.000000e+00, 1.037781e+05
2.809488e+01, 1.000000e+00, 5.283032e+04, 0.000000e+00, 1.036544e+05
1.137743e+01, 1.000000e+00, 5.332157e+04, 0.000000e+00, 1.045005e+05
2.401752e+01, 1.000000e+00, 5.257313e+04, 0.000000e+00, 1.031418e+05
1.193037e+01, 1.000000e+00, 4.814392e+04, 0.000000e+00, 9.411758e+04
5.557950e+00, 1.000000e+00, 4.450722e+04, 0.000000e+00, 8.712540e+04
4.544891e+00, 1.000000e+00, 4.587733e+04, 0.000000e+00, 8.973392e+04
1.095458e+01, 1.000000e+00, 5.067368e+04, 0.000000e+00, 9.940070e+04
1.114128e+01, 1.000000e+00, 4.928226e+04, 0.000000e+00, 9.664737e+04
1.539851e+01, 1.000000e+00, 4.198070e+04, 0.000000e+00, 8.235139e+04
2.088980e+01, 1.000000e+00, 3.926235e+04, 0.000000e+00, 7.702454e+04
4.689822e+00, 1.000000e+00, 4.423764e+04, 0.000000e+00, 8.686182e+04
1.065707e+01, 1.000000e+00, 4.508690e+04, 0.000000e+00, 8.854143e+04
3.593153e+00, 1.000000e+00, 3.628054e+04, 0.000000e+00, 7.160286e+04
1.462848e+01, 1.000000e+00, 4.518017e+04, 0.000000e+00, 8.862954e+04
9.934800e+00, 1.000000e+00, 4.464904e+04, 0.000000e+00, 8.760688e+04
1.414749e+01, 1.000000e+00, 4.398369e+04, 0.000000e+00, 8.627552e+04
1.308709e+01, 1.000000e+00, 4.289365e+04, 0.000000e+00, 8.413611e+04
4.794031e+00, 1.000000e+00, 4.437497e+04, 0.000000e+00, 8.707944e+04
1.489430e+01, 1.250000e-01, 3.968732e+04, -8.750000e-01, 7.780442e+04
4.269931e+00, 1.250000e-01, 4.311405e+04, -8.750000e-01, 8.451620e+04
7.207566e+00, 1.250000e-01, 3.777042e+04, -8.750000e-01, 7.407901e+04
4.655578e+00, 1.250000e-01, 3.731341e+04, -8.750000e-01, 7.325045e+04
4.282372e+00, 1.250000e-01, 4.323766e+04, -8.750000e-01, 8.475358e+04
7.928671e+00, 1.250000e-01, 3.561850e+04, -8.750000e-01, 6.992628e+04
3.635494e+00, 1.250000e-01, 3.670994e+04, -8.750000e-01, 7.241099e+04
1.438673e+01, 1.250000e-01, 3.639574e+04, -8.750000e-01, 7.144473e+04
1.137784e+01, 1.250000e-01, 4.196490e+04, -8.750000e-01, 8.235841e+04
5.373720e+00, 1.250000e-01, 4.128030e+04, -8.750000e-01, 8.108678e+04
3.517525e+00, 1.250000e-01, 3.543424e+04, -8.750000e-01, 7.033895e+04
4.388190e+00, 1.250000e-01, 4.311604e+04, -8.750000e-01, 8.460979e+04
