1.353491e+03, 1.000000e+00, 1.366620e+07, 0.000000e+00, 2.680180e+07
1.365636e+03, 1.000000e+00, 1.378882e+07, 0.000000e+00, 2.704229e+07
1.326898e+03, 1.000000e+00, 1.339770e+07, 0.000000e+00, 2.627521e+07
1.340633e+03, 1.000000e+00, 1.353649e+07, 0.000000e+00, 2.654719e+07
1.363637e+03, 1.000000e+00, 1.376864e+07, 0.000000e+00, 2.700271e+07
1.331448e+03, 1.000000e+00, 1.344363e+07, 0.000000e+00, 2.636530e+07
1.342301e+03, 1.000000e+00, 1.355321e+07, 0.000000e+00, 2.658021e+07
1.292351e+03, 1.000000e+00, 1.304887e+07, 0.000000e+00, 2.559110e+07
1.318161e+03, 1.000000e+00, 1.330948e+07, 0.000000e+00, 2.610220e+07
1.302853e+03, 1.000000e+00, 1.315492e+07, 0.000000e+00, 2.579907e+07
1.174556e+03, 1.000000e+00, 1.185952e+07, 0.000000e+00, 2.325853e+07
1.304798e+03, 1.000000e+00, 1.317455e+07, 0.000000e+00, 2.583758e+07
1.275924e+03, 1.000000e+00, 1.288302e+07, 0.000000e+00, 2.526583e+07
1.258610e+03, 1.000000e+00, 1.270820e+07, 0.000000e+00, 2.492297e+07
1.251952e+03, 1.000000e+00, 1.264097e+07, 0.000000e+00, 2.479113e+07
1.227759e+03, 1.000000e+00, 1.239670e+07, 0.000000e+00, 2.431206e+07
1.248955e+03, 1.000000e+00, 1.261071e+07, 0.000000e+00, 2.473178e+07
1.179199e+03, 1.000000e+00, 1.190640e+07, 0.000000e+00, 2.335048e+07
1.162959e+03, 1.000000e+00, 1.174243e+07, 0.000000e+00, 2.302889e+07
1.136050e+03, 1.000000e+00, 1.147074e+07, 0.000000e+00, 2.249605e+07
1.100509e+03, 1.000000e+00, 1.111188e+07, 0.000000e+00, 2.179226e+07
1.119686e+03, 1.000000e+00, 1.130551e+07, 0.000000e+00, 2.217201e+07
1.129869e+03, 1.000000e+00, 1.140832e+07, 0.000000e+00, 2.237364e+07
1.066158e+03, 1.000000e+00, 1.076504e+07, 0.000000e+00, 2.111204e+07
1.081077e+03, 1.000000e+00, 1.091568e+07, 0.000000e+00, 2.140747e+07
1.114620e+03, 1.000000e+00, 1.125442e+07, 0.000000e+00, 2.207169e+07
1.101553e+03, 1.000000e+00, 1.112242e+07, 0.000000e+00, 2.181292e+07
1.076666e+03, 1.000000e+00, 1.087114e+07, 0.000000e+00, 2.132011e+07
1.067131e+03, 1.000000e+00, 1.077487e+07, 0.000000e+00, 2.113131e+07
1.084838e+03, 1.000000e+00, 1.095365e+07, 0.000000e+00, 2.148194e+07
1.114475e+03, 1.000000e+00, 1.125289e+07, 0.000000e+00, 2.206881e+07
1.029921e+03, 1.000000e+00, 1.039917e+07, 0.000000e+00, 2.039448e+07
1.017619e+03, 1.000000e+00, 1.027495e+07, 0.000000e+00, 2.015086e+07
9.755413e+02, 1.000000e+00, 9.850104e+06, 0.000000e+00, 1.931765e+07
1.006999e+03, 1.000000e+00, 1.016773e+07, 0.000000e+00, 1.994058e+07
1.002555e+03, 1.000000e+00, 1.012286e+07, 0.000000e+00, 1.985257e+07
1.039992e+03, 1.000000e+00, 1.050085e+07, 0.000000e+00, 2.059389e+07
1.015709e+03, 1.000000e+00, 1.025567e+07, 0.000000e+00, 2.011305e+07
1.055750e+03, 1.000000e+00, 1.065996e+07, 0.000000e+00, 2.090594e+07
1.023996e+03, 1.000000e+00, 1.033934e+07, 0.000000e+00, 2.027714e+07
1.027146e+03, 1.000000e+00, 1.037115e+07, 0.000000e+00, 2.033953e+07
9.149081e+02, 1.000000e+00, 9.237901e+06, 0.000000e+00, 1.811699e+07
8.826180e+02, 1.000000e+00, 8.911873e+06, 0.000000e+00, 1.747758e+07
8.703634e+02, 1.000000e+00, 8.788141e+06, 0.000000e+00, 1.723492e+07
9.691084e+02, 1.000000e+00, 9.785152e+06, 0.000000e+00, 1.919026e+07
9.392905e+02, 1.000000e+00, 9.484098e+06, 0.000000e+00, 1.859981e+07
9.140444e+02, 1.000000e+00, 9.229180e+06, 0.000000e+00, 1.809989e+07
9.087352e+02, 1.000000e+00, 9.153649e+06, 0.000000e+00, 1.795176e+07
9.037104e+02, 1.000000e+00, 9.124839e+06, 0.000000e+00, 1.789525e+07
9.440754e+02, 1.000000e+00, 9.532398e+06, 0.000000e+00, 1.869456e+07
9.517284e+02, 1.000000e+00, 9.609669e+06, 0.000000e+00, 1.884611e+07
8.920402e+02, 1.000000e+00, 9.011297e+06, 0.000000e+00, 1.766416e+07
8.914408e+02, 1.000000e+00, 9.000956e+06, 0.000000e+00, 1.765229e+07
8.357498e+02, 1.000000e+00, 8.438652e+06, 0.000000e+00, 1.654950e+07
8.413532e+02, 1.000000e+00, 8.495229e+06, 0.000000e+00, 1.666046e+07
8.076157e+02, 1.000000e+00, 8.154587e+06, 0.000000e+00, 1.599239e+07
8.809765e+02, 1.000000e+00, 8.895299e+06, 0.000000e+00, 1.744508e+07
8.039309e+02, 1.000000e+00, 8.117383e+06, 0.000000e+00, 1.591942e+07
1.018743e+03, 1.000000e+00, 1.028631e+07, 0.000000e+00, 2.017313e+07
1.069241e+03, 1.000000e+00, 1.079618e+07, 0.000000e+00, 2.117309e+07
8.029100e+02, 1.000000e+00, 8.107075e+06, 0.000000e+00, 1.589921e+07
1.340680e+03, 1.000000e+00, 1.353685e+07, 0.000000e+00, 2.654813e+07
1.341217e+03, 1.000000e+00, 1.348335e+07, 0.000000e+00, 2.644320e+07
1.335413e+03, 1.000000e+00, 1.348367e+07, 0.000000e+00, 2.644383e+07
1.319578e+03, 1.000000e+00, 1.332379e+07, 0.000000e+00, 2.613026e+07
1.206890e+03, 1.000000e+00, 1.218599e+07, 0.000000e+00, 2.389881e+07
1.164272e+03, 1.000000e+00, 1.175568e+07, 0.000000e+00, 2.305488e+07
1.088260e+03, 1.000000e+00, 1.098821e+07, 0.000000e+00, 2.154971e+07
1.208763e+03, 1.000000e+00, 1.220491e+07, 0.000000e+00, 2.393591e+07
1.182143e+03, 1.000000e+00, 1.193613e+07, 0.000000e+00, 2.340878e+07
1.176531e+03, 1.000000e+00, 1.187954e+07, 0.000000e+00, 2.329764e+07
1.188700e+03, 1.000000e+00, 1.200234e+07, 0.000000e+00, 2.353862e+07
1.176554e+03, 1.000000e+00, 1.187970e+07, 0.000000e+00, 2.329811e+07
1.081419e+03, 1.000000e+00, 1.091914e+07, 0.000000e+00, 2.141424e+07
1.006220e+03, 1.000000e+00, 1.015986e+07, 0.000000e+00, 1.992514e+07
1.033483e+03, 1.000000e+00, 1.043514e+07, 0.000000e+00, 2.046502e+07
1.134760e+03, 1.000000e+00, 1.145771e+07, 0.000000e+00, 2.247050e+07
1.107055e+03, 1.000000e+00, 1.117797e+07, 0.000000e+00, 2.192187e+07
9.534318e+02, 1.000000e+00, 9.626884e+06, 0.000000e+00, 1.887984e+07
9.030421e+02, 1.000000e+00, 9.118091e+06, 0.000000e+00, 1.788202e+07
1.000938e+03, 1.000000e+00, 1.010653e+07, 0.000000e+00, 1.982056e+07
1.019609e+03, 1.000000e+00, 1.029505e+07, 0.000000e+00, 2.019027e+07
8.324399e+02, 1.000000e+00, 8.405234e+06, 0.000000e+00, 1.648396e+07
1.021142e+03, 1.000000e+00, 1.031052e+07, 0.000000e+00, 2.022063e+07
1.007822e+03, 1.000000e+00, 1.017604e+07, 0.000000e+00, 1.995688e+07
9.947017e+02, 1.000000e+00, 1.004356e+07, 0.000000e+00, 1.969706e+07
9.729775e+02, 1.000000e+00, 9.824217e+06, 0.000000e+00, 1.926688e+07
1.003777e+03, 1.000000e+00, 1.013520e+07, 0.000000e+00, 1.987677e+07
9.064713e+02, 1.250000e-01, 9.152715e+06, -8.750000e-01, 1.794992e+07
9.807334e+02, 1.250000e-01, 9.869040e+06, -8.750000e-01, 1.935479e+07
8.654855e+02, 1.250000e-01, 8.738889e+06, -8.750000e-01, 1.713833e+07
8.555599e+02, 1.250000e-01, 8.638672e+06, -8.750000e-01, 1.694178e+07
9.796772e+02, 1.250000e-01, 9.891863e+06, -8.750000e-01, 1.939955e+07
8.208748e+02, 1.250000e-01, 8.288463e+06, -8.750000e-01, 1.625495e+07
8.406696e+02, 1.250000e-01, 8.488328e+06, -8.750000e-01, 1.664692e+07
8.391247e+02, 1.250000e-01, 8.472729e+06, -8.750000e-01, 1.661633e+07
9.535334e+02, 1.250000e-01, 9.627893e+06, -8.750000e-01, 1.888185e+07
9.392461e+02, 1.250000e-01, 9.483638e+06, -8.750000e-01, 1.859893e+07
8.143139e+02, 1.250000e-01, 8.222218e+06, -8.750000e-01, 1.612503e+07
9.773429e+02, 1.250000e-01, 9.868294e+06, -8.750000e-01, 1.935332e+07
