4.635883e+06, 1.000000e+00, 4.680891e+10, 0.000000e+00, 9.179967e+10
4.677461e+06, 1.000000e+00, 4.722874e+10, 0.000000e+00, 9.262300e+10
4.544844e+06, 1.000000e+00, 4.588969e+10, 0.000000e+00, 8.999691e+10
4.589325e+06, 1.000000e+00, 4.633881e+10, 0.000000e+00, 9.087772e+10
4.670618e+06, 1.000000e+00, 4.715964e+10, 0.000000e+00, 9.248748e+10
4.560418e+06, 1.000000e+00, 4.604694e+10, 0.000000e+00, 9.030531e+10
4.597574e+06, 1.000000e+00, 4.642210e+10, 0.000000e+00, 9.104106e+10
4.426570e+06, 1.000000e+00, 4.469547e+10, 0.000000e+00, 8.765486e+10
4.514932e+06, 1.000000e+00, 4.558766e+10, 0.000000e+00, 8.940460e+10
4.462525e+06, 1.000000e+00, 4.505850e+10, 0.000000e+00, 8.836683e+10
4.023299e+06, 1.000000e+00, 4.062360e+10, 0.000000e+00, 7.966929e+10
4.469183e+06, 1.000000e+00, 4.512573e+10, 0.000000e+00, 8.849868e+10
4.370335e+06, 1.000000e+00, 4.412765e+10, 0.000000e+00, 8.654128e+10
4.311059e+06, 1.000000e+00, 4.352913e+10, 0.000000e+00, 8.536750e+10
4.288265e+06, 1.000000e+00, 4.329898e+10, 0.000000e+00, 8.491614e+10
4.205441e+06, 1.000000e+00, 4.246271e+10, 0.000000e+00, 8.327606e+10
4.278004e+06, 1.000000e+00, 4.319538e+10, 0.000000e+00, 8.471295e+10
4.039196e+06, 1.000000e+00, 4.078412e+10, 0.000000e+00, 7.998409e+10
3.983598e+06, 1.000000e+00, 4.022274e+10, 0.000000e+00, 7.888313e+10
3.891476e+06, 1.000000e+00, 3.929258e+10, 0.000000e+00, 7.705894e+10
3.769801e+06, 1.000000e+00, 3.806401e+10, 0.000000e+00, 7.464952e+10
3.835454e+06, 1.000000e+00, 3.872691e+10, 0.000000e+00, 7.594958e+10
3.870313e+06, 1.000000e+00, 3.907889e+10, 0.000000e+00, 7.663987e+10
3.652199e+06, 1.000000e+00, 3.687658e+10, 0.000000e+00, 7.232078e+10
3.703276e+06, 1.000000e+00, 3.739230e+10, 0.000000e+00, 7.333221e+10
3.812730e+06, 1.000000e+00, 3.849746e+10, 0.000000e+00, 7.549960e+10
3.773373e+06, 1.000000e+00, 3.810008e+10, 0.000000e+00, 7.472027e+10
3.688173e+06, 1.000000e+00, 3.723980e+10, 0.000000e+00, 7.303313e+10
3.655532e+06, 1.000000e+00, 3.691022e+10, 0.000000e+00, 7.238677e+10
3.716151e+06, 1.000000e+00, 3.752230e+10, 0.000000e+00, 7.358715e+10
3.817612e+06, 1.000000e+00, 3.854676e+10, 0.000000e+00, 7.559628e+10
3.528144e+06, 1.000000e+00, 3.562398e+10, 0.000000e+00, 6.986424e+10
3.486025e+06, 1.000000e+00, 3.519870e+10, 0.000000e+00, 6.903021e+10
3.341974e+06, 1.000000e+00, 3.374420e+10, 0.000000e+00, 6.617770e+10
3.449670e+06, 1.000000e+00, 3.483162e+10, 0.000000e+00, 6.831031e+10
3.434455e+06, 1.000000e+00, 3.467799e+10, 0.000000e+00, 6.800902e+10
3.562619e+06, 1.000000e+00, 3.597208e+10, 0.000000e+00, 7.054691e+10
3.479488e+06, 1.000000e+00, 3.513269e+10, 0.000000e+00, 6.890075e+10
3.616568e+06, 1.000000e+00, 3.651680e+10, 0.000000e+00, 7.161521e+10
3.507857e+06, 1.000000e+00, 3.541914e+10, 0.000000e+00, 6.946252e+10
3.518643e+06, 1.000000e+00, 3.552804e+10, 0.000000e+00, 6.967610e+10
3.134396e+06, 1.000000e+00, 3.164827e+10, 0.000000e+00, 6.206725e+10
3.023851e+06, 1.000000e+00, 3.053209e+10, 0.000000e+00, 5.987824e+10
2.981898e+06, 1.000000e+00, 3.010848e+10, 0.000000e+00, 5.904748e+10
3.319951e+06, 1.000000e+00, 3.352183e+10, 0.000000e+00, 6.574160e+10
3.219581e+06, 1.000000e+00, 3.250839e+10, 0.000000e+00, 6.375408e+10
3.131439e+06, 1.000000e+00, 3.161842e+10, 0.000000e+00, 6.200870e+10
3.107307e+06, 1.000000e+00, 3.137474e+10, 0.000000e+00, 6.153082e+10
3.096061e+06, 1.000000e+00, 3.126120e+10, 0.000000e+00, 6.130814e+10
3.234250e+06, 1.000000e+00, 3.265651e+10, 0.000000e+00, 6.404456e+10
3.260451e+06, 1.000000e+00, 3.292105e+10, 0.000000e+00, 6.456338e+10
3.057549e+06, 1.000000e+00, 3.087233e+10, 0.000000e+00, 6.054552e+10
3.054056e+06, 1.000000e+00, 3.083707e+10, 0.000000e+00, 6.047636e+10
2.863398e+06, 1.000000e+00, 2.891198e+10, 0.000000e+00, 5.670095e+10
2.882581e+06, 1.000000e+00, 2.910567e+10, 0.000000e+00, 5.708082e+10
2.767081e+06, 1.000000e+00, 2.793946e+10, 0.000000e+00, 5.479368e+10
3.018232e+06, 1.000000e+00, 3.047535e+10, 0.000000e+00, 5.976696e+10
2.754466e+06, 1.000000e+00, 2.781208e+10, 0.000000e+00, 5.454388e+10
3.489876e+06, 1.000000e+00, 3.523758e+10, 0.000000e+00, 6.910645e+10
3.662755e+06, 1.000000e+00, 3.698316e+10, 0.000000e+00, 7.252981e+10
2.750971e+06, 1.000000e+00, 2.777679e+10, 0.000000e+00, 5.447467e+10
4.592015e+06, 1.000000e+00, 4.636597e+10, 0.000000e+00, 9.093098e+10
4.574400e+06, 1.000000e+00, 4.618812e+10, 0.000000e+00, 9.058219e+10
4.573995e+06, 1.000000e+00, 4.618402e+10, 0.000000e+00, 9.057416e+10
4.519783e+06, 1.000000e+00, 4.563664e+10, 0.000000e+00, 8.950066e+10
4.133996e+06, 1.000000e+00, 4.174131e+10, 0.000000e+00, 8.186130e+10
3.988092e+06, 1.000000e+00, 4.026811e+10, 0.000000e+00, 7.897212e+10
3.727867e+06, 1.000000e+00, 3.764060e+10, 0.000000e+00, 7.381916e+10
4.140409e+06, 1.000000e+00, 4.180607e+10, 0.000000e+00, 8.198830e+10
4.049276e+06, 1.000000e+00, 4.088589e+10, 0.000000e+00, 8.018368e+10
4.026184e+06, 1.000000e+00, 4.065273e+10, 0.000000e+00, 7.972642e+10
4.071724e+06, 1.000000e+00, 4.111255e+10, 0.000000e+00, 8.062819e+10
4.030142e+06, 1.000000e+00, 4.069269e+10, 0.000000e+00, 7.980479e+10
3.704447e+06, 1.000000e+00, 3.740412e+10, 0.000000e+00, 7.335538e+10
3.447001e+06, 1.000000e+00, 3.480467e+10, 0.000000e+00, 6.825745e+10
3.540338e+06, 1.000000e+00, 3.574711e+10, 0.000000e+00, 7.010571e+10
3.887060e+06, 1.000000e+00, 3.924798e+10, 0.000000e+00, 7.697148e+10
3.792210e+06, 1.000000e+00, 3.829027e+10, 0.000000e+00, 7.509326e+10
3.267156e+06, 1.000000e+00, 3.298876e+10, 0.000000e+00, 6.469616e+10
3.093773e+06, 1.000000e+00, 3.123809e+10, 0.000000e+00, 6.126283e+10
3.428920e+06, 1.000000e+00, 3.462211e+10, 0.000000e+00, 6.789941e+10
3.492839e+06, 1.000000e+00, 3.526750e+10, 0.000000e+00, 6.916513e+10
2.852067e+06, 1.000000e+00, 2.879757e+10, 0.000000e+00, 5.647657e+10
3.498087e+06, 1.000000e+00, 3.532049e+10, 0.000000e+00, 6.926905e+10
3.452488e+06, 1.000000e+00, 3.486007e+10, 0.000000e+00, 6.836609e+10
3.407570e+06, 1.000000e+00, 3.440653e+10, 0.000000e+00, 6.747663e+10
3.333197e+06, 1.000000e+00, 3.365558e+10, 0.000000e+00, 6.600389e+10
3.438639e+06, 1.000000e+00, 3.472024e+10, 0.000000e+00, 6.809186e+10
3.105513e+06, 1.250000e-01, 3.135663e+10, -8.750000e-01, 6.149530e+10
3.348659e+06, 1.250000e-01, 3.381170e+10, -8.750000e-01, 6.631007e+10
2.965198e+06, 1.250000e-01, 2.993986e+10, -8.750000e-01, 5.871680e+10
2.931218e+06, 1.250000e-01, 2.959676e+10, -8.750000e-01, 5.804392e+10
3.356133e+06, 1.250000e-01, 3.388717e+10, -8.750000e-01, 6.645808e+10
2.812474e+06, 1.250000e-01, 2.839779e+10, -8.750000e-01, 5.569255e+10
2.880241e+06, 1.250000e-01, 2.908204e+10, -8.750000e-01, 5.703448e+10
2.874952e+06, 1.250000e-01, 2.902864e+10, -8.750000e-01, 5.692974e+10
3.266630e+06, 1.250000e-01, 3.298344e+10, -8.750000e-01, 6.468574e+10
3.217717e+06, 1.250000e-01, 3.248957e+10, -8.750000e-01, 6.371718e+10
2.790012e+06, 1.250000e-01, 2.817099e+10, -8.750000e-01, 5.524776e+10
3.348142e+06, 1.250000e-01, 3.380648e+10, -8.750000e-01, 6.629983e+10
