4.742557e+13, 1.000000e+00, 4.788601e+17, 0.000000e+00, 9.391202e+17
4.785092e+13, 1.000000e+00, 4.831549e+17, 0.000000e+00, 9.475430e+17
4.649423e+13, 1.000000e+00, 4.694563e+17, 0.000000e+00, 9.206779e+17
4.694928e+13, 1.000000e+00, 4.740509e+17, 0.000000e+00, 9.296887e+17
4.778091e+13, 1.000000e+00, 4.824480e+17, 0.000000e+00, 9.461567e+17
4.665356e+13, 1.000000e+00, 4.710650e+17, 0.000000e+00, 9.238328e+17
4.703366e+13, 1.000000e+00, 4.749030e+17, 0.000000e+00, 9.313596e+17
4.528428e+13, 1.000000e+00, 4.572393e+17, 0.000000e+00, 8.967184e+17
4.618823e+13, 1.000000e+00, 4.663666e+17, 0.000000e+00, 9.146185e+17
4.565210e+13, 1.000000e+00, 4.609532e+17, 0.000000e+00, 9.040020e+17
4.115877e+13, 1.000000e+00, 4.155837e+17, 0.000000e+00, 8.150252e+17
4.572021e+13, 1.000000e+00, 4.616410e+17, 0.000000e+00, 9.053508e+17
4.470898e+13, 1.000000e+00, 4.514305e+17, 0.000000e+00, 8.853264e+17
4.410258e+13, 1.000000e+00, 4.453076e+17, 0.000000e+00, 8.733185e+17
4.386940e+13, 1.000000e+00, 4.429532e+17, 0.000000e+00, 8.687010e+17
4.302211e+13, 1.000000e+00, 4.343980e+17, 0.000000e+00, 8.519229e+17
4.376443e+13, 1.000000e+00, 4.418933e+17, 0.000000e+00, 8.666224e+17
4.132140e+13, 1.000000e+00, 4.172258e+17, 0.000000e+00, 8.182456e+17
4.075263e+13, 1.000000e+00, 4.114828e+17, 0.000000e+00, 8.069827e+17
3.981021e+13, 1.000000e+00, 4.019672e+17, 0.000000e+00, 7.883211e+17
3.856546e+13, 1.000000e+00, 3.893988e+17, 0.000000e+00, 7.636724e+17
3.923710e+13, 1.000000e+00, 3.961804e+17, 0.000000e+00, 7.769722e+17
3.959371e+13, 1.000000e+00, 3.997812e+17, 0.000000e+00, 7.840339e+17
3.736238e+13, 1.000000e+00, 3.772512e+17, 0.000000e+00, 7.398492e+17
3.788491e+13, 1.000000e+00, 3.825272e+17, 0.000000e+00, 7.501962e+17
3.900463e+13, 1.000000e+00, 3.938331e+17, 0.000000e+00, 7.723688e+17
3.860201e+13, 1.000000e+00, 3.897678e+17, 0.000000e+00, 7.643962e+17
3.773040e+13, 1.000000e+00, 3.809671e+17, 0.000000e+00, 7.471366e+17
3.739647e+13, 1.000000e+00, 3.775954e+17, 0.000000e+00, 7.405242e+17
3.801662e+13, 1.000000e+00, 3.838571e+17, 0.000000e+00, 7.528043e+17
3.905457e+13, 1.000000e+00, 3.943374e+17, 0.000000e+00, 7.733579e+17
3.609329e+13, 1.000000e+00, 3.644370e+17, 0.000000e+00, 7.147185e+17
3.566241e+13, 1.000000e+00, 3.600864e+17, 0.000000e+00, 7.061863e+17
3.418874e+13, 1.000000e+00, 3.452067e+17, 0.000000e+00, 6.770048e+17
3.529049e+13, 1.000000e+00, 3.563312e+17, 0.000000e+00, 6.988216e+17
3.513484e+13, 1.000000e+00, 3.547595e+17, 0.000000e+00, 6.957394e+17
3.644597e+13, 1.000000e+00, 3.679981e+17, 0.000000e+00, 7.217024e+17
3.559553e+13, 1.000000e+00, 3.594111e+17, 0.000000e+00, 7.048619e+17
3.699787e+13, 1.000000e+00, 3.735707e+17, 0.000000e+00, 7.326312e+17
3.588575e+13, 1.000000e+00, 3.623415e+17, 0.000000e+00, 7.106089e+17
3.599609e+13, 1.000000e+00, 3.634556e+17, 0.000000e+00, 7.127938e+17
3.206520e+13, 1.000000e+00, 3.237652e+17, 0.000000e+00, 6.349545e+17
3.093432e+13, 1.000000e+00, 3.123465e+17, 0.000000e+00, 6.125607e+17
3.050513e+13, 1.000000e+00, 3.080129e+17, 0.000000e+00, 6.040619e+17
3.396345e+13, 1.000000e+00, 3.429319e+17, 0.000000e+00, 6.725435e+17
3.293665e+13, 1.000000e+00, 3.325642e+17, 0.000000e+00, 6.522109e+17
3.203495e+13, 1.000000e+00, 3.234597e+17, 0.000000e+00, 6.343555e+17
3.178807e+13, 1.000000e+00, 3.209669e+17, 0.000000e+00, 6.294668e+17
3.167303e+13, 1.000000e+00, 3.198053e+17, 0.000000e+00, 6.271887e+17
3.308672e+13, 1.000000e+00, 3.340795e+17, 0.000000e+00, 6.551826e+17
3.335475e+13, 1.000000e+00, 3.367858e+17, 0.000000e+00, 6.604901e+17
3.127904e+13, 1.000000e+00, 3.158272e+17, 0.000000e+00, 6.193870e+17
3.124332e+13, 1.000000e+00, 3.154665e+17, 0.000000e+00, 6.186795e+17
2.929286e+13, 1.000000e+00, 2.957726e+17, 0.000000e+00, 5.800567e+17
2.948911e+13, 1.000000e+00, 2.977541e+17, 0.000000e+00, 5.839428e+17
2.830753e+13, 1.000000e+00, 2.858236e+17, 0.000000e+00, 5.605451e+17
3.087683e+13, 1.000000e+00, 3.117660e+17, 0.000000e+00, 6.114223e+17
2.817848e+13, 1.000000e+00, 2.845205e+17, 0.000000e+00, 5.579896e+17
3.570180e+13, 1.000000e+00, 3.604842e+17, 0.000000e+00, 7.069663e+17
3.747037e+13, 1.000000e+00, 3.783416e+17, 0.000000e+00, 7.419876e+17
2.814272e+13, 1.000000e+00, 2.841595e+17, 0.000000e+00, 5.572816e+17
4.697679e+13, 1.000000e+00, 4.743288e+17, 0.000000e+00, 9.302335e+17
4.679660e+13, 1.000000e+00, 4.725093e+17, 0.000000e+00, 9.266653e+17
4.679245e+13, 1.000000e+00, 4.724674e+17, 0.000000e+00, 9.265831e+17
4.623786e+13, 1.000000e+00, 4.668677e+17, 0.000000e+00, 9.156012e+17
4.229121e+13, 1.000000e+00, 4.270180e+17, 0.000000e+00, 8.374497e+17
4.079860e+13, 1.000000e+00, 4.119470e+17, 0.000000e+00, 8.078931e+17
3.813648e+13, 1.000000e+00, 3.850673e+17, 0.000000e+00, 7.551777e+17
4.235682e+13, 1.000000e+00, 4.276805e+17, 0.000000e+00, 8.387489e+17
4.142452e+13, 1.000000e+00, 4.182670e+17, 0.000000e+00, 8.202875e+17
4.118829e+13, 1.000000e+00, 4.158817e+17, 0.000000e+00, 8.156097e+17
4.165416e+13, 1.000000e+00, 4.205857e+17, 0.000000e+00, 8.248349e+17
4.122878e+13, 1.000000e+00, 4.162905e+17, 0.000000e+00, 8.164114e+17
3.789688e+13, 1.000000e+00, 3.826481e+17, 0.000000e+00, 7.504332e+17
3.526319e+13, 1.000000e+00, 3.560555e+17, 0.000000e+00, 6.982809e+17
3.621803e+13, 1.000000e+00, 3.656966e+17, 0.000000e+00, 7.171888e+17
3.976503e+13, 1.000000e+00, 4.015110e+17, 0.000000e+00, 7.874263e+17
3.879470e+13, 1.000000e+00, 3.917135e+17, 0.000000e+00, 7.682119e+17
3.342335e+13, 1.000000e+00, 3.374785e+17, 0.000000e+00, 6.618485e+17
3.164962e+13, 1.000000e+00, 3.195690e+17, 0.000000e+00, 6.267252e+17
3.507822e+13, 1.000000e+00, 3.541878e+17, 0.000000e+00, 6.946181e+17
3.573211e+13, 1.000000e+00, 3.607902e+17, 0.000000e+00, 7.075666e+17
2.917694e+13, 1.000000e+00, 2.946021e+17, 0.000000e+00, 5.777612e+17
3.578580e+13, 1.000000e+00, 3.613323e+17, 0.000000e+00, 7.086296e+17
3.531931e+13, 1.000000e+00, 3.566222e+17, 0.000000e+00, 6.993923e+17
3.485980e+13, 1.000000e+00, 3.519824e+17, 0.000000e+00, 6.902930e+17
3.409895e+13, 1.000000e+00, 3.443001e+17, 0.000000e+00, 6.752268e+17
3.517764e+13, 1.000000e+00, 3.551917e+17, 0.000000e+00, 6.965869e+17
3.176972e+13, 1.250000e-01, 3.207817e+17, -8.750000e-01, 6.291034e+17
3.425713e+13, 1.250000e-01, 3.458972e+17, -8.750000e-01, 6.783590e+17
3.033429e+13, 1.250000e-01, 3.062880e+17, -8.750000e-01, 6.006790e+17
2.998667e+13, 1.250000e-01, 3.027780e+17, -8.750000e-01, 5.937954e+17
3.433359e+13, 1.250000e-01, 3.466693e+17, -8.750000e-01, 6.798732e+17
2.877190e+13, 1.250000e-01, 2.905124e+17, -8.750000e-01, 5.697406e+17
2.946517e+13, 1.250000e-01, 2.975124e+17, -8.750000e-01, 5.834687e+17
2.941106e+13, 1.250000e-01, 2.969660e+17, -8.750000e-01, 5.823973e+17
3.341797e+13, 1.250000e-01, 3.374241e+17, -8.750000e-01, 6.617419e+17
3.291759e+13, 1.250000e-01, 3.323718e+17, -8.750000e-01, 6.518334e+17
2.854212e+13, 1.250000e-01, 2.881922e+17, -8.750000e-01, 5.651904e+17
3.425184e+13, 1.250000e-01, 3.458438e+17, -8.750000e-01, 6.782543e+17
