1.724089e+12, 1.000000e+00, 1.740828e+16, 0.000000e+00, 3.414038e+16
1.739552e+12, 1.000000e+00, 1.756441e+16, 0.000000e+00, 3.444657e+16
1.690231e+12, 1.000000e+00, 1.706641e+16, 0.000000e+00, 3.346993e+16
1.706774e+12, 1.000000e+00, 1.723345e+16, 0.000000e+00, 3.379750e+16
1.737007e+12, 1.000000e+00, 1.753871e+16, 0.000000e+00, 3.439618e+16
1.696024e+12, 1.000000e+00, 1.712490e+16, 0.000000e+00, 3.358462e+16
1.709842e+12, 1.000000e+00, 1.726442e+16, 0.000000e+00, 3.385825e+16
1.646245e+12, 1.000000e+00, 1.662228e+16, 0.000000e+00, 3.259892e+16
1.679107e+12, 1.000000e+00, 1.695409e+16, 0.000000e+00, 3.324965e+16
1.659617e+12, 1.000000e+00, 1.675730e+16, 0.000000e+00, 3.286370e+16
1.496268e+12, 1.000000e+00, 1.510795e+16, 0.000000e+00, 2.962908e+16
1.662093e+12, 1.000000e+00, 1.678230e+16, 0.000000e+00, 3.291274e+16
1.625331e+12, 1.000000e+00, 1.641111e+16, 0.000000e+00, 3.218478e+16
1.603286e+12, 1.000000e+00, 1.618852e+16, 0.000000e+00, 3.174825e+16
1.594809e+12, 1.000000e+00, 1.610293e+16, 0.000000e+00, 3.158039e+16
1.564007e+12, 1.000000e+00, 1.579192e+16, 0.000000e+00, 3.097044e+16
1.590993e+12, 1.000000e+00, 1.606440e+16, 0.000000e+00, 3.150482e+16
1.502181e+12, 1.000000e+00, 1.516765e+16, 0.000000e+00, 2.974615e+16
1.481504e+12, 1.000000e+00, 1.495887e+16, 0.000000e+00, 2.933670e+16
1.447244e+12, 1.000000e+00, 1.461294e+16, 0.000000e+00, 2.865829e+16
1.401992e+12, 1.000000e+00, 1.415604e+16, 0.000000e+00, 2.776222e+16
1.426409e+12, 1.000000e+00, 1.440257e+16, 0.000000e+00, 2.824572e+16
1.439373e+12, 1.000000e+00, 1.453347e+16, 0.000000e+00, 2.850243e+16
1.358256e+12, 1.000000e+00, 1.371443e+16, 0.000000e+00, 2.689616e+16
1.377252e+12, 1.000000e+00, 1.390623e+16, 0.000000e+00, 2.727231e+16
1.417957e+12, 1.000000e+00, 1.431724e+16, 0.000000e+00, 2.807837e+16
1.403321e+12, 1.000000e+00, 1.416945e+16, 0.000000e+00, 2.778853e+16
1.371635e+12, 1.000000e+00, 1.384952e+16, 0.000000e+00, 2.716108e+16
1.359495e+12, 1.000000e+00, 1.372694e+16, 0.000000e+00, 2.692070e+16
1.382040e+12, 1.000000e+00, 1.395458e+16, 0.000000e+00, 2.736713e+16
1.419773e+12, 1.000000e+00, 1.433557e+16, 0.000000e+00, 2.811432e+16
1.312120e+12, 1.000000e+00, 1.324859e+16, 0.000000e+00, 2.598257e+16
1.296456e+12, 1.000000e+00, 1.309043e+16, 0.000000e+00, 2.567239e+16
1.242883e+12, 1.000000e+00, 1.254950e+16, 0.000000e+00, 2.461154e+16
1.282935e+12, 1.000000e+00, 1.295391e+16, 0.000000e+00, 2.540466e+16
1.277277e+12, 1.000000e+00, 1.289678e+16, 0.000000e+00, 2.529261e+16
1.324941e+12, 1.000000e+00, 1.337805e+16, 0.000000e+00, 2.623646e+16
1.294025e+12, 1.000000e+00, 1.306588e+16, 0.000000e+00, 2.562425e+16
1.345005e+12, 1.000000e+00, 1.358063e+16, 0.000000e+00, 2.663376e+16
1.304575e+12, 1.000000e+00, 1.317241e+16, 0.000000e+00, 2.583317e+16
1.308586e+12, 1.000000e+00, 1.321291e+16, 0.000000e+00, 2.591260e+16
1.165685e+12, 1.000000e+00, 1.177002e+16, 0.000000e+00, 2.308287e+16
1.124573e+12, 1.000000e+00, 1.135491e+16, 0.000000e+00, 2.226877e+16
1.108970e+12, 1.000000e+00, 1.119737e+16, 0.000000e+00, 2.195981e+16
1.234693e+12, 1.000000e+00, 1.246680e+16, 0.000000e+00, 2.444936e+16
1.197365e+12, 1.000000e+00, 1.208990e+16, 0.000000e+00, 2.371020e+16
1.164585e+12, 1.000000e+00, 1.175892e+16, 0.000000e+00, 2.306109e+16
1.155610e+12, 1.000000e+00, 1.166830e+16, 0.000000e+00, 2.288337e+16
1.151428e+12, 1.000000e+00, 1.162607e+16, 0.000000e+00, 2.280055e+16
1.202821e+12, 1.000000e+00, 1.214498e+16, 0.000000e+00, 2.381823e+16
1.212564e+12, 1.000000e+00, 1.224337e+16, 0.000000e+00, 2.401118e+16
1.137105e+12, 1.000000e+00, 1.148145e+16, 0.000000e+00, 2.251693e+16
1.135806e+12, 1.000000e+00, 1.146833e+16, 0.000000e+00, 2.249121e+16
1.064900e+12, 1.000000e+00, 1.075239e+16, 0.000000e+00, 2.108713e+16
1.072034e+12, 1.000000e+00, 1.082443e+16, 0.000000e+00, 2.122841e+16
1.029080e+12, 1.000000e+00, 1.039071e+16, 0.000000e+00, 2.037782e+16
1.122483e+12, 1.000000e+00, 1.133381e+16, 0.000000e+00, 2.222739e+16
1.024388e+12, 1.000000e+00, 1.034334e+16, 0.000000e+00, 2.028492e+16
1.297888e+12, 1.000000e+00, 1.310489e+16, 0.000000e+00, 2.570075e+16
1.362182e+12, 1.000000e+00, 1.375407e+16, 0.000000e+00, 2.697390e+16
1.023088e+12, 1.000000e+00, 1.033021e+16, 0.000000e+00, 2.025918e+16
1.707774e+12, 1.000000e+00, 1.724355e+16, 0.000000e+00, 3.381731e+16
1.701224e+12, 1.000000e+00, 1.717740e+16, 0.000000e+00, 3.368759e+16
1.701073e+12, 1.000000e+00, 1.717588e+16, 0.000000e+00, 3.368461e+16
1.680911e+12, 1.000000e+00, 1.697231e+16, 0.000000e+00, 3.328537e+16
1.537437e+12, 1.000000e+00, 1.552363e+16, 0.000000e+00, 3.044429e+16
1.483175e+12, 1.000000e+00, 1.497575e+16, 0.000000e+00, 2.936980e+16
1.386397e+12, 1.000000e+00, 1.399857e+16, 0.000000e+00, 2.745341e+16
1.539822e+12, 1.000000e+00, 1.554771e+16, 0.000000e+00, 3.049152e+16
1.505929e+12, 1.000000e+00, 1.520550e+16, 0.000000e+00, 2.982038e+16
1.497341e+12, 1.000000e+00, 1.511879e+16, 0.000000e+00, 2.965033e+16
1.514278e+12, 1.000000e+00, 1.528979e+16, 0.000000e+00, 2.998570e+16
1.498813e+12, 1.000000e+00, 1.513365e+16, 0.000000e+00, 2.967947e+16
1.377687e+12, 1.000000e+00, 1.391063e+16, 0.000000e+00, 2.728093e+16
1.281943e+12, 1.000000e+00, 1.294389e+16, 0.000000e+00, 2.538501e+16
1.316655e+12, 1.000000e+00, 1.329438e+16, 0.000000e+00, 2.607238e+16
1.445601e+12, 1.000000e+00, 1.459636e+16, 0.000000e+00, 2.862576e+16
1.410326e+12, 1.000000e+00, 1.424018e+16, 0.000000e+00, 2.792725e+16
1.215058e+12, 1.000000e+00, 1.226855e+16, 0.000000e+00, 2.406056e+16
1.150577e+12, 1.000000e+00, 1.161747e+16, 0.000000e+00, 2.278370e+16
1.275218e+12, 1.000000e+00, 1.287599e+16, 0.000000e+00, 2.525185e+16
1.298990e+12, 1.000000e+00, 1.311601e+16, 0.000000e+00, 2.572257e+16
1.060686e+12, 1.000000e+00, 1.070984e+16, 0.000000e+00, 2.100368e+16
1.300942e+12, 1.000000e+00, 1.313572e+16, 0.000000e+00, 2.576122e+16
1.283983e+12, 1.000000e+00, 1.296449e+16, 0.000000e+00, 2.542541e+16
1.267278e+12, 1.000000e+00, 1.279582e+16, 0.000000e+00, 2.509462e+16
1.239619e+12, 1.000000e+00, 1.251654e+16, 0.000000e+00, 2.454691e+16
1.278833e+12, 1.000000e+00, 1.291249e+16, 0.000000e+00, 2.532342e+16
1.154943e+12, 1.250000e-01, 1.166156e+16, -8.750000e-01, 2.287016e+16
1.245369e+12, 1.250000e-01, 1.257460e+16, -8.750000e-01, 2.466077e+16
1.102760e+12, 1.250000e-01, 1.113466e+16, -8.750000e-01, 2.183683e+16
1.090122e+12, 1.250000e-01, 1.100706e+16, -8.750000e-01, 2.158658e+16
1.248149e+12, 1.250000e-01, 1.260267e+16, -8.750000e-01, 2.471582e+16
1.045961e+12, 1.250000e-01, 1.056116e+16, -8.750000e-01, 2.071211e+16
1.071164e+12, 1.250000e-01, 1.081564e+16, -8.750000e-01, 2.121117e+16
1.069197e+12, 1.250000e-01, 1.079578e+16, -8.750000e-01, 2.117222e+16
1.214862e+12, 1.250000e-01, 1.226657e+16, -8.750000e-01, 2.405668e+16
1.196672e+12, 1.250000e-01, 1.208290e+16, -8.750000e-01, 2.369647e+16
1.037608e+12, 1.250000e-01, 1.047682e+16, -8.750000e-01, 2.054669e+16
1.245177e+12, 1.250000e-01, 1.257266e+16, -8.750000e-01, 2.465697e+16
