3.795738e+00, 1.000000e+00, 3.832605e+04, 0.000000e+00, 7.431280e+04
1.438980e+01, 1.000000e+00, 3.879923e+04, 0.000000e+00, 7.603207e+04
3.673389e+00, 1.000000e+00, 3.709100e+04, 0.000000e+00, 7.198947e+04
6.307880e+00, 1.000000e+00, 3.796268e+04, 0.000000e+00, 7.437979e+04
6.065085e+00, 1.000000e+00, 3.830625e+04, 0.000000e+00, 7.507821e+04
3.720893e+00, 1.000000e+00, 3.757036e+04, 0.000000e+00, 7.289153e+04
3.769976e+00, 1.000000e+00, 3.805937e+04, 0.000000e+00, 7.382359e+04
3.608697e+00, 1.000000e+00, 3.643772e+04, 0.000000e+00, 7.076098e+04
3.681372e+00, 1.000000e+00, 3.708677e+04, 0.000000e+00, 7.144206e+04
3.622353e+00, 1.000000e+00, 3.657545e+04, 0.000000e+00, 7.102031e+04
7.908461e+00, 1.000000e+00, 3.295180e+04, 0.000000e+00, 6.433703e+04
3.631566e+00, 1.000000e+00, 3.666852e+04, 0.000000e+00, 7.119527e+04
3.545450e+00, 1.000000e+00, 3.579750e+04, 0.000000e+00, 6.955996e+04
3.496119e+00, 1.000000e+00, 3.530079e+04, 0.000000e+00, 6.862319e+04
9.831741e+00, 1.000000e+00, 3.524807e+04, 0.000000e+00, 6.869315e+04
8.781947e+00, 1.000000e+00, 3.446336e+04, 0.000000e+00, 6.751418e+04
1.070711e+01, 1.000000e+00, 3.503148e+04, 0.000000e+00, 6.869882e+04
3.246333e+00, 1.000000e+00, 3.277847e+04, 0.000000e+00, 6.387988e+04
5.205175e+00, 1.000000e+00, 3.254094e+04, 0.000000e+00, 6.386581e+04
3.135915e+00, 1.000000e+00, 3.166399e+04, 0.000000e+00, 6.178310e+04
3.363316e+00, 1.000000e+00, 3.067985e+04, 0.000000e+00, 6.014892e+04
2.051579e+01, 1.000000e+00, 3.129601e+04, 0.000000e+00, 6.141002e+04
1.340374e+01, 1.000000e+00, 3.136044e+04, 0.000000e+00, 6.152223e+04
2.991302e+00, 1.000000e+00, 2.972920e+04, 0.000000e+00, 5.747232e+04
2.969159e+00, 1.000000e+00, 2.998007e+04, 0.000000e+00, 5.861648e+04
3.079059e+00, 1.000000e+00, 3.109010e+04, 0.000000e+00, 6.070343e+04
8.159383e+00, 1.000000e+00, 3.067879e+04, 0.000000e+00, 6.017206e+04
2.962942e+00, 1.000000e+00, 2.989892e+04, 0.000000e+00, 5.844123e+04
4.085240e+00, 1.000000e+00, 2.958134e+04, 0.000000e+00, 5.765868e+04
2.986153e+00, 1.000000e+00, 3.015184e+04, 0.000000e+00, 5.893919e+04
3.080001e+00, 1.000000e+00, 3.109922e+04, 0.000000e+00, 6.072132e+04
2.819607e+00, 1.000000e+00, 2.846994e+04, 0.000000e+00, 5.577656e+04
2.786996e+00, 1.000000e+00, 2.814073e+04, 0.000000e+00, 5.515731e+04
1.846596e+01, 1.000000e+00, 2.686921e+04, 0.000000e+00, 5.272505e+04
2.754846e+00, 1.000000e+00, 2.781612e+04, 0.000000e+00, 5.454679e+04
2.446409e+01, 1.000000e+00, 2.767767e+04, 0.000000e+00, 5.432230e+04
2.067016e+01, 1.000000e+00, 2.881808e+04, 0.000000e+00, 5.655251e+04
7.577997e+00, 1.000000e+00, 2.806205e+04, 0.000000e+00, 5.497982e+04
8.051419e+00, 1.000000e+00, 2.934742e+04, 0.000000e+00, 5.756722e+04
2.219195e+01, 1.000000e+00, 2.835558e+04, 0.000000e+00, 5.562614e+04
7.373304e+00, 1.000000e+00, 2.842065e+04, 0.000000e+00, 5.570953e+04
2.957661e+01, 1.000000e+00, 2.499902e+04, 0.000000e+00, 4.907965e+04
3.407820e+01, 1.000000e+00, 2.387934e+04, 0.000000e+00, 4.689288e+04
2.298455e+01, 1.000000e+00, 2.356947e+04, 0.000000e+00, 4.626327e+04
5.215836e+00, 1.000000e+00, 2.666241e+04, 0.000000e+00, 5.232724e+04
2.552096e+00, 1.000000e+00, 2.576883e+04, 0.000000e+00, 5.069666e+04
2.192161e+01, 1.000000e+00, 2.497855e+04, 0.000000e+00, 4.904537e+04
2.457099e+00, 1.000000e+00, 2.480881e+04, 0.000000e+00, 4.889262e+04
2.248097e+01, 1.000000e+00, 2.457443e+04, 0.000000e+00, 4.823298e+04
3.799037e+00, 1.000000e+00, 2.589881e+04, 0.000000e+00, 5.067346e+04
9.174796e+00, 1.000000e+00, 2.616181e+04, 0.000000e+00, 5.131930e+04
1.791256e+01, 1.000000e+00, 2.429667e+04, 0.000000e+00, 4.767925e+04
1.106671e+01, 1.000000e+00, 2.435238e+04, 0.000000e+00, 4.777493e+04
5.668640e+00, 1.000000e+00, 2.242754e+04, 0.000000e+00, 4.405468e+04
1.215036e+01, 1.000000e+00, 2.278023e+04, 0.000000e+00, 4.469413e+04
8.997453e+00, 1.000000e+00, 2.183738e+04, 0.000000e+00, 4.286408e+04
3.308102e+00, 1.000000e+00, 2.408276e+04, 0.000000e+00, 4.719989e+04
2.141143e+00, 1.000000e+00, 2.161933e+04, 0.000000e+00, 4.289288e+04
1.669929e+01, 1.000000e+00, 2.815340e+04, 0.000000e+00, 5.523982e+04
3.036669e+00, 1.000000e+00, 2.971317e+04, 0.000000e+00, 5.659563e+04
2.150914e+00, 1.000000e+00, 2.171807e+04, 0.000000e+00, 4.307842e+04
3.714528e+00, 1.000000e+00, 3.750100e+04, 0.000000e+00, 7.277067e+04
3.727820e+00, 1.000000e+00, 3.764002e+04, 0.000000e+00, 7.302308e+04
5.827895e+00, 1.000000e+00, 3.756566e+04, 0.000000e+00, 7.363910e+04
3.686991e+00, 1.000000e+00, 3.722794e+04, 0.000000e+00, 7.224775e+04
5.263118e+00, 1.000000e+00, 3.381368e+04, 0.000000e+00, 6.631477e+04
6.799606e+00, 1.000000e+00, 3.250132e+04, 0.000000e+00, 6.368135e+04
9.805440e+00, 1.000000e+00, 3.030387e+04, 0.000000e+00, 5.941806e+04
3.465621e+00, 1.000000e+00, 3.383802e+04, 0.000000e+00, 6.178394e+04
1.233730e+01, 1.000000e+00, 3.307540e+04, 0.000000e+00, 6.488302e+04
1.091498e+01, 1.000000e+00, 3.304916e+04, 0.000000e+00, 6.482854e+04
3.467623e+00, 1.000000e+00, 3.340740e+04, 0.000000e+00, 6.298862e+04
3.258823e+00, 1.000000e+00, 3.290216e+04, 0.000000e+00, 6.411707e+04
2.980676e+00, 1.000000e+00, 3.009600e+04, 0.000000e+00, 5.883520e+04
5.072756e+00, 1.000000e+00, 2.780174e+04, 0.000000e+00, 5.457609e+04
5.902979e+00, 1.000000e+00, 2.867033e+04, 0.000000e+00, 5.623195e+04
3.526684e+00, 1.000000e+00, 3.168606e+04, 0.000000e+00, 6.208887e+04
3.050369e+00, 1.000000e+00, 3.079999e+04, 0.000000e+00, 6.015862e+04
2.595670e+00, 1.000000e+00, 2.620879e+04, 0.000000e+00, 5.152411e+04
7.908931e+00, 1.000000e+00, 2.450155e+04, 0.000000e+00, 4.814479e+04
6.860806e+00, 1.000000e+00, 2.763560e+04, 0.000000e+00, 5.420490e+04
1.000236e+01, 1.000000e+00, 2.817162e+04, 0.000000e+00, 5.527917e+04
2.238745e+00, 1.000000e+00, 2.260481e+04, 0.000000e+00, 4.474629e+04
3.231322e+00, 1.000000e+00, 2.822199e+04, 0.000000e+00, 5.538375e+04
3.031743e+00, 1.000000e+00, 2.789083e+04, 0.000000e+00, 5.482194e+04
9.081318e+00, 1.000000e+00, 2.746985e+04, 0.000000e+00, 5.380647e+04
1.333212e+01, 1.000000e+00, 2.678612e+04, 0.000000e+00, 5.263120e+04
4.167159e+00, 1.000000e+00, 2.772294e+04, 0.000000e+00, 5.436811e+04
2.451012e+00, 1.250000e-01, 2.474826e+04, -8.750000e-01, 4.877800e+04
5.220294e+00, 1.250000e-01, 2.692806e+04, -8.750000e-01, 5.281900e+04
2.334372e+00, 1.250000e-01, 2.357046e+04, -8.750000e-01, 4.656305e+04
2.305742e+00, 1.250000e-01, 2.328227e+04, -8.750000e-01, 4.601939e+04
2.674403e+00, 1.250000e-01, 2.700385e+04, -8.750000e-01, 5.302007e+04
8.167200e+00, 1.250000e-01, 2.218876e+04, -8.750000e-01, 4.352525e+04
2.264623e+00, 1.250000e-01, 2.286678e+04, -8.750000e-01, 4.523855e+04
3.343116e+00, 1.250000e-01, 2.270723e+04, -8.750000e-01, 4.459706e+04
2.595294e+00, 1.250000e-01, 2.620499e+04, -8.750000e-01, 5.151784e+04
2.620714e+00, 1.250000e-01, 2.576655e+04, -8.750000e-01, 5.158217e+04
8.567880e+00, 1.250000e-01, 2.206280e+04, -8.750000e-01, 4.334585e+04
7.361997e+00, 1.250000e-01, 2.692762e+04, -8.750000e-01, 5.286736e+04
