1.134027e-02, 1.000000e+00, 1.186424e+02, 0.000000e+00, 2.235698e+02
1.116917e-02, 1.000000e+00, 1.168495e+02, 0.000000e+00, 2.201815e+02
1.099804e-02, 1.000000e+00, 1.150564e+02, 0.000000e+00, 2.167929e+02
1.082690e-02, 1.000000e+00, 1.132631e+02, 0.000000e+00, 2.134039e+02
1.065574e-02, 1.000000e+00, 1.114695e+02, 0.000000e+00, 2.100146e+02
1.048456e-02, 1.000000e+00, 1.096758e+02, 0.000000e+00, 2.066249e+02
1.031336e-02, 1.000000e+00, 1.078819e+02, 0.000000e+00, 2.032349e+02
1.014215e-02, 1.000000e+00, 1.060878e+02, 0.000000e+00, 1.998446e+02
9.970925e-03, 1.000000e+00, 1.042935e+02, 0.000000e+00, 1.964540e+02
9.799682e-03, 1.000000e+00, 1.024991e+02, 0.000000e+00, 1.930630e+02
9.628424e-03, 1.000000e+00, 1.007044e+02, 0.000000e+00, 1.896718e+02
9.457150e-03, 1.000000e+00, 9.890957e+01, 0.000000e+00, 1.862802e+02
9.285861e-03, 1.000000e+00, 9.711456e+01, 0.000000e+00, 1.828883e+02
9.114556e-03, 1.000000e+00, 9.531937e+01, 0.000000e+00, 1.794962e+02
8.943238e-03, 1.000000e+00, 9.352402e+01, 0.000000e+00, 1.761037e+02
8.771905e-03, 1.000000e+00, 9.172851e+01, 0.000000e+00, 1.727110e+02
8.600558e-03, 1.000000e+00, 8.993282e+01, 0.000000e+00, 1.693180e+02
8.429197e-03, 1.000000e+00, 8.813698e+01, 0.000000e+00, 1.659247e+02
3.534253e+00, 1.000000e+00, 8.635562e+01, 0.000000e+00, 1.694162e+02
3.688216e+00, 1.000000e+00, 8.456171e+01, 0.000000e+00, 1.663463e+02
3.858207e+00, 1.000000e+00, 8.276845e+01, 0.000000e+00, 1.634249e+02
4.025880e+00, 1.000000e+00, 8.097436e+01, 0.000000e+00, 1.603650e+02
4.179305e+00, 1.000000e+00, 7.917997e+01, 0.000000e+00, 1.572840e+02
4.352442e+00, 1.000000e+00, 7.738469e+01, 0.000000e+00, 1.540356e+02
5.842482e+00, 1.000000e+00, 7.560286e+01, 0.000000e+00, 1.528505e+02
6.482274e+00, 1.000000e+00, 7.382123e+01, 0.000000e+00, 1.513273e+02
6.886370e-03, 1.000000e+00, 7.196772e+01, 0.000000e+00, 1.353737e+02
6.714886e-03, 1.000000e+00, 7.017045e+01, 0.000000e+00, 1.319779e+02
6.543390e-03, 1.000000e+00, 6.837305e+01, 0.000000e+00, 1.285820e+02
3.607037e+00, 1.000000e+00, 6.660486e+01, 0.000000e+00, 1.326534e+02
1.149034e+01, 1.000000e+00, 6.489153e+01, 0.000000e+00, 1.447565e+02
1.124605e+01, 1.000000e+00, 6.309062e+01, 0.000000e+00, 1.408710e+02
6.413254e+00, 1.000000e+00, 6.124619e+01, 0.000000e+00, 1.278800e+02
6.660916e+00, 1.000000e+00, 5.945035e+01, 0.000000e+00, 1.248423e+02
6.445551e+00, 1.000000e+00, 5.765036e+01, 0.000000e+00, 1.210894e+02
5.279539e+00, 1.000000e+00, 5.267271e+01, 0.000000e+00, 1.091419e+02
3.591923e+02, 1.000000e+00, 6.015579e+01, 0.000000e+00, 8.283993e+02
3.525392e+02, 1.000000e+00, 5.848316e+01, 0.000000e+00, 8.119525e+02
3.458845e+02, 1.000000e+00, 5.670562e+01, 0.000000e+00, 7.952866e+02
3.392327e+02, 1.000000e+00, 5.236516e+01, 0.000000e+00, 7.735759e+02
3.325728e+02, 1.000000e+00, 5.101090e+01, 0.000000e+00, 7.577551e+02
3.259061e+02, 1.000000e+00, 4.594955e+01, 0.000000e+00, 7.345940e+02
3.192360e+02, 1.000000e+00, 4.582682e+01, 0.000000e+00, 7.211458e+02
3.947183e-03, 1.000000e+00, 4.209464e+01, 0.000000e+00, 7.717194e+01
4.489968e+00, 1.000000e+00, 4.200853e+01, 0.000000e+00, 8.621715e+01
6.613939e+00, 1.000000e+00, 3.813800e+01, 0.000000e+00, 8.313554e+01
3.192015e+02, 1.000000e+00, 3.689122e+01, 0.000000e+00, 7.035345e+02
3.125323e+02, 1.000000e+00, 4.067413e+01, 0.000000e+00, 6.977976e+02
4.216692e-03, 1.000000e+00, 4.474829e+01, 0.000000e+00, 8.250875e+01
3.321492e-03, 1.000000e+00, 3.564458e+01, 0.000000e+00, 6.478201e+01
3.220670e-03, 1.000000e+00, 3.456036e+01, 0.000000e+00, 6.278554e+01
3.057297e-03, 1.000000e+00, 3.284460e+01, 0.000000e+00, 5.955045e+01
3.388458e-03, 1.000000e+00, 3.612234e+01, 0.000000e+00, 6.610808e+01
2.156625e-03, 1.000000e+00, 2.361864e+01, 0.000000e+00, 4.171535e+01
4.169108e-03, 1.000000e+00, 4.387187e+01, 0.000000e+00, 8.156649e+01
2.566966e-03, 1.000000e+00, 2.762941e+01, 0.000000e+00, 4.984090e+01
5.517037e+00, 1.000000e+00, 4.474178e+01, 0.000000e+00, 9.444917e+01
2.448235e-03, 1.000000e+00, 2.629871e+01, 0.000000e+00, 4.748981e+01
3.657679e+02, 1.000000e+00, 3.947561e+01, 0.000000e+00, 8.008860e+02
3.590197e+02, 1.000000e+00, 5.639460e+01, 0.000000e+00, 8.207081e+02
2.414483e-03, 1.000000e+00, 2.602419e+01, 0.000000e+00, 4.682145e+01
3.564253e+02, 1.000000e+00, 1.163637e+02, 0.000000e+00, 9.331566e+02
3.493875e+02, 1.000000e+00, 1.212661e+02, 0.000000e+00, 9.288310e+02
3.428385e+02, 1.000000e+00, 1.195697e+02, 0.000000e+00, 9.125336e+02
3.362875e+02, 1.000000e+00, 1.178707e+02, 0.000000e+00, 8.962272e+02
3.305811e+02, 1.000000e+00, 1.034225e+02, 0.000000e+00, 8.565930e+02
3.247038e+02, 1.000000e+00, 8.886204e+01, 0.000000e+00, 8.163999e+02
3.186407e+02, 1.000000e+00, 7.449955e+01, 0.000000e+00, 7.762274e+02
3.105678e+02, 1.000000e+00, 1.034023e+02, 0.000000e+00, 8.169154e+02
3.039822e+02, 1.000000e+00, 1.019144e+02, 0.000000e+00, 8.009544e+02
2.973999e+02, 1.000000e+00, 1.003447e+02, 0.000000e+00, 7.848395e+02
2.908197e+02, 1.000000e+00, 9.871177e+01, 0.000000e+00, 7.686047e+02
2.842403e+02, 1.000000e+00, 9.703158e+01, 0.000000e+00, 7.522791e+02
2.780722e+02, 1.000000e+00, 8.739227e+01, 0.000000e+00, 7.211621e+02
6.658877e-03, 1.000000e+00, 6.719557e+01, 0.000000e+00, 1.308688e+02
6.764690e-03, 1.000000e+00, 6.827492e+01, 0.000000e+00, 1.329642e+02
2.845040e+02, 1.000000e+00, 8.948122e+01, 0.000000e+00, 7.379903e+02
2.779177e+02, 1.000000e+00, 8.782935e+01, 0.000000e+00, 7.217044e+02
4.796336e-03, 1.000000e+00, 5.099376e+01, 0.000000e+00, 9.398685e+01
2.795332e+02, 1.000000e+00, 4.238450e+01, 0.000000e+00, 6.357903e+02
2.722290e+02, 1.000000e+00, 6.121552e+01, 0.000000e+00, 6.581799e+02
2.653996e+02, 1.000000e+00, 6.916164e+01, 0.000000e+00, 6.603079e+02
2.596321e+02, 1.000000e+00, 3.741847e+01, 0.000000e+00, 5.866378e+02
2.515307e+02, 1.000000e+00, 8.150179e+01, 0.000000e+00, 6.570380e+02
2.450660e+02, 1.000000e+00, 7.697839e+01, 0.000000e+00, 6.353640e+02
2.385605e+02, 1.000000e+00, 7.313369e+01, 0.000000e+00, 6.149399e+02
2.319764e+02, 1.000000e+00, 7.101713e+01, 0.000000e+00, 5.977490e+02
6.423501e-03, 1.000000e+00, 6.787998e+01, 0.000000e+00, 1.262079e+02
4.852603e-03, 1.250000e-01, 5.195980e+01, -8.750000e-01, 9.510106e+01
4.681649e-03, 1.250000e-01, 5.016801e+01, -8.750000e-01, 9.171582e+01
4.509772e-03, 1.250000e-01, 4.836688e+01, -8.750000e-01, 8.831232e+01
5.998434e+00, 1.250000e-01, 4.662745e+01, -8.750000e-01, 9.704649e+01
4.167335e-03, 1.250000e-01, 4.477785e+01, -8.750000e-01, 8.153139e+01
3.994860e-03, 1.250000e-01, 4.297061e+01, -8.750000e-01, 7.811604e+01
1.019929e+00, 1.250000e-01, 3.632161e+01, -8.750000e-01, 6.721757e+01
3.262209e-03, 1.250000e-01, 3.544109e+01, -8.750000e-01, 6.360810e+01
6.129336e-03, 1.250000e-01, 6.431658e+01, -8.750000e-01, 1.203829e+02
5.421782e-03, 1.250000e-01, 5.710857e+01, -8.750000e-01, 1.063719e+02
4.308136e-03, 1.250000e-01, 4.580092e+01, -8.750000e-01, 8.431952e+01
3.778596e-03, 1.250000e-01, 4.038968e+01, -8.750000e-01, 7.383358e+01
