2.465853e+04, 1.000000e+00, 2.489794e+08, 0.000000e+00, 4.882878e+08
2.487969e+04, 1.000000e+00, 2.512124e+08, 0.000000e+00, 4.926672e+08
2.417429e+04, 1.000000e+00, 2.440899e+08, 0.000000e+00, 4.786988e+08
2.441089e+04, 1.000000e+00, 2.464789e+08, 0.000000e+00, 4.833839e+08
2.484329e+04, 1.000000e+00, 2.508449e+08, 0.000000e+00, 4.919463e+08
2.425713e+04, 1.000000e+00, 2.449264e+08, 0.000000e+00, 4.803392e+08
2.445476e+04, 1.000000e+00, 2.469219e+08, 0.000000e+00, 4.842527e+08
2.354519e+04, 1.000000e+00, 2.377378e+08, 0.000000e+00, 4.662413e+08
2.401519e+04, 1.000000e+00, 2.424835e+08, 0.000000e+00, 4.755483e+08
2.373643e+04, 1.000000e+00, 2.396688e+08, 0.000000e+00, 4.700284e+08
2.140016e+04, 1.000000e+00, 2.160793e+08, 0.000000e+00, 4.237656e+08
2.377185e+04, 1.000000e+00, 2.400264e+08, 0.000000e+00, 4.707296e+08
2.324607e+04, 1.000000e+00, 2.347176e+08, 0.000000e+00, 4.603181e+08
2.293077e+04, 1.000000e+00, 2.315340e+08, 0.000000e+00, 4.540747e+08
2.280953e+04, 1.000000e+00, 2.303098e+08, 0.000000e+00, 4.516739e+08
2.236899e+04, 1.000000e+00, 2.258616e+08, 0.000000e+00, 4.429503e+08
2.275495e+04, 1.000000e+00, 2.297587e+08, 0.000000e+00, 4.505931e+08
2.148472e+04, 1.000000e+00, 2.169331e+08, 0.000000e+00, 4.254400e+08
2.118899e+04, 1.000000e+00, 2.139471e+08, 0.000000e+00, 4.195840e+08
2.069899e+04, 1.000000e+00, 2.089995e+08, 0.000000e+00, 4.098810e+08
2.005179e+04, 1.000000e+00, 2.024647e+08, 0.000000e+00, 3.970652e+08
2.040100e+04, 1.000000e+00, 2.059907e+08, 0.000000e+00, 4.039803e+08
2.058642e+04, 1.000000e+00, 2.078629e+08, 0.000000e+00, 4.076519e+08
1.942626e+04, 1.000000e+00, 1.961487e+08, 0.000000e+00, 3.846785e+08
1.969794e+04, 1.000000e+00, 1.988919e+08, 0.000000e+00, 3.900583e+08
2.028013e+04, 1.000000e+00, 2.047703e+08, 0.000000e+00, 4.015868e+08
2.007079e+04, 1.000000e+00, 2.026566e+08, 0.000000e+00, 3.974415e+08
1.961761e+04, 1.000000e+00, 1.980807e+08, 0.000000e+00, 3.884675e+08
1.944399e+04, 1.000000e+00, 1.963276e+08, 0.000000e+00, 3.850294e+08
1.976643e+04, 1.000000e+00, 1.995833e+08, 0.000000e+00, 3.914144e+08
2.030610e+04, 1.000000e+00, 2.050325e+08, 0.000000e+00, 4.021010e+08
1.876640e+04, 1.000000e+00, 1.894860e+08, 0.000000e+00, 3.716120e+08
1.854237e+04, 1.000000e+00, 1.872240e+08, 0.000000e+00, 3.671757e+08
1.777615e+04, 1.000000e+00, 1.794874e+08, 0.000000e+00, 3.520031e+08
1.834900e+04, 1.000000e+00, 1.852714e+08, 0.000000e+00, 3.633465e+08
1.826807e+04, 1.000000e+00, 1.844543e+08, 0.000000e+00, 3.617439e+08
1.894978e+04, 1.000000e+00, 1.913376e+08, 0.000000e+00, 3.752432e+08
1.850760e+04, 1.000000e+00, 1.868728e+08, 0.000000e+00, 3.664871e+08
1.923674e+04, 1.000000e+00, 1.942350e+08, 0.000000e+00, 3.809255e+08
1.865850e+04, 1.000000e+00, 1.883965e+08, 0.000000e+00, 3.694752e+08
1.871587e+04, 1.000000e+00, 1.889757e+08, 0.000000e+00, 3.706112e+08
1.667204e+04, 1.000000e+00, 1.683390e+08, 0.000000e+00, 3.301394e+08
1.608404e+04, 1.000000e+00, 1.624020e+08, 0.000000e+00, 3.184959e+08
1.586089e+04, 1.000000e+00, 1.601488e+08, 0.000000e+00, 3.140770e+08
1.765901e+04, 1.000000e+00, 1.783046e+08, 0.000000e+00, 3.496834e+08
1.712514e+04, 1.000000e+00, 1.729140e+08, 0.000000e+00, 3.391117e+08
1.665631e+04, 1.000000e+00, 1.681802e+08, 0.000000e+00, 3.298279e+08
1.652795e+04, 1.000000e+00, 1.668841e+08, 0.000000e+00, 3.272860e+08
1.646813e+04, 1.000000e+00, 1.662801e+08, 0.000000e+00, 3.261016e+08
1.720317e+04, 1.000000e+00, 1.737019e+08, 0.000000e+00, 3.406568e+08
1.734253e+04, 1.000000e+00, 1.751090e+08, 0.000000e+00, 3.434164e+08
1.626328e+04, 1.000000e+00, 1.642118e+08, 0.000000e+00, 3.220452e+08
1.624470e+04, 1.000000e+00, 1.640242e+08, 0.000000e+00, 3.216773e+08
1.523058e+04, 1.000000e+00, 1.537845e+08, 0.000000e+00, 3.015957e+08
1.533262e+04, 1.000000e+00, 1.548148e+08, 0.000000e+00, 3.036162e+08
1.471827e+04, 1.000000e+00, 1.486116e+08, 0.000000e+00, 2.914508e+08
1.605415e+04, 1.000000e+00, 1.621002e+08, 0.000000e+00, 3.179040e+08
1.465117e+04, 1.000000e+00, 1.479341e+08, 0.000000e+00, 2.901221e+08
1.856285e+04, 1.000000e+00, 1.874308e+08, 0.000000e+00, 3.675813e+08
1.948241e+04, 1.000000e+00, 1.967156e+08, 0.000000e+00, 3.857903e+08
1.463258e+04, 1.000000e+00, 1.477464e+08, 0.000000e+00, 2.897540e+08
2.442519e+04, 1.000000e+00, 2.466233e+08, 0.000000e+00, 4.836672e+08
2.433150e+04, 1.000000e+00, 2.456773e+08, 0.000000e+00, 4.818120e+08
2.432935e+04, 1.000000e+00, 2.456555e+08, 0.000000e+00, 4.817692e+08
2.404099e+04, 1.000000e+00, 2.427440e+08, 0.000000e+00, 4.760592e+08
2.198897e+04, 1.000000e+00, 2.220245e+08, 0.000000e+00, 4.354251e+08
2.121289e+04, 1.000000e+00, 2.141884e+08, 0.000000e+00, 4.200573e+08
1.982875e+04, 1.000000e+00, 2.002126e+08, 0.000000e+00, 3.926484e+08
2.202308e+04, 1.000000e+00, 2.223689e+08, 0.000000e+00, 4.361006e+08
2.153833e+04, 1.000000e+00, 2.174744e+08, 0.000000e+00, 4.265017e+08
2.141551e+04, 1.000000e+00, 2.162343e+08, 0.000000e+00, 4.240695e+08
2.165774e+04, 1.000000e+00, 2.186801e+08, 0.000000e+00, 4.288661e+08
2.143656e+04, 1.000000e+00, 2.164468e+08, 0.000000e+00, 4.244864e+08
1.970417e+04, 1.000000e+00, 1.989547e+08, 0.000000e+00, 3.901816e+08
1.833480e+04, 1.000000e+00, 1.851281e+08, 0.000000e+00, 3.630654e+08
1.883127e+04, 1.000000e+00, 1.901409e+08, 0.000000e+00, 3.728964e+08
2.067550e+04, 1.000000e+00, 2.087623e+08, 0.000000e+00, 4.094158e+08
2.017098e+04, 1.000000e+00, 2.036682e+08, 0.000000e+00, 3.994254e+08
1.737819e+04, 1.000000e+00, 1.754691e+08, 0.000000e+00, 3.441226e+08
1.645596e+04, 1.000000e+00, 1.661573e+08, 0.000000e+00, 3.258606e+08
1.823863e+04, 1.000000e+00, 1.841570e+08, 0.000000e+00, 3.611609e+08
1.857862e+04, 1.000000e+00, 1.875899e+08, 0.000000e+00, 3.678934e+08
1.517031e+04, 1.000000e+00, 1.531759e+08, 0.000000e+00, 3.004022e+08
1.860653e+04, 1.000000e+00, 1.878717e+08, 0.000000e+00, 3.684461e+08
1.836398e+04, 1.000000e+00, 1.854227e+08, 0.000000e+00, 3.636432e+08
1.812506e+04, 1.000000e+00, 1.830103e+08, 0.000000e+00, 3.589121e+08
1.772947e+04, 1.000000e+00, 1.790160e+08, 0.000000e+00, 3.510786e+08
1.829032e+04, 1.000000e+00, 1.846790e+08, 0.000000e+00, 3.621846e+08
1.651840e+04, 1.250000e-01, 1.667878e+08, -8.750000e-01, 3.270971e+08
1.781171e+04, 1.250000e-01, 1.798464e+08, -8.750000e-01, 3.527072e+08
1.577206e+04, 1.250000e-01, 1.592519e+08, -8.750000e-01, 3.123181e+08
1.559132e+04, 1.250000e-01, 1.574269e+08, -8.750000e-01, 3.087390e+08
1.785147e+04, 1.250000e-01, 1.802478e+08, -8.750000e-01, 3.534944e+08
1.495971e+04, 1.250000e-01, 1.510495e+08, -8.750000e-01, 2.962319e+08
1.532017e+04, 1.250000e-01, 1.546891e+08, -8.750000e-01, 3.033697e+08
1.529204e+04, 1.250000e-01, 1.544050e+08, -8.750000e-01, 3.028126e+08
1.737539e+04, 1.250000e-01, 1.754409e+08, -8.750000e-01, 3.440672e+08
1.711523e+04, 1.250000e-01, 1.728139e+08, -8.750000e-01, 3.389154e+08
1.484024e+04, 1.250000e-01, 1.498432e+08, -8.750000e-01, 2.938661e+08
1.780896e+04, 1.250000e-01, 1.798186e+08, -8.750000e-01, 3.526527e+08
