1.749115e+02, 1.000000e+00, 9.762518e+02, 0.000000e+00, 2.259837e+03
9.370742e-02, 1.000000e+00, 9.503446e+02, 0.000000e+00, 1.854602e+03
1.736345e+02, 1.000000e+00, 9.442046e+02, 0.000000e+00, 2.194465e+03
9.270082e-02, 1.000000e+00, 9.401596e+02, 0.000000e+00, 1.834670e+03
9.429600e-02, 1.000000e+00, 9.561637e+02, 0.000000e+00, 1.866257e+03
8.939893e-02, 1.000000e+00, 9.067559e+02, 0.000000e+00, 1.769286e+03
9.181787e-02, 1.000000e+00, 9.310646e+02, 0.000000e+00, 1.817186e+03
8.735246e-02, 1.000000e+00, 8.859978e+02, 0.000000e+00, 1.728762e+03
8.820734e-02, 1.000000e+00, 8.945480e+02, 0.000000e+00, 1.745690e+03
8.815613e-02, 1.000000e+00, 8.901292e+02, 0.000000e+00, 1.744676e+03
1.969446e+02, 1.000000e+00, 8.195517e+02, 0.000000e+00, 1.996191e+03
8.699835e-02, 1.000000e+00, 8.823224e+02, 0.000000e+00, 1.721750e+03
8.704725e-02, 1.000000e+00, 8.827489e+02, 0.000000e+00, 1.722718e+03
8.343787e-02, 1.000000e+00, 8.462981e+02, 0.000000e+00, 1.651245e+03
8.312180e-02, 1.000000e+00, 8.430453e+02, 0.000000e+00, 1.644986e+03
8.354476e-02, 1.000000e+00, 8.472434e+02, 0.000000e+00, 1.653362e+03
8.381551e-02, 1.000000e+00, 8.499068e+02, 0.000000e+00, 1.658723e+03
7.629005e-02, 1.000000e+00, 7.739483e+02, 0.000000e+00, 1.509704e+03
7.735838e-02, 1.000000e+00, 7.846589e+02, 0.000000e+00, 1.530859e+03
7.247877e-02, 1.000000e+00, 7.353624e+02, 0.000000e+00, 1.434233e+03
2.256230e+02, 1.000000e+00, 7.535928e+02, 0.000000e+00, 1.923648e+03
7.234080e-02, 1.000000e+00, 7.339393e+02, 0.000000e+00, 1.431501e+03
7.330552e-02, 1.000000e+00, 7.436073e+02, 0.000000e+00, 1.450604e+03
6.690875e-02, 1.000000e+00, 6.789832e+02, 0.000000e+00, 1.323936e+03
6.789662e-02, 1.000000e+00, 6.888891e+02, 0.000000e+00, 1.343497e+03
7.256115e-02, 1.000000e+00, 7.358988e+02, 0.000000e+00, 1.435864e+03
7.173876e-02, 1.000000e+00, 7.275342e+02, 0.000000e+00, 1.419579e+03
6.880682e-02, 1.000000e+00, 6.978785e+02, 0.000000e+00, 1.361521e+03
6.789295e-02, 1.000000e+00, 6.885882e+02, 0.000000e+00, 1.343425e+03
7.023795e-02, 1.000000e+00, 7.121904e+02, 0.000000e+00, 1.389860e+03
7.327968e-02, 1.000000e+00, 7.428189e+02, 0.000000e+00, 1.450093e+03
2.674535e+02, 1.000000e+00, 6.665864e+02, 0.000000e+00, 1.835881e+03
2.617833e+02, 1.000000e+00, 6.579072e+02, 0.000000e+00, 1.807588e+03
6.116922e-02, 1.000000e+00, 6.205916e+02, 0.000000e+00, 1.210282e+03
2.593042e+02, 1.000000e+00, 6.583919e+02, 0.000000e+00, 1.803534e+03
2.526856e+02, 1.000000e+00, 6.579611e+02, 0.000000e+00, 1.789719e+03
6.766949e-02, 1.000000e+00, 6.862216e+02, 0.000000e+00, 1.339000e+03
2.467405e+02, 1.000000e+00, 6.765535e+02, 0.000000e+00, 1.814403e+03
6.965347e-02, 1.000000e+00, 7.062124e+02, 0.000000e+00, 1.378286e+03
2.428046e+02, 1.000000e+00, 6.823519e+02, 0.000000e+00, 1.817978e+03
6.846997e-02, 1.000000e+00, 6.942426e+02, 0.000000e+00, 1.354851e+03
5.768421e-02, 1.000000e+00, 5.853156e+02, 0.000000e+00, 1.141272e+03
5.485393e-02, 1.000000e+00, 5.566714e+02, 0.000000e+00, 1.085226e+03
5.484324e-02, 1.000000e+00, 5.564974e+02, 0.000000e+00, 1.085015e+03
2.594163e+02, 1.000000e+00, 6.419344e+02, 0.000000e+00, 1.771760e+03
6.043802e-02, 1.000000e+00, 6.129619e+02, 0.000000e+00, 1.195802e+03
5.877069e-02, 1.000000e+00, 5.960646e+02, 0.000000e+00, 1.162786e+03
4.633022e-01, 1.000000e+00, 6.000832e+02, 0.000000e+00, 1.171598e+03
2.717218e+02, 1.000000e+00, 5.870666e+02, 0.000000e+00, 1.688401e+03
6.123998e-02, 1.000000e+00, 6.209010e+02, 0.000000e+00, 1.211683e+03
6.208739e-02, 1.000000e+00, 6.293865e+02, 0.000000e+00, 1.228463e+03
5.731350e-02, 1.000000e+00, 5.811342e+02, 0.000000e+00, 1.133931e+03
2.788048e+02, 1.000000e+00, 5.842206e+02, 0.000000e+00, 1.696849e+03
5.269181e-02, 1.000000e+00, 5.344536e+02, 0.000000e+00, 1.042412e+03
2.843023e+02, 1.000000e+00, 5.464292e+02, 0.000000e+00, 1.633630e+03
5.152530e-02, 1.000000e+00, 5.226573e+02, 0.000000e+00, 1.019313e+03
5.781263e-02, 1.000000e+00, 5.860638e+02, 0.000000e+00, 1.143814e+03
5.092871e-02, 1.000000e+00, 5.165020e+02, 0.000000e+00, 1.007499e+03
6.925525e-02, 1.000000e+00, 7.014067e+02, 0.000000e+00, 1.370401e+03
7.400161e-02, 1.000000e+00, 7.492232e+02, 0.000000e+00, 1.464388e+03
5.187286e-02, 1.000000e+00, 5.258432e+02, 0.000000e+00, 1.026195e+03
1.755944e+02, 1.000000e+00, 9.963997e+02, 0.000000e+00, 2.300617e+03
9.841043e-02, 1.000000e+00, 9.952561e+02, 0.000000e+00, 1.947731e+03
9.824712e-02, 1.000000e+00, 9.935436e+02, 0.000000e+00, 1.944497e+03
1.754859e+02, 1.000000e+00, 9.870834e+02, 0.000000e+00, 2.282300e+03
8.655767e-02, 1.000000e+00, 8.756539e+02, 0.000000e+00, 1.713023e+03
8.326756e-02, 1.000000e+00, 8.424149e+02, 0.000000e+00, 1.647873e+03
7.637444e-02, 1.000000e+00, 7.728401e+02, 0.000000e+00, 1.511375e+03
8.769066e-02, 1.000000e+00, 8.868795e+02, 0.000000e+00, 1.735459e+03
8.484681e-02, 1.000000e+00, 8.581402e+02, 0.000000e+00, 1.679145e+03
2.212695e+02, 1.000000e+00, 8.637968e+02, 0.000000e+00, 2.131135e+03
2.108050e+02, 1.000000e+00, 8.722317e+02, 0.000000e+00, 2.126909e+03
2.098632e+02, 1.000000e+00, 8.581799e+02, 0.000000e+00, 2.097530e+03
7.682844e-02, 1.000000e+00, 7.773181e+02, 0.000000e+00, 1.520365e+03
7.026042e-02, 1.000000e+00, 7.110266e+02, 0.000000e+00, 1.390305e+03
2.561089e+02, 1.000000e+00, 7.294687e+02, 0.000000e+00, 1.936726e+03
2.165179e+02, 1.000000e+00, 8.184959e+02, 0.000000e+00, 2.032892e+03
2.147841e+02, 1.000000e+00, 8.050292e+02, 0.000000e+00, 2.003050e+03
3.429342e+00, 1.000000e+00, 6.549425e+02, 0.000000e+00, 1.286736e+03
6.031168e-02, 1.000000e+00, 6.106892e+02, 0.000000e+00, 1.193301e+03
6.963496e-02, 1.000000e+00, 7.046322e+02, 0.000000e+00, 1.377920e+03
7.162858e-02, 1.000000e+00, 7.246659e+02, 0.000000e+00, 1.417398e+03
5.556936e-02, 1.000000e+00, 5.626682e+02, 0.000000e+00, 1.099393e+03
7.255535e-02, 1.000000e+00, 7.338794e+02, 0.000000e+00, 1.435750e+03
7.148503e-02, 1.000000e+00, 7.230221e+02, 0.000000e+00, 1.414555e+03
2.668680e+02, 1.000000e+00, 7.053127e+02, 0.000000e+00, 1.910667e+03
6.861004e-02, 1.000000e+00, 6.940067e+02, 0.000000e+00, 1.357624e+03
7.146773e-02, 1.000000e+00, 7.227509e+02, 0.000000e+00, 1.414212e+03
2.995594e+02, 1.250000e-01, 6.277834e+02, -8.750000e-01, 1.823383e+03
2.676572e+02, 1.250000e-01, 6.888499e+02, -8.750000e-01, 1.879947e+03
3.055111e+02, 1.250000e-01, 5.796615e+02, -8.750000e-01, 1.740805e+03
2.979819e+02, 1.250000e-01, 5.817039e+02, -8.750000e-01, 1.729898e+03
2.443569e+02, 1.250000e-01, 6.969504e+02, -8.750000e-01, 1.849684e+03
5.583402e-02, 1.250000e-01, 5.652871e+02, -8.750000e-01, 1.104634e+03
2.966016e+02, 1.250000e-01, 5.631134e+02, -8.750000e-01, 1.690709e+03
5.749587e-02, 1.250000e-01, 5.820172e+02, -8.750000e-01, 1.137542e+03
6.800271e-02, 1.250000e-01, 6.878481e+02, -8.750000e-01, 1.345598e+03
6.689230e-02, 1.250000e-01, 6.765906e+02, -8.750000e-01, 1.323610e+03
5.582202e-02, 1.250000e-01, 5.649490e+02, -8.750000e-01, 1.104396e+03
2.509174e+02, 1.250000e-01, 6.939321e+02, -8.750000e-01, 1.856759e+03
