7.580802e+01, 1.000000e+00, 7.154897e+05, 0.000000e+00, 1.403210e+06
7.113405e+01, 1.000000e+00, 7.182376e+05, 0.000000e+00, 1.406786e+06
7.441262e+01, 1.000000e+00, 6.966218e+05, 0.000000e+00, 1.365128e+06
6.983188e+01, 1.000000e+00, 7.050845e+05, 0.000000e+00, 1.381102e+06
7.081229e+01, 1.000000e+00, 7.149914e+05, 0.000000e+00, 1.400440e+06
7.090061e+01, 1.000000e+00, 7.035709e+05, 0.000000e+00, 1.377815e+06
6.996468e+01, 1.000000e+00, 7.064334e+05, 0.000000e+00, 1.383721e+06
6.856090e+01, 1.000000e+00, 6.774109e+05, 0.000000e+00, 1.327471e+06
6.847126e+01, 1.000000e+00, 6.912701e+05, 0.000000e+00, 1.354265e+06
6.787116e+01, 1.000000e+00, 6.853011e+05, 0.000000e+00, 1.342429e+06
6.557658e+01, 1.000000e+00, 6.197259e+05, 0.000000e+00, 1.215389e+06
6.772442e+01, 1.000000e+00, 6.838147e+05, 0.000000e+00, 1.339534e+06
6.623290e+01, 1.000000e+00, 6.687556e+05, 0.000000e+00, 1.310116e+06
6.544538e+01, 1.000000e+00, 6.600793e+05, 0.000000e+00, 1.294582e+06
6.512060e+01, 1.000000e+00, 6.575252e+05, 0.000000e+00, 1.288176e+06
6.387871e+01, 1.000000e+00, 6.449865e+05, 0.000000e+00, 1.263681e+06
7.093446e+01, 1.000000e+00, 6.542747e+05, 0.000000e+00, 1.283160e+06
7.081664e+01, 1.000000e+00, 6.169768e+05, 0.000000e+00, 1.210008e+06
6.049729e+01, 1.000000e+00, 6.108253e+05, 0.000000e+00, 1.194047e+06
5.907713e+01, 1.000000e+00, 5.965042e+05, 0.000000e+00, 1.168975e+06
5.719135e+01, 1.000000e+00, 5.774666e+05, 0.000000e+00, 1.131779e+06
5.828234e+01, 1.000000e+00, 5.884848e+05, 0.000000e+00, 1.153298e+06
5.855573e+01, 1.000000e+00, 5.912432e+05, 0.000000e+00, 1.158691e+06
5.552087e+01, 1.000000e+00, 5.605991e+05, 0.000000e+00, 1.098831e+06
6.155112e+01, 1.000000e+00, 5.660538e+05, 0.000000e+00, 1.110417e+06
5.814955e+01, 1.000000e+00, 5.845571e+05, 0.000000e+00, 1.144391e+06
5.707468e+01, 1.000000e+00, 5.762881e+05, 0.000000e+00, 1.129478e+06
5.582140e+01, 1.000000e+00, 5.635412e+05, 0.000000e+00, 1.097053e+06
5.533740e+01, 1.000000e+00, 5.587461e+05, 0.000000e+00, 1.095212e+06
5.693830e+01, 1.000000e+00, 5.672895e+05, 0.000000e+00, 1.110491e+06
6.418206e+01, 1.000000e+00, 5.830091e+05, 0.000000e+00, 1.142819e+06
5.336732e+01, 1.000000e+00, 5.388552e+05, 0.000000e+00, 1.056354e+06
6.444515e+01, 1.000000e+00, 5.323445e+05, 0.000000e+00, 1.044025e+06
5.702531e+01, 1.000000e+00, 5.092560e+05, 0.000000e+00, 9.992496e+05
5.857833e+01, 1.000000e+00, 5.264031e+05, 0.000000e+00, 1.032308e+06
5.489372e+01, 1.000000e+00, 5.240642e+05, 0.000000e+00, 1.027777e+06
5.388321e+01, 1.000000e+00, 5.440642e+05, 0.000000e+00, 1.066529e+06
5.634998e+01, 1.000000e+00, 5.312474e+05, 0.000000e+00, 1.041684e+06
5.716811e+01, 1.000000e+00, 5.525111e+05, 0.000000e+00, 1.083565e+06
5.411706e+01, 1.000000e+00, 5.355549e+05, 0.000000e+00, 1.051257e+06
5.454053e+01, 1.000000e+00, 5.370963e+05, 0.000000e+00, 1.055532e+06
5.460482e+01, 1.000000e+00, 4.763012e+05, 0.000000e+00, 9.341131e+05
4.530086e+01, 1.000000e+00, 4.574104e+05, 0.000000e+00, 8.972507e+05
5.054877e+01, 1.000000e+00, 4.521037e+05, 0.000000e+00, 8.868258e+05
5.057577e+01, 1.000000e+00, 5.058341e+05, 0.000000e+00, 9.922554e+05
4.917031e+01, 1.000000e+00, 4.895076e+05, 0.000000e+00, 9.619740e+05
4.714028e+01, 1.000000e+00, 4.759873e+05, 0.000000e+00, 9.335316e+05
5.424365e+01, 1.000000e+00, 4.727222e+05, 0.000000e+00, 9.270988e+05
4.659580e+01, 1.000000e+00, 4.688234e+05, 0.000000e+00, 9.372470e+05
4.878572e+01, 1.000000e+00, 4.926004e+05, 0.000000e+00, 9.659863e+05
5.305615e+01, 1.000000e+00, 4.964424e+05, 0.000000e+00, 9.737262e+05
5.140283e+01, 1.000000e+00, 4.642160e+05, 0.000000e+00, 9.112195e+05
4.604263e+01, 1.000000e+00, 4.649049e+05, 0.000000e+00, 9.118814e+05
4.453882e+01, 1.000000e+00, 4.322682e+05, 0.000000e+00, 8.478699e+05
4.371052e+01, 1.000000e+00, 4.358619e+05, 0.000000e+00, 8.595377e+05
4.164299e+01, 1.000000e+00, 4.204840e+05, 0.000000e+00, 8.251027e+05
4.545403e+01, 1.000000e+00, 4.589620e+05, 0.000000e+00, 9.002717e+05
4.139284e+01, 1.000000e+00, 4.179617e+05, 0.000000e+00, 8.201687e+05
5.914540e+01, 1.000000e+00, 5.325100e+05, 0.000000e+00, 1.044449e+06
5.536921e+01, 1.000000e+00, 5.590705e+05, 0.000000e+00, 1.095839e+06
4.139524e+01, 1.000000e+00, 4.179826e+05, 0.000000e+00, 8.202160e+05
7.178446e+01, 1.000000e+00, 7.024529e+05, 0.000000e+00, 1.377071e+06
6.994160e+01, 1.000000e+00, 7.012128e+05, 0.000000e+00, 1.359305e+06
6.934139e+01, 1.000000e+00, 7.001405e+05, 0.000000e+00, 1.371428e+06
7.200498e+01, 1.000000e+00, 6.917448e+05, 0.000000e+00, 1.356078e+06
6.494246e+01, 1.000000e+00, 6.342335e+05, 0.000000e+00, 1.244404e+06
6.039766e+01, 1.000000e+00, 6.098402e+05, 0.000000e+00, 1.195021e+06
5.649506e+01, 1.000000e+00, 5.704377e+05, 0.000000e+00, 1.118046e+06
6.271914e+01, 1.000000e+00, 6.332790e+05, 0.000000e+00, 1.240810e+06
6.129768e+01, 1.000000e+00, 6.189273e+05, 0.000000e+00, 1.212773e+06
6.445237e+01, 1.000000e+00, 6.167343e+05, 0.000000e+00, 1.210079e+06
6.164197e+01, 1.000000e+00, 6.224016e+05, 0.000000e+00, 1.219564e+06
6.100435e+01, 1.000000e+00, 6.159658e+05, 0.000000e+00, 1.206987e+06
5.606198e+01, 1.000000e+00, 5.660650e+05, 0.000000e+00, 1.109504e+06
5.209381e+01, 1.000000e+00, 5.259993e+05, 0.000000e+00, 1.031235e+06
5.351624e+01, 1.000000e+00, 5.403621e+05, 0.000000e+00, 1.059291e+06
5.881098e+01, 1.000000e+00, 5.938203e+05, 0.000000e+00, 1.163725e+06
5.735697e+01, 1.000000e+00, 5.791399e+05, 0.000000e+00, 1.135046e+06
5.500119e+01, 1.000000e+00, 4.974513e+05, 0.000000e+00, 9.754107e+05
4.674870e+01, 1.000000e+00, 4.703487e+05, 0.000000e+00, 9.386207e+05
5.182755e+01, 1.000000e+00, 5.233072e+05, 0.000000e+00, 1.025983e+06
5.451450e+01, 1.000000e+00, 5.328228e+05, 0.000000e+00, 1.044790e+06
4.294500e+01, 1.000000e+00, 4.336297e+05, 0.000000e+00, 8.507835e+05
5.286986e+01, 1.000000e+00, 5.338359e+05, 0.000000e+00, 1.046542e+06
5.214932e+01, 1.000000e+00, 5.265609e+05, 0.000000e+00, 1.032330e+06
5.146110e+01, 1.000000e+00, 5.196123e+05, 0.000000e+00, 1.018756e+06
5.032051e+01, 1.000000e+00, 5.080964e+05, 0.000000e+00, 9.962585e+05
5.193737e+01, 1.000000e+00, 5.244210e+05, 0.000000e+00, 1.028150e+06
4.673052e+01, 1.250000e-01, 4.718501e+05, -8.750000e-01, 9.254494e+05
5.056253e+01, 1.250000e-01, 5.105289e+05, -8.750000e-01, 1.001032e+06
4.467976e+01, 1.250000e-01, 4.511447e+05, -8.750000e-01, 8.850001e+05
4.415862e+01, 1.250000e-01, 4.458830e+05, -8.750000e-01, 8.747212e+05
5.127347e+01, 1.250000e-01, 5.117501e+05, -8.750000e-01, 1.004982e+06
4.233804e+01, 1.250000e-01, 4.275015e+05, -8.750000e-01, 8.388119e+05
4.331235e+01, 1.250000e-01, 4.373439e+05, -8.750000e-01, 8.580292e+05
4.329580e+01, 1.250000e-01, 4.371716e+05, -8.750000e-01, 8.577029e+05
4.930005e+01, 1.250000e-01, 4.977934e+05, -8.750000e-01, 9.761311e+05
4.855025e+01, 1.250000e-01, 4.902230e+05, -8.750000e-01, 9.613419e+05
4.199371e+01, 1.250000e-01, 4.240250e+05, -8.750000e-01, 8.320204e+05
5.054959e+01, 1.250000e-01, 5.104093e+05, -8.750000e-01, 1.000777e+06
