3.452446e+11, 1.000000e+00, 3.485965e+15, 0.000000e+00, 6.836527e+15
3.483410e+11, 1.000000e+00, 3.517230e+15, 0.000000e+00, 6.897842e+15
3.384647e+11, 1.000000e+00, 3.417508e+15, 0.000000e+00, 6.702272e+15
3.417773e+11, 1.000000e+00, 3.450955e+15, 0.000000e+00, 6.767868e+15
3.478314e+11, 1.000000e+00, 3.512084e+15, 0.000000e+00, 6.887750e+15
3.396246e+11, 1.000000e+00, 3.429219e+15, 0.000000e+00, 6.725239e+15
3.423916e+11, 1.000000e+00, 3.457158e+15, 0.000000e+00, 6.780032e+15
3.296566e+11, 1.000000e+00, 3.328572e+15, 0.000000e+00, 6.527854e+15
3.362371e+11, 1.000000e+00, 3.395016e+15, 0.000000e+00, 6.658161e+15
3.323343e+11, 1.000000e+00, 3.355608e+15, 0.000000e+00, 6.580876e+15
2.996241e+11, 1.000000e+00, 3.025331e+15, 0.000000e+00, 5.933151e+15
3.328301e+11, 1.000000e+00, 3.360614e+15, 0.000000e+00, 6.590695e+15
3.254686e+11, 1.000000e+00, 3.286285e+15, 0.000000e+00, 6.444923e+15
3.210542e+11, 1.000000e+00, 3.241712e+15, 0.000000e+00, 6.357509e+15
3.193567e+11, 1.000000e+00, 3.224572e+15, 0.000000e+00, 6.323895e+15
3.131886e+11, 1.000000e+00, 3.162293e+15, 0.000000e+00, 6.201755e+15
3.185926e+11, 1.000000e+00, 3.216857e+15, 0.000000e+00, 6.308763e+15
3.008080e+11, 1.000000e+00, 3.037285e+15, 0.000000e+00, 5.956594e+15
2.966675e+11, 1.000000e+00, 2.995477e+15, 0.000000e+00, 5.874603e+15
2.898070e+11, 1.000000e+00, 2.926206e+15, 0.000000e+00, 5.738752e+15
2.807455e+11, 1.000000e+00, 2.834712e+15, 0.000000e+00, 5.559317e+15
2.856349e+11, 1.000000e+00, 2.884080e+15, 0.000000e+00, 5.656136e+15
2.882309e+11, 1.000000e+00, 2.910293e+15, 0.000000e+00, 5.707543e+15
2.719875e+11, 1.000000e+00, 2.746281e+15, 0.000000e+00, 5.385891e+15
2.757913e+11, 1.000000e+00, 2.784689e+15, 0.000000e+00, 5.461214e+15
2.839425e+11, 1.000000e+00, 2.866992e+15, 0.000000e+00, 5.622624e+15
2.810116e+11, 1.000000e+00, 2.837398e+15, 0.000000e+00, 5.564586e+15
2.746665e+11, 1.000000e+00, 2.773332e+15, 0.000000e+00, 5.438941e+15
2.722356e+11, 1.000000e+00, 2.748787e+15, 0.000000e+00, 5.390805e+15
2.767501e+11, 1.000000e+00, 2.794370e+15, 0.000000e+00, 5.480200e+15
2.843061e+11, 1.000000e+00, 2.870664e+15, 0.000000e+00, 5.629825e+15
2.627488e+11, 1.000000e+00, 2.652998e+15, 0.000000e+00, 5.202947e+15
2.596121e+11, 1.000000e+00, 2.621326e+15, 0.000000e+00, 5.140834e+15
2.488843e+11, 1.000000e+00, 2.513006e+15, 0.000000e+00, 4.928402e+15
2.569047e+11, 1.000000e+00, 2.593989e+15, 0.000000e+00, 5.087222e+15
2.557716e+11, 1.000000e+00, 2.582548e+15, 0.000000e+00, 5.064784e+15
2.653162e+11, 1.000000e+00, 2.678921e+15, 0.000000e+00, 5.253787e+15
2.591253e+11, 1.000000e+00, 2.616410e+15, 0.000000e+00, 5.131193e+15
2.693339e+11, 1.000000e+00, 2.719488e+15, 0.000000e+00, 5.333345e+15
2.612380e+11, 1.000000e+00, 2.637743e+15, 0.000000e+00, 5.173030e+15
2.620412e+11, 1.000000e+00, 2.645853e+15, 0.000000e+00, 5.188935e+15
2.334255e+11, 1.000000e+00, 2.356918e+15, 0.000000e+00, 4.622288e+15
2.251930e+11, 1.000000e+00, 2.273793e+15, 0.000000e+00, 4.459267e+15
2.220686e+11, 1.000000e+00, 2.242246e+15, 0.000000e+00, 4.397398e+15
2.472442e+11, 1.000000e+00, 2.496446e+15, 0.000000e+00, 4.895924e+15
2.397694e+11, 1.000000e+00, 2.420973e+15, 0.000000e+00, 4.747909e+15
2.332053e+11, 1.000000e+00, 2.354694e+15, 0.000000e+00, 4.617927e+15
2.314081e+11, 1.000000e+00, 2.336548e+15, 0.000000e+00, 4.582338e+15
2.305706e+11, 1.000000e+00, 2.328091e+15, 0.000000e+00, 4.565755e+15
2.408619e+11, 1.000000e+00, 2.432003e+15, 0.000000e+00, 4.769542e+15
2.428131e+11, 1.000000e+00, 2.451705e+15, 0.000000e+00, 4.808179e+15
2.277025e+11, 1.000000e+00, 2.299132e+15, 0.000000e+00, 4.508960e+15
2.274424e+11, 1.000000e+00, 2.296506e+15, 0.000000e+00, 4.503810e+15
2.132437e+11, 1.000000e+00, 2.153140e+15, 0.000000e+00, 4.222647e+15
2.146723e+11, 1.000000e+00, 2.167565e+15, 0.000000e+00, 4.250936e+15
2.060707e+11, 1.000000e+00, 2.080714e+15, 0.000000e+00, 4.080608e+15
2.247745e+11, 1.000000e+00, 2.269567e+15, 0.000000e+00, 4.450980e+15
2.051313e+11, 1.000000e+00, 2.071228e+15, 0.000000e+00, 4.062005e+15
2.598989e+11, 1.000000e+00, 2.624222e+15, 0.000000e+00, 5.146513e+15
2.727736e+11, 1.000000e+00, 2.754219e+15, 0.000000e+00, 5.401458e+15
2.048710e+11, 1.000000e+00, 2.068600e+15, 0.000000e+00, 4.056851e+15
3.419776e+11, 1.000000e+00, 3.452978e+15, 0.000000e+00, 6.771834e+15
3.406659e+11, 1.000000e+00, 3.439733e+15, 0.000000e+00, 6.745859e+15
3.406357e+11, 1.000000e+00, 3.439428e+15, 0.000000e+00, 6.745261e+15
3.365984e+11, 1.000000e+00, 3.398663e+15, 0.000000e+00, 6.665315e+15
3.078679e+11, 1.000000e+00, 3.108569e+15, 0.000000e+00, 6.096395e+15
2.970021e+11, 1.000000e+00, 2.998857e+15, 0.000000e+00, 5.881231e+15
2.776226e+11, 1.000000e+00, 2.803180e+15, 0.000000e+00, 5.497478e+15
3.083455e+11, 1.000000e+00, 3.113392e+15, 0.000000e+00, 6.105852e+15
3.015586e+11, 1.000000e+00, 3.044864e+15, 0.000000e+00, 5.971458e+15
2.998390e+11, 1.000000e+00, 3.027500e+15, 0.000000e+00, 5.937405e+15
3.032304e+11, 1.000000e+00, 3.061744e+15, 0.000000e+00, 6.004562e+15
3.001337e+11, 1.000000e+00, 3.030476e+15, 0.000000e+00, 5.943242e+15
2.758785e+11, 1.000000e+00, 2.785569e+15, 0.000000e+00, 5.462940e+15
2.567059e+11, 1.000000e+00, 2.591982e+15, 0.000000e+00, 5.083285e+15
2.636569e+11, 1.000000e+00, 2.662167e+15, 0.000000e+00, 5.220930e+15
2.894780e+11, 1.000000e+00, 2.922885e+15, 0.000000e+00, 5.732239e+15
2.824144e+11, 1.000000e+00, 2.851562e+15, 0.000000e+00, 5.592363e+15
2.433124e+11, 1.000000e+00, 2.456747e+15, 0.000000e+00, 4.818068e+15
2.304002e+11, 1.000000e+00, 2.326371e+15, 0.000000e+00, 4.562380e+15
2.553594e+11, 1.000000e+00, 2.578386e+15, 0.000000e+00, 5.056621e+15
2.601196e+11, 1.000000e+00, 2.626450e+15, 0.000000e+00, 5.150883e+15
2.123998e+11, 1.000000e+00, 2.144619e+15, 0.000000e+00, 4.205937e+15
2.605104e+11, 1.000000e+00, 2.630396e+15, 0.000000e+00, 5.158621e+15
2.571145e+11, 1.000000e+00, 2.596107e+15, 0.000000e+00, 5.091376e+15
2.537693e+11, 1.000000e+00, 2.562331e+15, 0.000000e+00, 5.025136e+15
2.482306e+11, 1.000000e+00, 2.506406e+15, 0.000000e+00, 4.915458e+15
2.560832e+11, 1.000000e+00, 2.585694e+15, 0.000000e+00, 5.070954e+15
2.312745e+11, 1.250000e-01, 2.335199e+15, -8.750000e-01, 4.579693e+15
2.493821e+11, 1.250000e-01, 2.518033e+15, -8.750000e-01, 4.938260e+15
2.208250e+11, 1.250000e-01, 2.229689e+15, -8.750000e-01, 4.372771e+15
2.182944e+11, 1.250000e-01, 2.204137e+15, -8.750000e-01, 4.322661e+15
2.499388e+11, 1.250000e-01, 2.523653e+15, -8.750000e-01, 4.949282e+15
2.094512e+11, 1.250000e-01, 2.114847e+15, -8.750000e-01, 4.147549e+15
2.144980e+11, 1.250000e-01, 2.165805e+15, -8.750000e-01, 4.247485e+15
2.141041e+11, 1.250000e-01, 2.161828e+15, -8.750000e-01, 4.239686e+15
2.432732e+11, 1.250000e-01, 2.456351e+15, -8.750000e-01, 4.817292e+15
2.396306e+11, 1.250000e-01, 2.419571e+15, -8.750000e-01, 4.745161e+15
2.077785e+11, 1.250000e-01, 2.097957e+15, -8.750000e-01, 4.114425e+15
2.493436e+11, 1.250000e-01, 2.517644e+15, -8.750000e-01, 4.937497e+15
