1.417049e+12, 1.000000e+00, 1.430807e+16, 0.000000e+00, 2.806038e+16
1.429759e+12, 1.000000e+00, 1.443640e+16, 0.000000e+00, 2.831205e+16
1.389221e+12, 1.000000e+00, 1.402709e+16, 0.000000e+00, 2.750933e+16
1.402818e+12, 1.000000e+00, 1.416437e+16, 0.000000e+00, 2.777857e+16
1.427667e+12, 1.000000e+00, 1.441527e+16, 0.000000e+00, 2.827063e+16
1.393982e+12, 1.000000e+00, 1.407516e+16, 0.000000e+00, 2.760360e+16
1.405339e+12, 1.000000e+00, 1.418983e+16, 0.000000e+00, 2.782850e+16
1.353069e+12, 1.000000e+00, 1.366205e+16, 0.000000e+00, 2.679344e+16
1.380078e+12, 1.000000e+00, 1.393477e+16, 0.000000e+00, 2.732828e+16
1.364059e+12, 1.000000e+00, 1.377302e+16, 0.000000e+00, 2.701107e+16
1.229801e+12, 1.000000e+00, 1.241741e+16, 0.000000e+00, 2.435249e+16
1.366094e+12, 1.000000e+00, 1.379357e+16, 0.000000e+00, 2.705137e+16
1.335879e+12, 1.000000e+00, 1.348849e+16, 0.000000e+00, 2.645305e+16
1.317760e+12, 1.000000e+00, 1.330554e+16, 0.000000e+00, 2.609426e+16
1.310793e+12, 1.000000e+00, 1.323519e+16, 0.000000e+00, 2.595630e+16
1.285476e+12, 1.000000e+00, 1.297957e+16, 0.000000e+00, 2.545497e+16
1.307656e+12, 1.000000e+00, 1.320352e+16, 0.000000e+00, 2.589419e+16
1.234660e+12, 1.000000e+00, 1.246647e+16, 0.000000e+00, 2.444872e+16
1.217665e+12, 1.000000e+00, 1.229487e+16, 0.000000e+00, 2.411219e+16
1.189507e+12, 1.000000e+00, 1.201055e+16, 0.000000e+00, 2.355459e+16
1.152314e+12, 1.000000e+00, 1.163502e+16, 0.000000e+00, 2.281810e+16
1.172382e+12, 1.000000e+00, 1.183765e+16, 0.000000e+00, 2.321549e+16
1.183038e+12, 1.000000e+00, 1.194523e+16, 0.000000e+00, 2.342649e+16
1.116367e+12, 1.000000e+00, 1.127205e+16, 0.000000e+00, 2.210628e+16
1.131980e+12, 1.000000e+00, 1.142970e+16, 0.000000e+00, 2.241544e+16
1.165436e+12, 1.000000e+00, 1.176751e+16, 0.000000e+00, 2.307794e+16
1.153406e+12, 1.000000e+00, 1.164604e+16, 0.000000e+00, 2.283973e+16
1.127363e+12, 1.000000e+00, 1.138308e+16, 0.000000e+00, 2.232402e+16
1.117385e+12, 1.000000e+00, 1.128234e+16, 0.000000e+00, 2.212645e+16
1.135915e+12, 1.000000e+00, 1.146943e+16, 0.000000e+00, 2.249337e+16
1.166929e+12, 1.000000e+00, 1.178258e+16, 0.000000e+00, 2.310750e+16
1.078447e+12, 1.000000e+00, 1.088917e+16, 0.000000e+00, 2.135539e+16
1.065573e+12, 1.000000e+00, 1.075918e+16, 0.000000e+00, 2.110045e+16
1.021540e+12, 1.000000e+00, 1.031458e+16, 0.000000e+00, 2.022852e+16
1.054460e+12, 1.000000e+00, 1.064697e+16, 0.000000e+00, 2.088039e+16
1.049809e+12, 1.000000e+00, 1.060001e+16, 0.000000e+00, 2.078830e+16
1.088985e+12, 1.000000e+00, 1.099558e+16, 0.000000e+00, 2.156406e+16
1.063574e+12, 1.000000e+00, 1.073900e+16, 0.000000e+00, 2.106088e+16
1.105476e+12, 1.000000e+00, 1.116208e+16, 0.000000e+00, 2.189060e+16
1.072246e+12, 1.000000e+00, 1.082656e+16, 0.000000e+00, 2.123259e+16
1.075543e+12, 1.000000e+00, 1.085985e+16, 0.000000e+00, 2.129788e+16
9.580902e+11, 1.000000e+00, 9.673920e+15, 0.000000e+00, 1.897208e+16
9.242999e+11, 1.000000e+00, 9.332736e+15, 0.000000e+00, 1.830297e+16
9.114759e+11, 1.000000e+00, 9.203252e+15, 0.000000e+00, 1.804903e+16
1.014809e+12, 1.000000e+00, 1.024661e+16, 0.000000e+00, 2.009522e+16
9.841286e+11, 1.000000e+00, 9.936832e+15, 0.000000e+00, 1.948769e+16
9.571863e+11, 1.000000e+00, 9.664794e+15, 0.000000e+00, 1.895418e+16
9.498096e+11, 1.000000e+00, 9.590311e+15, 0.000000e+00, 1.880811e+16
9.463722e+11, 1.000000e+00, 9.555603e+15, 0.000000e+00, 1.874004e+16
9.886125e+11, 1.000000e+00, 9.982107e+15, 0.000000e+00, 1.957649e+16
9.966211e+11, 1.000000e+00, 1.006297e+16, 0.000000e+00, 1.973507e+16
9.346002e+11, 1.000000e+00, 9.436739e+15, 0.000000e+00, 1.850693e+16
9.335326e+11, 1.000000e+00, 9.425960e+15, 0.000000e+00, 1.848579e+16
8.752541e+11, 1.000000e+00, 8.837517e+15, 0.000000e+00, 1.733177e+16
8.811179e+11, 1.000000e+00, 8.896724e+15, 0.000000e+00, 1.744788e+16
8.458130e+11, 1.000000e+00, 8.540247e+15, 0.000000e+00, 1.674877e+16
9.225821e+11, 1.000000e+00, 9.315392e+15, 0.000000e+00, 1.826895e+16
8.419570e+11, 1.000000e+00, 8.501313e+15, 0.000000e+00, 1.667241e+16
1.066750e+12, 1.000000e+00, 1.077106e+16, 0.000000e+00, 2.112375e+16
1.119594e+12, 1.000000e+00, 1.130463e+16, 0.000000e+00, 2.217017e+16
8.408886e+11, 1.000000e+00, 8.490525e+15, 0.000000e+00, 1.665126e+16
1.403640e+12, 1.000000e+00, 1.417268e+16, 0.000000e+00, 2.779485e+16
1.398256e+12, 1.000000e+00, 1.411831e+16, 0.000000e+00, 2.768824e+16
1.398132e+12, 1.000000e+00, 1.411706e+16, 0.000000e+00, 2.768578e+16
1.381561e+12, 1.000000e+00, 1.394974e+16, 0.000000e+00, 2.735764e+16
1.263637e+12, 1.000000e+00, 1.275906e+16, 0.000000e+00, 2.502252e+16
1.219039e+12, 1.000000e+00, 1.230874e+16, 0.000000e+00, 2.413939e+16
1.139496e+12, 1.000000e+00, 1.150559e+16, 0.000000e+00, 2.256428e+16
1.265598e+12, 1.000000e+00, 1.277885e+16, 0.000000e+00, 2.506134e+16
1.237741e+12, 1.000000e+00, 1.249758e+16, 0.000000e+00, 2.450973e+16
1.230683e+12, 1.000000e+00, 1.242631e+16, 0.000000e+00, 2.436996e+16
1.244603e+12, 1.000000e+00, 1.256686e+16, 0.000000e+00, 2.464560e+16
1.231893e+12, 1.000000e+00, 1.243853e+16, 0.000000e+00, 2.439391e+16
1.132337e+12, 1.000000e+00, 1.143331e+16, 0.000000e+00, 2.242252e+16
1.053644e+12, 1.000000e+00, 1.063874e+16, 0.000000e+00, 2.086424e+16
1.082174e+12, 1.000000e+00, 1.092681e+16, 0.000000e+00, 2.142920e+16
1.188157e+12, 1.000000e+00, 1.199692e+16, 0.000000e+00, 2.352785e+16
1.159164e+12, 1.000000e+00, 1.170418e+16, 0.000000e+00, 2.295374e+16
9.986707e+11, 1.000000e+00, 1.008367e+16, 0.000000e+00, 1.977566e+16
9.456728e+11, 1.000000e+00, 9.548541e+15, 0.000000e+00, 1.872619e+16
1.048117e+12, 1.000000e+00, 1.058293e+16, 0.000000e+00, 2.075480e+16
1.067655e+12, 1.000000e+00, 1.078021e+16, 0.000000e+00, 2.114169e+16
8.717905e+11, 1.000000e+00, 8.802545e+15, 0.000000e+00, 1.726318e+16
1.069259e+12, 1.000000e+00, 1.079640e+16, 0.000000e+00, 2.117345e+16
1.055321e+12, 1.000000e+00, 1.065567e+16, 0.000000e+00, 2.089745e+16
1.041591e+12, 1.000000e+00, 1.051703e+16, 0.000000e+00, 2.062556e+16
1.018857e+12, 1.000000e+00, 1.028749e+16, 0.000000e+00, 2.017539e+16
1.051088e+12, 1.000000e+00, 1.061293e+16, 0.000000e+00, 2.081362e+16
9.492613e+11, 1.250000e-01, 9.584774e+15, -8.750000e-01, 1.879725e+16
1.023584e+12, 1.250000e-01, 1.033521e+16, -8.750000e-01, 2.026898e+16
9.063714e+11, 1.250000e-01, 9.151711e+15, -8.750000e-01, 1.794795e+16
8.959846e+11, 1.250000e-01, 9.046835e+15, -8.750000e-01, 1.774227e+16
1.025868e+12, 1.250000e-01, 1.035828e+16, -8.750000e-01, 2.031423e+16
8.596881e+11, 1.250000e-01, 8.680346e+15, -8.750000e-01, 1.702353e+16
8.804026e+11, 1.250000e-01, 8.889501e+15, -8.750000e-01, 1.743371e+16
8.787859e+11, 1.250000e-01, 8.873178e+15, -8.750000e-01, 1.740170e+16
9.985099e+11, 1.250000e-01, 1.008204e+16, -8.750000e-01, 1.977247e+16
9.835589e+11, 1.250000e-01, 9.931080e+15, -8.750000e-01, 1.947641e+16
8.528223e+11, 1.250000e-01, 8.611021e+15, -8.750000e-01, 1.688757e+16
1.023426e+12, 1.250000e-01, 1.033362e+16, -8.750000e-01, 2.026585e+16
