2.131306e+10, 1.000000e+00, 2.151998e+14, 0.000000e+00, 4.220408e+14
2.150421e+10, 1.000000e+00, 2.171299e+14, 0.000000e+00, 4.258260e+14
2.089451e+10, 1.000000e+00, 2.109737e+14, 0.000000e+00, 4.137528e+14
2.109901e+10, 1.000000e+00, 2.130386e+14, 0.000000e+00, 4.178022e+14
2.147275e+10, 1.000000e+00, 2.168122e+14, 0.000000e+00, 4.252029e+14
2.096612e+10, 1.000000e+00, 2.116967e+14, 0.000000e+00, 4.151706e+14
2.113693e+10, 1.000000e+00, 2.134215e+14, 0.000000e+00, 4.185531e+14
2.035076e+10, 1.000000e+00, 2.054834e+14, 0.000000e+00, 4.029854e+14
2.075700e+10, 1.000000e+00, 2.095852e+14, 0.000000e+00, 4.110297e+14
2.051606e+10, 1.000000e+00, 2.071524e+14, 0.000000e+00, 4.062586e+14
1.849676e+10, 1.000000e+00, 1.867634e+14, 0.000000e+00, 3.662724e+14
2.054667e+10, 1.000000e+00, 2.074615e+14, 0.000000e+00, 4.068648e+14
2.009222e+10, 1.000000e+00, 2.028729e+14, 0.000000e+00, 3.978658e+14
1.981971e+10, 1.000000e+00, 2.001213e+14, 0.000000e+00, 3.924694e+14
1.971491e+10, 1.000000e+00, 1.990632e+14, 0.000000e+00, 3.903944e+14
1.933414e+10, 1.000000e+00, 1.952185e+14, 0.000000e+00, 3.828543e+14
1.966774e+10, 1.000000e+00, 1.985869e+14, 0.000000e+00, 3.894602e+14
1.856984e+10, 1.000000e+00, 1.875013e+14, 0.000000e+00, 3.677197e+14
1.831424e+10, 1.000000e+00, 1.849204e+14, 0.000000e+00, 3.626581e+14
1.789072e+10, 1.000000e+00, 1.806441e+14, 0.000000e+00, 3.542716e+14
1.733132e+10, 1.000000e+00, 1.749959e+14, 0.000000e+00, 3.431945e+14
1.763316e+10, 1.000000e+00, 1.780435e+14, 0.000000e+00, 3.491714e+14
1.779342e+10, 1.000000e+00, 1.796617e+14, 0.000000e+00, 3.523449e+14
1.679066e+10, 1.000000e+00, 1.695368e+14, 0.000000e+00, 3.324883e+14
1.702548e+10, 1.000000e+00, 1.719078e+14, 0.000000e+00, 3.371383e+14
1.752868e+10, 1.000000e+00, 1.769886e+14, 0.000000e+00, 3.471026e+14
1.734775e+10, 1.000000e+00, 1.751617e+14, 0.000000e+00, 3.435197e+14
1.695605e+10, 1.000000e+00, 1.712067e+14, 0.000000e+00, 3.357633e+14
1.680598e+10, 1.000000e+00, 1.696914e+14, 0.000000e+00, 3.327917e+14
1.708467e+10, 1.000000e+00, 1.725054e+14, 0.000000e+00, 3.383104e+14
1.755113e+10, 1.000000e+00, 1.772153e+14, 0.000000e+00, 3.475471e+14
1.622033e+10, 1.000000e+00, 1.637781e+14, 0.000000e+00, 3.211946e+14
1.602669e+10, 1.000000e+00, 1.618229e+14, 0.000000e+00, 3.173602e+14
1.536443e+10, 1.000000e+00, 1.551359e+14, 0.000000e+00, 3.042461e+14
1.585955e+10, 1.000000e+00, 1.601353e+14, 0.000000e+00, 3.140505e+14
1.578960e+10, 1.000000e+00, 1.594290e+14, 0.000000e+00, 3.126654e+14
1.637882e+10, 1.000000e+00, 1.653784e+14, 0.000000e+00, 3.243331e+14
1.599663e+10, 1.000000e+00, 1.615194e+14, 0.000000e+00, 3.167650e+14
1.662685e+10, 1.000000e+00, 1.678827e+14, 0.000000e+00, 3.292445e+14
1.612706e+10, 1.000000e+00, 1.628363e+14, 0.000000e+00, 3.193477e+14
1.617665e+10, 1.000000e+00, 1.633370e+14, 0.000000e+00, 3.203296e+14
1.441011e+10, 1.000000e+00, 1.455001e+14, 0.000000e+00, 2.853487e+14
1.390189e+10, 1.000000e+00, 1.403686e+14, 0.000000e+00, 2.752849e+14
1.370901e+10, 1.000000e+00, 1.384210e+14, 0.000000e+00, 2.714655e+14
1.526318e+10, 1.000000e+00, 1.541136e+14, 0.000000e+00, 3.022411e+14
1.480174e+10, 1.000000e+00, 1.494544e+14, 0.000000e+00, 2.931037e+14
1.439651e+10, 1.000000e+00, 1.453628e+14, 0.000000e+00, 2.850795e+14
1.428556e+10, 1.000000e+00, 1.442426e+14, 0.000000e+00, 2.828825e+14
1.423386e+10, 1.000000e+00, 1.437206e+14, 0.000000e+00, 2.818587e+14
1.486918e+10, 1.000000e+00, 1.501354e+14, 0.000000e+00, 2.944391e+14
1.498963e+10, 1.000000e+00, 1.513516e+14, 0.000000e+00, 2.968244e+14
1.405681e+10, 1.000000e+00, 1.419328e+14, 0.000000e+00, 2.783526e+14
1.404075e+10, 1.000000e+00, 1.417707e+14, 0.000000e+00, 2.780347e+14
1.316422e+10, 1.000000e+00, 1.329202e+14, 0.000000e+00, 2.606775e+14
1.325241e+10, 1.000000e+00, 1.338107e+14, 0.000000e+00, 2.624240e+14
1.272141e+10, 1.000000e+00, 1.284492e+14, 0.000000e+00, 2.519091e+14
1.387605e+10, 1.000000e+00, 1.401077e+14, 0.000000e+00, 2.747733e+14
1.266341e+10, 1.000000e+00, 1.278636e+14, 0.000000e+00, 2.507606e+14
1.604439e+10, 1.000000e+00, 1.620016e+14, 0.000000e+00, 3.177107e+14
1.683919e+10, 1.000000e+00, 1.700268e+14, 0.000000e+00, 3.334493e+14
1.264734e+10, 1.000000e+00, 1.277013e+14, 0.000000e+00, 2.504424e+14
2.111138e+10, 1.000000e+00, 2.131634e+14, 0.000000e+00, 4.180471e+14
2.103040e+10, 1.000000e+00, 2.123458e+14, 0.000000e+00, 4.164435e+14
2.102853e+10, 1.000000e+00, 2.123269e+14, 0.000000e+00, 4.164066e+14
2.077930e+10, 1.000000e+00, 2.098104e+14, 0.000000e+00, 4.114713e+14
1.900568e+10, 1.000000e+00, 1.919020e+14, 0.000000e+00, 3.763500e+14
1.833490e+10, 1.000000e+00, 1.851290e+14, 0.000000e+00, 3.630672e+14
1.713854e+10, 1.000000e+00, 1.730493e+14, 0.000000e+00, 3.393770e+14
1.903516e+10, 1.000000e+00, 1.921997e+14, 0.000000e+00, 3.769339e+14
1.861618e+10, 1.000000e+00, 1.879692e+14, 0.000000e+00, 3.686373e+14
1.851002e+10, 1.000000e+00, 1.868973e+14, 0.000000e+00, 3.665351e+14
1.871939e+10, 1.000000e+00, 1.890113e+14, 0.000000e+00, 3.706809e+14
1.852822e+10, 1.000000e+00, 1.870810e+14, 0.000000e+00, 3.668954e+14
1.703086e+10, 1.000000e+00, 1.719621e+14, 0.000000e+00, 3.372448e+14
1.584728e+10, 1.000000e+00, 1.600114e+14, 0.000000e+00, 3.138075e+14
1.627639e+10, 1.000000e+00, 1.643441e+14, 0.000000e+00, 3.223047e+14
1.787041e+10, 1.000000e+00, 1.804391e+14, 0.000000e+00, 3.538695e+14
1.743434e+10, 1.000000e+00, 1.760361e+14, 0.000000e+00, 3.452345e+14
1.502046e+10, 1.000000e+00, 1.516629e+14, 0.000000e+00, 2.974348e+14
1.422334e+10, 1.000000e+00, 1.436143e+14, 0.000000e+00, 2.816504e+14
1.576415e+10, 1.000000e+00, 1.591720e+14, 0.000000e+00, 3.121615e+14
1.605802e+10, 1.000000e+00, 1.621392e+14, 0.000000e+00, 3.179805e+14
1.311212e+10, 1.000000e+00, 1.323942e+14, 0.000000e+00, 2.596460e+14
1.608214e+10, 1.000000e+00, 1.623828e+14, 0.000000e+00, 3.184583e+14
1.587250e+10, 1.000000e+00, 1.602661e+14, 0.000000e+00, 3.143070e+14
1.566600e+10, 1.000000e+00, 1.581809e+14, 0.000000e+00, 3.102178e+14
1.532407e+10, 1.000000e+00, 1.547285e+14, 0.000000e+00, 3.034470e+14
1.580884e+10, 1.000000e+00, 1.596232e+14, 0.000000e+00, 3.130463e+14
1.427732e+10, 1.250000e-01, 1.441593e+14, -8.750000e-01, 2.827192e+14
1.539516e+10, 1.250000e-01, 1.554463e+14, -8.750000e-01, 3.048546e+14
1.363223e+10, 1.250000e-01, 1.376458e+14, -8.750000e-01, 2.699452e+14
1.347601e+10, 1.250000e-01, 1.360685e+14, -8.750000e-01, 2.668517e+14
1.542952e+10, 1.250000e-01, 1.557932e+14, -8.750000e-01, 3.055351e+14
1.293010e+10, 1.250000e-01, 1.305563e+14, -8.750000e-01, 2.560415e+14
1.324165e+10, 1.250000e-01, 1.337021e+14, -8.750000e-01, 2.622109e+14
1.321734e+10, 1.250000e-01, 1.334566e+14, -8.750000e-01, 2.617294e+14
1.501804e+10, 1.250000e-01, 1.516384e+14, -8.750000e-01, 2.973869e+14
1.479317e+10, 1.250000e-01, 1.493679e+14, -8.750000e-01, 2.929340e+14
1.282683e+10, 1.250000e-01, 1.295136e+14, -8.750000e-01, 2.539967e+14
1.539278e+10, 1.250000e-01, 1.554223e+14, -8.750000e-01, 3.048076e+14
