5.446579e+03, 1.000000e+00, 5.499458e+07, 0.000000e+00, 1.078530e+08
5.495430e+03, 1.000000e+00, 5.548784e+07, 0.000000e+00, 1.088204e+08
5.339615e+03, 1.000000e+00, 5.391456e+07, 0.000000e+00, 1.057349e+08
5.394977e+03, 1.000000e+00, 5.447355e+07, 0.000000e+00, 1.068312e+08
5.487389e+03, 1.000000e+00, 5.540665e+07, 0.000000e+00, 1.086612e+08
5.357913e+03, 1.000000e+00, 5.409932e+07, 0.000000e+00, 1.060973e+08
5.401568e+03, 1.000000e+00, 5.454011e+07, 0.000000e+00, 1.069617e+08
5.200652e+03, 1.000000e+00, 5.251144e+07, 0.000000e+00, 1.029832e+08
5.304471e+03, 1.000000e+00, 5.355971e+07, 0.000000e+00, 1.050390e+08
5.242896e+03, 1.000000e+00, 5.293799e+07, 0.000000e+00, 1.038197e+08
4.726840e+03, 1.000000e+00, 4.772732e+07, 0.000000e+00, 9.360080e+07
5.250719e+03, 1.000000e+00, 5.301697e+07, 0.000000e+00, 1.039746e+08
5.134580e+03, 1.000000e+00, 5.184430e+07, 0.000000e+00, 1.016749e+08
5.064935e+03, 1.000000e+00, 5.114109e+07, 0.000000e+00, 1.002957e+08
5.038154e+03, 1.000000e+00, 5.087069e+07, 0.000000e+00, 9.976543e+07
4.940843e+03, 1.000000e+00, 4.988812e+07, 0.000000e+00, 9.783847e+07
5.026099e+03, 1.000000e+00, 5.074896e+07, 0.000000e+00, 9.952670e+07
4.745518e+03, 1.000000e+00, 4.791591e+07, 0.000000e+00, 9.397066e+07
4.680194e+03, 1.000000e+00, 4.725633e+07, 0.000000e+00, 9.267712e+07
4.571959e+03, 1.000000e+00, 4.616347e+07, 0.000000e+00, 9.053384e+07
4.428999e+03, 1.000000e+00, 4.471999e+07, 0.000000e+00, 8.770295e+07
4.506137e+03, 1.000000e+00, 4.549886e+07, 0.000000e+00, 8.923043e+07
4.547094e+03, 1.000000e+00, 4.591240e+07, 0.000000e+00, 9.004146e+07
4.290827e+03, 1.000000e+00, 4.332485e+07, 0.000000e+00, 8.496687e+07
4.350838e+03, 1.000000e+00, 4.393080e+07, 0.000000e+00, 8.615521e+07
4.479437e+03, 1.000000e+00, 4.522927e+07, 0.000000e+00, 8.870173e+07
4.433197e+03, 1.000000e+00, 4.476238e+07, 0.000000e+00, 8.778608e+07
4.333093e+03, 1.000000e+00, 4.375162e+07, 0.000000e+00, 8.580382e+07
4.294742e+03, 1.000000e+00, 4.336439e+07, 0.000000e+00, 8.504439e+07
4.365965e+03, 1.000000e+00, 4.408353e+07, 0.000000e+00, 8.645476e+07
4.485174e+03, 1.000000e+00, 4.528719e+07, 0.000000e+00, 8.881532e+07
4.145072e+03, 1.000000e+00, 4.185315e+07, 0.000000e+00, 8.208062e+07
4.095585e+03, 1.000000e+00, 4.135348e+07, 0.000000e+00, 8.110070e+07
3.926336e+03, 1.000000e+00, 3.964456e+07, 0.000000e+00, 7.774922e+07
4.052871e+03, 1.000000e+00, 4.092219e+07, 0.000000e+00, 8.025487e+07
4.034995e+03, 1.000000e+00, 4.074169e+07, 0.000000e+00, 7.990088e+07
4.185577e+03, 1.000000e+00, 4.226214e+07, 0.000000e+00, 8.288271e+07
4.087904e+03, 1.000000e+00, 4.127593e+07, 0.000000e+00, 8.094860e+07
4.248963e+03, 1.000000e+00, 4.290215e+07, 0.000000e+00, 8.413788e+07
4.121236e+03, 1.000000e+00, 4.161248e+07, 0.000000e+00, 8.160864e+07
4.133908e+03, 1.000000e+00, 4.174043e+07, 0.000000e+00, 8.185957e+07
3.682449e+03, 1.000000e+00, 3.718200e+07, 0.000000e+00, 7.291977e+07
3.552567e+03, 1.000000e+00, 3.587057e+07, 0.000000e+00, 7.034785e+07
3.503274e+03, 1.000000e+00, 3.537287e+07, 0.000000e+00, 6.937177e+07
3.900461e+03, 1.000000e+00, 3.938329e+07, 0.000000e+00, 7.723684e+07
3.782543e+03, 1.000000e+00, 3.819257e+07, 0.000000e+00, 7.490185e+07
3.678974e+03, 1.000000e+00, 3.714692e+07, 0.000000e+00, 7.285098e+07
3.650620e+03, 1.000000e+00, 3.686063e+07, 0.000000e+00, 7.228951e+07
3.637407e+03, 1.000000e+00, 3.672722e+07, 0.000000e+00, 7.202787e+07
3.799769e+03, 1.000000e+00, 3.836660e+07, 0.000000e+00, 7.524295e+07
3.830552e+03, 1.000000e+00, 3.867742e+07, 0.000000e+00, 7.585252e+07
3.592158e+03, 1.000000e+00, 3.627034e+07, 0.000000e+00, 7.113185e+07
3.588055e+03, 1.000000e+00, 3.622890e+07, 0.000000e+00, 7.105059e+07
3.364046e+03, 1.000000e+00, 3.396707e+07, 0.000000e+00, 6.661478e+07
3.386585e+03, 1.000000e+00, 3.419465e+07, 0.000000e+00, 6.706110e+07
3.250882e+03, 1.000000e+00, 3.282443e+07, 0.000000e+00, 6.437389e+07
3.545964e+03, 1.000000e+00, 3.580391e+07, 0.000000e+00, 7.021711e+07
3.236060e+03, 1.000000e+00, 3.267478e+07, 0.000000e+00, 6.408039e+07
4.100109e+03, 1.000000e+00, 4.139916e+07, 0.000000e+00, 8.119028e+07
4.303229e+03, 1.000000e+00, 4.345008e+07, 0.000000e+00, 8.521246e+07
3.231953e+03, 1.000000e+00, 3.263331e+07, 0.000000e+00, 6.399908e+07
5.395037e+03, 1.000000e+00, 5.447416e+07, 0.000000e+00, 1.068324e+08
5.374341e+03, 1.000000e+00, 5.426520e+07, 0.000000e+00, 1.064226e+08
5.373865e+03, 1.000000e+00, 5.426038e+07, 0.000000e+00, 1.064132e+08
5.310170e+03, 1.000000e+00, 5.361726e+07, 0.000000e+00, 1.051519e+08
4.856900e+03, 1.000000e+00, 4.904055e+07, 0.000000e+00, 9.617624e+07
4.685474e+03, 1.000000e+00, 4.730964e+07, 0.000000e+00, 9.278167e+07
4.379731e+03, 1.000000e+00, 4.422253e+07, 0.000000e+00, 8.672734e+07
4.864435e+03, 1.000000e+00, 4.911663e+07, 0.000000e+00, 9.632545e+07
4.757361e+03, 1.000000e+00, 4.803549e+07, 0.000000e+00, 9.420516e+07
4.740280e+03, 1.000000e+00, 4.780919e+07, 0.000000e+00, 9.376138e+07
4.783735e+03, 1.000000e+00, 4.830179e+07, 0.000000e+00, 9.472743e+07
4.734880e+03, 1.000000e+00, 4.780850e+07, 0.000000e+00, 9.376000e+07
4.352213e+03, 1.000000e+00, 4.394468e+07, 0.000000e+00, 8.618244e+07
4.049735e+03, 1.000000e+00, 4.089053e+07, 0.000000e+00, 8.019277e+07
4.159399e+03, 1.000000e+00, 4.199781e+07, 0.000000e+00, 8.236433e+07
4.566769e+03, 1.000000e+00, 4.611107e+07, 0.000000e+00, 9.043107e+07
4.455328e+03, 1.000000e+00, 4.498584e+07, 0.000000e+00, 8.822431e+07
3.838431e+03, 1.000000e+00, 3.875697e+07, 0.000000e+00, 7.600853e+07
3.634719e+03, 1.000000e+00, 3.670008e+07, 0.000000e+00, 7.197464e+07
4.028491e+03, 1.000000e+00, 4.067603e+07, 0.000000e+00, 7.977210e+07
4.103591e+03, 1.000000e+00, 4.143432e+07, 0.000000e+00, 8.125923e+07
3.350733e+03, 1.000000e+00, 3.383264e+07, 0.000000e+00, 6.635115e+07
4.109757e+03, 1.000000e+00, 4.149657e+07, 0.000000e+00, 8.138132e+07
4.056181e+03, 1.000000e+00, 4.095561e+07, 0.000000e+00, 8.032042e+07
4.003406e+03, 1.000000e+00, 4.042274e+07, 0.000000e+00, 7.927536e+07
3.916023e+03, 1.000000e+00, 3.954043e+07, 0.000000e+00, 7.754502e+07
4.039910e+03, 1.000000e+00, 4.079133e+07, 0.000000e+00, 7.999822e+07
3.648513e+03, 1.250000e-01, 3.683935e+07, -8.750000e-01, 7.224777e+07
3.934190e+03, 1.250000e-01, 3.972386e+07, -8.750000e-01, 7.790475e+07
3.483654e+03, 1.250000e-01, 3.517476e+07, -8.750000e-01, 6.898324e+07
3.443730e+03, 1.250000e-01, 3.477164e+07, -8.750000e-01, 6.819266e+07
3.942972e+03, 1.250000e-01, 3.981253e+07, -8.750000e-01, 7.807865e+07
3.304214e+03, 1.250000e-01, 3.336294e+07, -8.750000e-01, 6.542999e+07
3.383836e+03, 1.250000e-01, 3.416688e+07, -8.750000e-01, 6.700665e+07
3.377622e+03, 1.250000e-01, 3.410414e+07, -8.750000e-01, 6.688360e+07
3.837812e+03, 1.250000e-01, 3.875073e+07, -8.750000e-01, 7.599629e+07
3.780344e+03, 1.250000e-01, 3.817047e+07, -8.750000e-01, 7.485830e+07
3.277824e+03, 1.250000e-01, 3.309647e+07, -8.750000e-01, 6.490740e+07
3.933582e+03, 1.250000e-01, 3.971772e+07, -8.750000e-01, 7.789272e+07
