1.072838e+10, 1.000000e+00, 1.083254e+14, 0.000000e+00, 2.124432e+14
1.082460e+10, 1.000000e+00, 1.092970e+14, 0.000000e+00, 2.143486e+14
1.051770e+10, 1.000000e+00, 1.061981e+14, 0.000000e+00, 2.082713e+14
1.062064e+10, 1.000000e+00, 1.072375e+14, 0.000000e+00, 2.103096e+14
1.080877e+10, 1.000000e+00, 1.091370e+14, 0.000000e+00, 2.140350e+14
1.055374e+10, 1.000000e+00, 1.065620e+14, 0.000000e+00, 2.089850e+14
1.063973e+10, 1.000000e+00, 1.074302e+14, 0.000000e+00, 2.106876e+14
1.024399e+10, 1.000000e+00, 1.034344e+14, 0.000000e+00, 2.028513e+14
1.044848e+10, 1.000000e+00, 1.054992e+14, 0.000000e+00, 2.069005e+14
1.032720e+10, 1.000000e+00, 1.042746e+14, 0.000000e+00, 2.044989e+14
9.310737e+09, 1.000000e+00, 9.401133e+13, 0.000000e+00, 1.843710e+14
1.034260e+10, 1.000000e+00, 1.044302e+14, 0.000000e+00, 2.048040e+14
1.011385e+10, 1.000000e+00, 1.021204e+14, 0.000000e+00, 2.002742e+14
9.976671e+09, 1.000000e+00, 1.007353e+14, 0.000000e+00, 1.975579e+14
9.923922e+09, 1.000000e+00, 1.002027e+14, 0.000000e+00, 1.965133e+14
9.732251e+09, 1.000000e+00, 9.826739e+13, 0.000000e+00, 1.927178e+14
9.900176e+09, 1.000000e+00, 9.996294e+13, 0.000000e+00, 1.960431e+14
9.347527e+09, 1.000000e+00, 9.438279e+13, 0.000000e+00, 1.850995e+14
9.218861e+09, 1.000000e+00, 9.308364e+13, 0.000000e+00, 1.825517e+14
9.005673e+09, 1.000000e+00, 9.093106e+13, 0.000000e+00, 1.783302e+14
8.724090e+09, 1.000000e+00, 8.808790e+13, 0.000000e+00, 1.727543e+14
8.876025e+09, 1.000000e+00, 8.962200e+13, 0.000000e+00, 1.757629e+14
8.956697e+09, 1.000000e+00, 9.043655e+13, 0.000000e+00, 1.773603e+14
8.451937e+09, 1.000000e+00, 8.533994e+13, 0.000000e+00, 1.673651e+14
8.570139e+09, 1.000000e+00, 8.653344e+13, 0.000000e+00, 1.697057e+14
8.823436e+09, 1.000000e+00, 8.909100e+13, 0.000000e+00, 1.747215e+14
8.732358e+09, 1.000000e+00, 8.817138e+13, 0.000000e+00, 1.729180e+14
8.535187e+09, 1.000000e+00, 8.618052e+13, 0.000000e+00, 1.690136e+14
8.459648e+09, 1.000000e+00, 8.541780e+13, 0.000000e+00, 1.675178e+14
8.599934e+09, 1.000000e+00, 8.683428e+13, 0.000000e+00, 1.702957e+14
8.834736e+09, 1.000000e+00, 8.920509e+13, 0.000000e+00, 1.749453e+14
8.164847e+09, 1.000000e+00, 8.244117e+13, 0.000000e+00, 1.616801e+14
8.067376e+09, 1.000000e+00, 8.145700e+13, 0.000000e+00, 1.597500e+14
7.734011e+09, 1.000000e+00, 7.809098e+13, 0.000000e+00, 1.531487e+14
7.983243e+09, 1.000000e+00, 8.060750e+13, 0.000000e+00, 1.580840e+14
7.948032e+09, 1.000000e+00, 8.025197e+13, 0.000000e+00, 1.573868e+14
8.244630e+09, 1.000000e+00, 8.324674e+13, 0.000000e+00, 1.632600e+14
8.052247e+09, 1.000000e+00, 8.130424e+13, 0.000000e+00, 1.594504e+14
8.369479e+09, 1.000000e+00, 8.450736e+13, 0.000000e+00, 1.657323e+14
8.117900e+09, 1.000000e+00, 8.196714e+13, 0.000000e+00, 1.607505e+14
8.142860e+09, 1.000000e+00, 8.221916e+13, 0.000000e+00, 1.612447e+14
7.253634e+09, 1.000000e+00, 7.324058e+13, 0.000000e+00, 1.436363e+14
6.997810e+09, 1.000000e+00, 7.065750e+13, 0.000000e+00, 1.385705e+14
6.900721e+09, 1.000000e+00, 6.967718e+13, 0.000000e+00, 1.366479e+14
7.683045e+09, 1.000000e+00, 7.757638e+13, 0.000000e+00, 1.521395e+14
7.450769e+09, 1.000000e+00, 7.523106e+13, 0.000000e+00, 1.475400e+14
7.246791e+09, 1.000000e+00, 7.317148e+13, 0.000000e+00, 1.435008e+14
7.190943e+09, 1.000000e+00, 7.260758e+13, 0.000000e+00, 1.423949e+14
7.164919e+09, 1.000000e+00, 7.234481e+13, 0.000000e+00, 1.418796e+14
7.484717e+09, 1.000000e+00, 7.557384e+13, 0.000000e+00, 1.482122e+14
7.545350e+09, 1.000000e+00, 7.618605e+13, 0.000000e+00, 1.494129e+14
7.075793e+09, 1.000000e+00, 7.144490e+13, 0.000000e+00, 1.401147e+14
7.067711e+09, 1.000000e+00, 7.136329e+13, 0.000000e+00, 1.399547e+14
6.626488e+09, 1.000000e+00, 6.690823e+13, 0.000000e+00, 1.312176e+14
6.670883e+09, 1.000000e+00, 6.735648e+13, 0.000000e+00, 1.320967e+14
6.403591e+09, 1.000000e+00, 6.465762e+13, 0.000000e+00, 1.268038e+14
6.984805e+09, 1.000000e+00, 7.052619e+13, 0.000000e+00, 1.383130e+14
6.374398e+09, 1.000000e+00, 6.436285e+13, 0.000000e+00, 1.262257e+14
8.076287e+09, 1.000000e+00, 8.154697e+13, 0.000000e+00, 1.599265e+14
8.476365e+09, 1.000000e+00, 8.558660e+13, 0.000000e+00, 1.678488e+14
6.366309e+09, 1.000000e+00, 6.428118e+13, 0.000000e+00, 1.260655e+14
1.062686e+10, 1.000000e+00, 1.073003e+14, 0.000000e+00, 2.104329e+14
1.058610e+10, 1.000000e+00, 1.068888e+14, 0.000000e+00, 2.096257e+14
1.058516e+10, 1.000000e+00, 1.068793e+14, 0.000000e+00, 2.096071e+14
1.045970e+10, 1.000000e+00, 1.056125e+14, 0.000000e+00, 2.071228e+14
9.566912e+09, 1.000000e+00, 9.659794e+13, 0.000000e+00, 1.894438e+14
9.229261e+09, 1.000000e+00, 9.318865e+13, 0.000000e+00, 1.827576e+14
8.627048e+09, 1.000000e+00, 8.710805e+13, 0.000000e+00, 1.708326e+14
9.581754e+09, 1.000000e+00, 9.674780e+13, 0.000000e+00, 1.897377e+14
9.370853e+09, 1.000000e+00, 9.461831e+13, 0.000000e+00, 1.855614e+14
9.317414e+09, 1.000000e+00, 9.407874e+13, 0.000000e+00, 1.845032e+14
9.422802e+09, 1.000000e+00, 9.514285e+13, 0.000000e+00, 1.865901e+14
9.326573e+09, 1.000000e+00, 9.417122e+13, 0.000000e+00, 1.846846e+14
8.572847e+09, 1.000000e+00, 8.656079e+13, 0.000000e+00, 1.697594e+14
7.977066e+09, 1.000000e+00, 8.054513e+13, 0.000000e+00, 1.579617e+14
8.193067e+09, 1.000000e+00, 8.272611e+13, 0.000000e+00, 1.622390e+14
8.995451e+09, 1.000000e+00, 9.082785e+13, 0.000000e+00, 1.781277e+14
8.775949e+09, 1.000000e+00, 8.861152e+13, 0.000000e+00, 1.737812e+14
7.560867e+09, 1.000000e+00, 7.634273e+13, 0.000000e+00, 1.497201e+14
7.159624e+09, 1.000000e+00, 7.229134e+13, 0.000000e+00, 1.417747e+14
7.935223e+09, 1.000000e+00, 8.012264e+13, 0.000000e+00, 1.571331e+14
8.083144e+09, 1.000000e+00, 8.161621e+13, 0.000000e+00, 1.600623e+14
6.600266e+09, 1.000000e+00, 6.664346e+13, 0.000000e+00, 1.306983e+14
8.095289e+09, 1.000000e+00, 8.173883e+13, 0.000000e+00, 1.603027e+14
7.989763e+09, 1.000000e+00, 8.067333e+13, 0.000000e+00, 1.582131e+14
7.885813e+09, 1.000000e+00, 7.962374e+13, 0.000000e+00, 1.561547e+14
7.713699e+09, 1.000000e+00, 7.788589e+13, 0.000000e+00, 1.527465e+14
7.957715e+09, 1.000000e+00, 8.034974e+13, 0.000000e+00, 1.575785e+14
7.186792e+09, 1.250000e-01, 7.256566e+13, -8.750000e-01, 1.423127e+14
7.749481e+09, 1.250000e-01, 7.824719e+13, -8.750000e-01, 1.534551e+14
6.862075e+09, 1.250000e-01, 6.928697e+13, -8.750000e-01, 1.358827e+14
6.783438e+09, 1.250000e-01, 6.849296e+13, -8.750000e-01, 1.343255e+14
7.766779e+09, 1.250000e-01, 7.842184e+13, -8.750000e-01, 1.537976e+14
6.508639e+09, 1.250000e-01, 6.571830e+13, -8.750000e-01, 1.288839e+14
6.665467e+09, 1.250000e-01, 6.730180e+13, -8.750000e-01, 1.319894e+14
6.653227e+09, 1.250000e-01, 6.717821e+13, -8.750000e-01, 1.317471e+14
7.559650e+09, 1.250000e-01, 7.633044e+13, -8.750000e-01, 1.496960e+14
7.446457e+09, 1.250000e-01, 7.518752e+13, -8.750000e-01, 1.474546e+14
6.456659e+09, 1.250000e-01, 6.519345e+13, -8.750000e-01, 1.278546e+14
7.748284e+09, 1.250000e-01, 7.823510e+13, -8.750000e-01, 1.534314e+14
