1.077417e+07, 1.000000e+00, 1.087877e+11, 0.000000e+00, 2.133499e+11
1.087080e+07, 1.000000e+00, 1.097634e+11, 0.000000e+00, 2.152634e+11
1.056259e+07, 1.000000e+00, 1.066514e+11, 0.000000e+00, 2.091601e+11
1.066596e+07, 1.000000e+00, 1.076952e+11, 0.000000e+00, 2.112072e+11
1.085490e+07, 1.000000e+00, 1.096028e+11, 0.000000e+00, 2.149484e+11
1.059878e+07, 1.000000e+00, 1.070168e+11, 0.000000e+00, 2.098769e+11
1.068514e+07, 1.000000e+00, 1.078887e+11, 0.000000e+00, 2.115868e+11
1.028771e+07, 1.000000e+00, 1.038759e+11, 0.000000e+00, 2.037170e+11
1.049307e+07, 1.000000e+00, 1.059494e+11, 0.000000e+00, 2.077836e+11
1.037127e+07, 1.000000e+00, 1.047196e+11, 0.000000e+00, 2.053717e+11
9.350475e+06, 1.000000e+00, 9.441256e+10, 0.000000e+00, 1.851579e+11
1.038675e+07, 1.000000e+00, 1.048759e+11, 0.000000e+00, 2.056781e+11
1.015701e+07, 1.000000e+00, 1.025563e+11, 0.000000e+00, 2.011290e+11
1.001925e+07, 1.000000e+00, 1.011652e+11, 0.000000e+00, 1.984010e+11
9.966277e+06, 1.000000e+00, 1.006304e+11, 0.000000e+00, 1.973520e+11
9.773788e+06, 1.000000e+00, 9.868678e+10, 0.000000e+00, 1.935404e+11
9.942429e+06, 1.000000e+00, 1.003896e+11, 0.000000e+00, 1.968798e+11
9.387421e+06, 1.000000e+00, 9.478561e+10, 0.000000e+00, 1.858895e+11
9.258206e+06, 1.000000e+00, 9.348091e+10, 0.000000e+00, 1.833308e+11
9.044108e+06, 1.000000e+00, 9.131915e+10, 0.000000e+00, 1.790912e+11
8.761324e+06, 1.000000e+00, 8.846385e+10, 0.000000e+00, 1.734916e+11
8.913907e+06, 1.000000e+00, 9.000450e+10, 0.000000e+00, 1.765130e+11
8.994923e+06, 1.000000e+00, 9.082252e+10, 0.000000e+00, 1.781173e+11
8.488009e+06, 1.000000e+00, 8.570416e+10, 0.000000e+00, 1.680794e+11
8.606716e+06, 1.000000e+00, 8.690276e+10, 0.000000e+00, 1.704300e+11
8.861094e+06, 1.000000e+00, 8.947124e+10, 0.000000e+00, 1.754672e+11
8.769627e+06, 1.000000e+00, 8.854769e+10, 0.000000e+00, 1.736560e+11
8.571614e+06, 1.000000e+00, 8.654833e+10, 0.000000e+00, 1.697349e+11
8.495753e+06, 1.000000e+00, 8.578236e+10, 0.000000e+00, 1.682327e+11
8.636638e+06, 1.000000e+00, 8.720488e+10, 0.000000e+00, 1.710225e+11
8.872441e+06, 1.000000e+00, 8.958581e+10, 0.000000e+00, 1.756919e+11
8.199694e+06, 1.000000e+00, 8.279302e+10, 0.000000e+00, 1.623702e+11
8.101807e+06, 1.000000e+00, 8.180465e+10, 0.000000e+00, 1.604318e+11
7.767019e+06, 1.000000e+00, 7.842427e+10, 0.000000e+00, 1.538024e+11
8.017315e+06, 1.000000e+00, 8.095153e+10, 0.000000e+00, 1.587587e+11
7.981954e+06, 1.000000e+00, 8.059448e+10, 0.000000e+00, 1.580585e+11
8.279817e+06, 1.000000e+00, 8.360203e+10, 0.000000e+00, 1.639568e+11
8.086613e+06, 1.000000e+00, 8.165124e+10, 0.000000e+00, 1.601310e+11
8.405199e+06, 1.000000e+00, 8.486802e+10, 0.000000e+00, 1.664396e+11
8.152546e+06, 1.000000e+00, 8.231697e+10, 0.000000e+00, 1.614366e+11
8.177613e+06, 1.000000e+00, 8.257007e+10, 0.000000e+00, 1.619329e+11
7.284592e+06, 1.000000e+00, 7.355316e+10, 0.000000e+00, 1.442493e+11
7.027676e+06, 1.000000e+00, 7.095906e+10, 0.000000e+00, 1.391619e+11
6.930173e+06, 1.000000e+00, 6.997456e+10, 0.000000e+00, 1.372311e+11
7.715836e+06, 1.000000e+00, 7.790747e+10, 0.000000e+00, 1.527888e+11
7.482568e+06, 1.000000e+00, 7.555214e+10, 0.000000e+00, 1.481697e+11
7.277720e+06, 1.000000e+00, 7.348377e+10, 0.000000e+00, 1.441133e+11
7.221633e+06, 1.000000e+00, 7.291746e+10, 0.000000e+00, 1.430026e+11
7.195498e+06, 1.000000e+00, 7.265357e+10, 0.000000e+00, 1.424851e+11
7.516661e+06, 1.000000e+00, 7.589638e+10, 0.000000e+00, 1.488448e+11
7.577552e+06, 1.000000e+00, 7.651121e+10, 0.000000e+00, 1.500505e+11
7.105992e+06, 1.000000e+00, 7.174982e+10, 0.000000e+00, 1.407127e+11
7.097875e+06, 1.000000e+00, 7.166786e+10, 0.000000e+00, 1.405520e+11
6.654770e+06, 1.000000e+00, 6.719379e+10, 0.000000e+00, 1.317776e+11
6.699353e+06, 1.000000e+00, 6.764395e+10, 0.000000e+00, 1.326605e+11
6.430921e+06, 1.000000e+00, 6.493357e+10, 0.000000e+00, 1.273450e+11
7.014616e+06, 1.000000e+00, 7.082719e+10, 0.000000e+00, 1.389033e+11
6.401603e+06, 1.000000e+00, 6.463754e+10, 0.000000e+00, 1.267644e+11
8.110756e+06, 1.000000e+00, 8.189500e+10, 0.000000e+00, 1.606090e+11
8.512542e+06, 1.000000e+00, 8.595187e+10, 0.000000e+00, 1.685652e+11
6.393480e+06, 1.000000e+00, 6.455553e+10, 0.000000e+00, 1.266036e+11
1.067222e+07, 1.000000e+00, 1.077583e+11, 0.000000e+00, 2.113310e+11
1.063128e+07, 1.000000e+00, 1.073449e+11, 0.000000e+00, 2.105204e+11
1.063034e+07, 1.000000e+00, 1.073354e+11, 0.000000e+00, 2.105017e+11
1.050434e+07, 1.000000e+00, 1.060633e+11, 0.000000e+00, 2.080068e+11
9.607743e+06, 1.000000e+00, 9.701021e+10, 0.000000e+00, 1.902523e+11
9.268650e+06, 1.000000e+00, 9.358637e+10, 0.000000e+00, 1.835376e+11
8.663867e+06, 1.000000e+00, 8.747982e+10, 0.000000e+00, 1.715617e+11
9.622647e+06, 1.000000e+00, 9.716071e+10, 0.000000e+00, 1.905475e+11
9.410846e+06, 1.000000e+00, 9.502214e+10, 0.000000e+00, 1.863534e+11
9.357180e+06, 1.000000e+00, 9.448026e+10, 0.000000e+00, 1.852907e+11
9.463017e+06, 1.000000e+00, 9.554891e+10, 0.000000e+00, 1.873865e+11
9.366378e+06, 1.000000e+00, 9.457313e+10, 0.000000e+00, 1.854728e+11
8.609435e+06, 1.000000e+00, 8.693022e+10, 0.000000e+00, 1.704839e+11
8.011111e+06, 1.000000e+00, 8.088889e+10, 0.000000e+00, 1.586359e+11
8.228035e+06, 1.000000e+00, 8.307918e+10, 0.000000e+00, 1.629314e+11
9.033843e+06, 1.000000e+00, 9.121550e+10, 0.000000e+00, 1.788880e+11
8.813404e+06, 1.000000e+00, 8.898970e+10, 0.000000e+00, 1.745228e+11
7.593136e+06, 1.000000e+00, 7.666856e+10, 0.000000e+00, 1.503591e+11
7.190180e+06, 1.000000e+00, 7.259987e+10, 0.000000e+00, 1.423798e+11
7.969090e+06, 1.000000e+00, 8.046459e+10, 0.000000e+00, 1.578038e+11
8.117643e+06, 1.000000e+00, 8.196454e+10, 0.000000e+00, 1.607454e+11
6.628435e+06, 1.000000e+00, 6.692789e+10, 0.000000e+00, 1.312561e+11
8.129839e+06, 1.000000e+00, 8.208769e+10, 0.000000e+00, 1.609869e+11
8.023862e+06, 1.000000e+00, 8.101764e+10, 0.000000e+00, 1.588884e+11
7.919469e+06, 1.000000e+00, 7.996357e+10, 0.000000e+00, 1.568212e+11
7.746620e+06, 1.000000e+00, 7.821830e+10, 0.000000e+00, 1.533984e+11
7.991677e+06, 1.000000e+00, 8.069266e+10, 0.000000e+00, 1.582510e+11
7.217464e+06, 1.250000e-01, 7.287537e+10, -8.750000e-01, 1.429201e+11
7.782555e+06, 1.250000e-01, 7.858114e+10, -8.750000e-01, 1.541100e+11
6.891362e+06, 1.250000e-01, 6.958268e+10, -8.750000e-01, 1.364626e+11
6.812389e+06, 1.250000e-01, 6.878528e+10, -8.750000e-01, 1.348988e+11
7.799926e+06, 1.250000e-01, 7.875654e+10, -8.750000e-01, 1.544540e+11
6.536418e+06, 1.250000e-01, 6.599878e+10, -8.750000e-01, 1.294340e+11
6.693915e+06, 1.250000e-01, 6.758904e+10, -8.750000e-01, 1.325528e+11
6.681622e+06, 1.250000e-01, 6.746492e+10, -8.750000e-01, 1.323094e+11
7.591913e+06, 1.250000e-01, 7.665621e+10, -8.750000e-01, 1.503349e+11
7.478237e+06, 1.250000e-01, 7.550841e+10, -8.750000e-01, 1.480839e+11
6.484215e+06, 1.250000e-01, 6.547168e+10, -8.750000e-01, 1.284003e+11
7.781353e+06, 1.250000e-01, 7.856900e+10, -8.750000e-01, 1.540862e+11
