2.061181e+01, 1.000000e+00, 4.226487e+04, 0.000000e+00, 8.278035e+04
5.654484e+00, 1.000000e+00, 4.277544e+04, 0.000000e+00, 8.368454e+04
3.328273e+01, 1.000000e+00, 4.090588e+04, 0.000000e+00, 8.028223e+04
4.144764e+00, 1.000000e+00, 4.184825e+04, 0.000000e+00, 8.108636e+04
1.460064e+01, 1.000000e+00, 4.221534e+04, 0.000000e+00, 8.281361e+04
2.566359e+01, 1.000000e+00, 4.143352e+04, 0.000000e+00, 8.130206e+04
4.155947e+00, 1.000000e+00, 4.196302e+04, 0.000000e+00, 8.130102e+04
1.559857e+01, 1.000000e+00, 4.018513e+04, 0.000000e+00, 7.882187e+04
1.032847e+01, 1.000000e+00, 4.089892e+04, 0.000000e+00, 8.009390e+04
1.048171e+01, 1.000000e+00, 4.033588e+04, 0.000000e+00, 7.898965e+04
2.040506e+01, 1.000000e+00, 3.632050e+04, 0.000000e+00, 7.124790e+04
1.697577e+01, 1.000000e+00, 4.037782e+04, 0.000000e+00, 7.920010e+04
3.909022e+00, 1.000000e+00, 3.946999e+04, 0.000000e+00, 7.656127e+04
1.024203e+01, 1.000000e+00, 3.893230e+04, 0.000000e+00, 7.634326e+04
1.833755e+01, 1.000000e+00, 3.886913e+04, 0.000000e+00, 7.626043e+04
3.763612e+00, 1.000000e+00, 3.800152e+04, 0.000000e+00, 7.377013e+04
1.532285e+01, 1.000000e+00, 3.863764e+04, 0.000000e+00, 7.580938e+04
3.941766e+00, 1.000000e+00, 3.615172e+04, 0.000000e+00, 7.084998e+04
3.553123e+00, 1.000000e+00, 3.587662e+04, 0.000000e+00, 6.972978e+04
3.457999e+00, 1.000000e+00, 3.491604e+04, 0.000000e+00, 6.790386e+04
3.363880e+01, 1.000000e+00, 3.384174e+04, 0.000000e+00, 6.642733e+04
3.418203e+00, 1.000000e+00, 3.451432e+04, 0.000000e+00, 6.713997e+04
1.627491e+01, 1.000000e+00, 3.458983e+04, 0.000000e+00, 6.790288e+04
3.100961e+01, 1.000000e+00, 3.279032e+04, 0.000000e+00, 6.435984e+04
2.748653e+01, 1.000000e+00, 3.306988e+04, 0.000000e+00, 6.488459e+04
9.183603e+00, 1.000000e+00, 3.429263e+04, 0.000000e+00, 6.726354e+04
3.349373e+00, 1.000000e+00, 3.381916e+04, 0.000000e+00, 6.581878e+04
2.012279e+01, 1.000000e+00, 3.298006e+04, 0.000000e+00, 6.472624e+04
3.231139e+00, 1.000000e+00, 3.262514e+04, 0.000000e+00, 6.354928e+04
1.568181e+01, 1.000000e+00, 3.325845e+04, 0.000000e+00, 6.521433e+04
3.395954e+00, 1.000000e+00, 3.428944e+04, 0.000000e+00, 6.671290e+04
2.241150e+01, 1.000000e+00, 3.140551e+04, 0.000000e+00, 6.162665e+04
3.073866e+00, 1.000000e+00, 3.103740e+04, 0.000000e+00, 6.053040e+04
9.464706e+00, 1.000000e+00, 2.963859e+04, 0.000000e+00, 5.824408e+04
2.283304e+01, 1.000000e+00, 3.068359e+04, 0.000000e+00, 6.021205e+04
3.023715e+00, 1.000000e+00, 3.053046e+04, 0.000000e+00, 5.956776e+04
3.148132e+00, 1.000000e+00, 3.178713e+04, 0.000000e+00, 6.195594e+04
3.065432e+00, 1.000000e+00, 3.095225e+04, 0.000000e+00, 6.036852e+04
3.222867e+00, 1.000000e+00, 3.236723e+04, 0.000000e+00, 6.281303e+04
3.097444e+00, 1.000000e+00, 3.127533e+04, 0.000000e+00, 6.098299e+04
3.574113e+00, 1.000000e+00, 3.134903e+04, 0.000000e+00, 6.145434e+04
2.731291e+00, 1.000000e+00, 2.757813e+04, 0.000000e+00, 5.395466e+04
2.609285e+00, 1.000000e+00, 2.634698e+04, 0.000000e+00, 5.161273e+04
2.575146e+00, 1.000000e+00, 2.600187e+04, 0.000000e+00, 5.095744e+04
3.827220e+01, 1.000000e+00, 2.941391e+04, 0.000000e+00, 5.775173e+04
2.635118e+01, 1.000000e+00, 2.842999e+04, 0.000000e+00, 5.579827e+04
1.910801e+01, 1.000000e+00, 2.755994e+04, 0.000000e+00, 5.415663e+04
1.086157e+01, 1.000000e+00, 2.736813e+04, 0.000000e+00, 5.370543e+04
1.521697e+01, 1.000000e+00, 2.711073e+04, 0.000000e+00, 5.322195e+04
1.919894e+01, 1.000000e+00, 2.857157e+04, 0.000000e+00, 5.614987e+04
2.857828e+00, 1.000000e+00, 2.885590e+04, 0.000000e+00, 5.638354e+04
6.032388e+00, 1.000000e+00, 2.680079e+04, 0.000000e+00, 5.252251e+04
2.660454e+00, 1.000000e+00, 2.686292e+04, 0.000000e+00, 5.259492e+04
4.269988e+00, 1.000000e+00, 2.475776e+04, 0.000000e+00, 4.855508e+04
2.489196e+00, 1.000000e+00, 2.513369e+04, 0.000000e+00, 4.930763e+04
2.754969e+00, 1.000000e+00, 2.410915e+04, 0.000000e+00, 4.735720e+04
1.034457e+01, 1.000000e+00, 2.656984e+04, 0.000000e+00, 5.206712e+04
8.507973e+00, 1.000000e+00, 2.386149e+04, 0.000000e+00, 4.709703e+04
3.075728e+00, 1.000000e+00, 3.105607e+04, 0.000000e+00, 6.056614e+04
1.221521e+01, 1.000000e+00, 3.276314e+04, 0.000000e+00, 6.409881e+04
6.579068e+00, 1.000000e+00, 2.396338e+04, 0.000000e+00, 4.704861e+04
4.095524e+00, 1.000000e+00, 4.135273e+04, 0.000000e+00, 8.014120e+04
4.108731e+00, 1.000000e+00, 4.148591e+04, 0.000000e+00, 8.039471e+04
1.021054e+01, 1.000000e+00, 4.143275e+04, 0.000000e+00, 8.118334e+04
4.060955e+00, 1.000000e+00, 4.099801e+04, 0.000000e+00, 7.947765e+04
9.748327e+00, 1.000000e+00, 3.728005e+04, 0.000000e+00, 7.302804e+04
1.665527e+01, 1.000000e+00, 3.583890e+04, 0.000000e+00, 7.034059e+04
1.524600e+01, 1.000000e+00, 3.340187e+04, 0.000000e+00, 6.552226e+04
3.693627e+00, 1.000000e+00, 3.729461e+04, 0.000000e+00, 7.242676e+04
7.360516e+00, 1.000000e+00, 3.647551e+04, 0.000000e+00, 7.095100e+04
3.609019e+00, 1.000000e+00, 3.643990e+04, 0.000000e+00, 7.080271e+04
1.479785e+01, 1.000000e+00, 3.679504e+04, 0.000000e+00, 7.222045e+04
1.122960e+01, 1.000000e+00, 3.625683e+04, 0.000000e+00, 7.062187e+04
7.639812e+00, 1.000000e+00, 3.319582e+04, 0.000000e+00, 6.506075e+04
1.133132e+01, 1.000000e+00, 3.066577e+04, 0.000000e+00, 6.013742e+04
4.588413e+00, 1.000000e+00, 3.162289e+04, 0.000000e+00, 6.202523e+04
7.055133e+00, 1.000000e+00, 3.494388e+04, 0.000000e+00, 6.791134e+04
6.238659e+00, 1.000000e+00, 3.396690e+04, 0.000000e+00, 6.661850e+04
2.314303e+01, 1.000000e+00, 2.891417e+04, 0.000000e+00, 5.674158e+04
1.622079e+01, 1.000000e+00, 2.702927e+04, 0.000000e+00, 5.303430e+04
2.716439e+01, 1.000000e+00, 3.048594e+04, 0.000000e+00, 5.984902e+04
9.684730e+00, 1.000000e+00, 3.107457e+04, 0.000000e+00, 6.097294e+04
3.983563e+00, 1.000000e+00, 2.494573e+04, 0.000000e+00, 4.912144e+04
3.082759e+00, 1.000000e+00, 3.112688e+04, 0.000000e+00, 6.070111e+04
1.489653e+01, 1.000000e+00, 3.076675e+04, 0.000000e+00, 6.038139e+04
3.000869e+00, 1.000000e+00, 3.030024e+04, 0.000000e+00, 5.912922e+04
2.782881e+01, 1.000000e+00, 2.955377e+04, 0.000000e+00, 5.800531e+04
1.007470e+01, 1.000000e+00, 3.058533e+04, 0.000000e+00, 5.999347e+04
3.454446e+00, 1.250000e-01, 2.731138e+04, -8.750000e-01, 5.355830e+04
1.912697e+01, 1.250000e-01, 2.970350e+04, -8.750000e-01, 5.827868e+04
2.575441e+00, 1.250000e-01, 2.600656e+04, -8.750000e-01, 5.096331e+04
2.543640e+00, 1.250000e-01, 2.568373e+04, -8.750000e-01, 5.035289e+04
1.179473e+01, 1.250000e-01, 2.978987e+04, -8.750000e-01, 5.845819e+04
1.021339e+01, 1.250000e-01, 2.448302e+04, -8.750000e-01, 4.810094e+04
2.624587e+00, 1.250000e-01, 2.524062e+04, -8.750000e-01, 5.166889e+04
9.279238e+00, 1.250000e-01, 2.505124e+04, -8.750000e-01, 4.914738e+04
6.524088e+00, 1.250000e-01, 2.890801e+04, -8.750000e-01, 5.646506e+04
4.967408e+00, 1.250000e-01, 2.842993e+04, -8.750000e-01, 5.575871e+04
5.966831e+00, 1.250000e-01, 2.434543e+04, -8.750000e-01, 4.814034e+04
2.941764e+00, 1.250000e-01, 2.970318e+04, -8.750000e-01, 5.799490e+04
