7.719457e+06, 1.000000e+00, 7.794403e+10, 0.000000e+00, 1.528605e+11
7.788692e+06, 1.000000e+00, 7.864310e+10, 0.000000e+00, 1.542315e+11
7.567863e+06, 1.000000e+00, 7.641337e+10, 0.000000e+00, 1.498587e+11
7.641931e+06, 1.000000e+00, 7.716124e+10, 0.000000e+00, 1.513254e+11
7.777296e+06, 1.000000e+00, 7.852804e+10, 0.000000e+00, 1.540059e+11
7.593797e+06, 1.000000e+00, 7.667523e+10, 0.000000e+00, 1.503722e+11
7.655666e+06, 1.000000e+00, 7.729993e+10, 0.000000e+00, 1.515973e+11
7.370919e+06, 1.000000e+00, 7.442481e+10, 0.000000e+00, 1.459588e+11
7.518056e+06, 1.000000e+00, 7.591046e+10, 0.000000e+00, 1.488724e+11
7.430790e+06, 1.000000e+00, 7.502933e+10, 0.000000e+00, 1.471443e+11
6.699411e+06, 1.000000e+00, 6.764454e+10, 0.000000e+00, 1.326616e+11
7.441876e+06, 1.000000e+00, 7.514127e+10, 0.000000e+00, 1.473639e+11
7.277279e+06, 1.000000e+00, 7.347931e+10, 0.000000e+00, 1.441045e+11
7.178575e+06, 1.000000e+00, 7.248269e+10, 0.000000e+00, 1.421500e+11
7.140620e+06, 1.000000e+00, 7.209946e+10, 0.000000e+00, 1.413984e+11
7.002706e+06, 1.000000e+00, 7.070693e+10, 0.000000e+00, 1.386674e+11
7.123534e+06, 1.000000e+00, 7.192694e+10, 0.000000e+00, 1.410601e+11
6.725882e+06, 1.000000e+00, 6.791182e+10, 0.000000e+00, 1.331858e+11
6.633302e+06, 1.000000e+00, 6.697703e+10, 0.000000e+00, 1.313525e+11
6.479906e+06, 1.000000e+00, 6.542817e+10, 0.000000e+00, 1.283150e+11
6.277297e+06, 1.000000e+00, 6.338241e+10, 0.000000e+00, 1.243029e+11
6.386620e+06, 1.000000e+00, 6.448626e+10, 0.000000e+00, 1.264677e+11
6.444666e+06, 1.000000e+00, 6.507235e+10, 0.000000e+00, 1.276171e+11
6.081473e+06, 1.000000e+00, 6.140516e+10, 0.000000e+00, 1.204252e+11
6.166524e+06, 1.000000e+00, 6.226393e+10, 0.000000e+00, 1.221094e+11
6.348780e+06, 1.000000e+00, 6.410419e+10, 0.000000e+00, 1.257184e+11
6.283246e+06, 1.000000e+00, 6.344248e+10, 0.000000e+00, 1.244207e+11
6.141374e+06, 1.000000e+00, 6.200999e+10, 0.000000e+00, 1.216114e+11
6.087022e+06, 1.000000e+00, 6.146119e+10, 0.000000e+00, 1.205351e+11
6.187962e+06, 1.000000e+00, 6.248040e+10, 0.000000e+00, 1.225339e+11
6.356910e+06, 1.000000e+00, 6.418628e+10, 0.000000e+00, 1.258794e+11
5.874902e+06, 1.000000e+00, 5.931939e+10, 0.000000e+00, 1.163347e+11
5.804768e+06, 1.000000e+00, 5.861125e+10, 0.000000e+00, 1.149459e+11
5.564900e+06, 1.000000e+00, 5.618928e+10, 0.000000e+00, 1.101960e+11
5.744231e+06, 1.000000e+00, 5.800000e+10, 0.000000e+00, 1.137472e+11
5.718896e+06, 1.000000e+00, 5.774419e+10, 0.000000e+00, 1.132455e+11
5.932308e+06, 1.000000e+00, 5.989903e+10, 0.000000e+00, 1.174714e+11
5.793882e+06, 1.000000e+00, 5.850133e+10, 0.000000e+00, 1.147303e+11
6.022142e+06, 1.000000e+00, 6.080609e+10, 0.000000e+00, 1.192503e+11
5.841121e+06, 1.000000e+00, 5.897831e+10, 0.000000e+00, 1.156658e+11
5.859081e+06, 1.000000e+00, 5.915965e+10, 0.000000e+00, 1.160214e+11
5.219251e+06, 1.000000e+00, 5.269923e+10, 0.000000e+00, 1.033515e+11
5.035177e+06, 1.000000e+00, 5.084062e+10, 0.000000e+00, 9.970647e+10
4.965317e+06, 1.000000e+00, 5.013524e+10, 0.000000e+00, 9.832312e+10
5.528228e+06, 1.000000e+00, 5.581900e+10, 0.000000e+00, 1.094699e+11
5.361097e+06, 1.000000e+00, 5.413146e+10, 0.000000e+00, 1.061603e+11
5.214328e+06, 1.000000e+00, 5.264952e+10, 0.000000e+00, 1.032540e+11
5.174143e+06, 1.000000e+00, 5.224377e+10, 0.000000e+00, 1.024583e+11
5.155417e+06, 1.000000e+00, 5.205469e+10, 0.000000e+00, 1.020875e+11
5.385524e+06, 1.000000e+00, 5.437810e+10, 0.000000e+00, 1.066440e+11
5.429151e+06, 1.000000e+00, 5.481861e+10, 0.000000e+00, 1.075079e+11
5.091288e+06, 1.000000e+00, 5.140718e+10, 0.000000e+00, 1.008176e+11
5.085472e+06, 1.000000e+00, 5.134846e+10, 0.000000e+00, 1.007024e+11
4.767997e+06, 1.000000e+00, 4.814288e+10, 0.000000e+00, 9.441579e+10
4.799940e+06, 1.000000e+00, 4.846542e+10, 0.000000e+00, 9.504832e+10
4.607615e+06, 1.000000e+00, 4.652349e+10, 0.000000e+00, 9.123990e+10
5.025819e+06, 1.000000e+00, 5.074613e+10, 0.000000e+00, 9.952117e+10
4.586609e+06, 1.000000e+00, 4.631139e+10, 0.000000e+00, 9.082394e+10
5.811179e+06, 1.000000e+00, 5.867598e+10, 0.000000e+00, 1.150729e+11
6.099050e+06, 1.000000e+00, 6.158264e+10, 0.000000e+00, 1.207733e+11
4.580789e+06, 1.000000e+00, 4.625263e+10, 0.000000e+00, 9.070869e+10
7.646410e+06, 1.000000e+00, 7.720646e+10, 0.000000e+00, 1.514141e+11
7.617079e+06, 1.000000e+00, 7.691031e+10, 0.000000e+00, 1.508333e+11
7.616404e+06, 1.000000e+00, 7.690349e+10, 0.000000e+00, 1.508199e+11
7.526133e+06, 1.000000e+00, 7.599202e+10, 0.000000e+00, 1.490323e+11
6.883738e+06, 1.000000e+00, 6.950570e+10, 0.000000e+00, 1.363116e+11
6.640785e+06, 1.000000e+00, 6.705259e+10, 0.000000e+00, 1.315007e+11
6.207472e+06, 1.000000e+00, 6.267738e+10, 0.000000e+00, 1.229202e+11
6.894417e+06, 1.000000e+00, 6.961353e+10, 0.000000e+00, 1.365231e+11
6.742666e+06, 1.000000e+00, 6.808129e+10, 0.000000e+00, 1.335181e+11
6.704215e+06, 1.000000e+00, 6.769304e+10, 0.000000e+00, 1.327567e+11
6.780045e+06, 1.000000e+00, 6.845871e+10, 0.000000e+00, 1.342583e+11
6.710805e+06, 1.000000e+00, 6.775959e+10, 0.000000e+00, 1.328872e+11
6.168473e+06, 1.000000e+00, 6.228360e+10, 0.000000e+00, 1.221480e+11
5.739786e+06, 1.000000e+00, 5.795512e+10, 0.000000e+00, 1.136591e+11
5.895207e+06, 1.000000e+00, 5.952442e+10, 0.000000e+00, 1.167368e+11
6.472551e+06, 1.000000e+00, 6.535391e+10, 0.000000e+00, 1.281693e+11
6.314611e+06, 1.000000e+00, 6.375918e+10, 0.000000e+00, 1.250418e+11
5.440316e+06, 1.000000e+00, 5.493135e+10, 0.000000e+00, 1.077290e+11
5.151607e+06, 1.000000e+00, 5.201622e+10, 0.000000e+00, 1.020120e+11
5.709679e+06, 1.000000e+00, 5.765112e+10, 0.000000e+00, 1.130629e+11
5.816114e+06, 1.000000e+00, 5.872581e+10, 0.000000e+00, 1.151706e+11
4.749129e+06, 1.000000e+00, 4.795237e+10, 0.000000e+00, 9.404216e+10
5.824852e+06, 1.000000e+00, 5.881404e+10, 0.000000e+00, 1.153436e+11
5.748922e+06, 1.000000e+00, 5.804737e+10, 0.000000e+00, 1.138400e+11
5.674127e+06, 1.000000e+00, 5.729215e+10, 0.000000e+00, 1.123589e+11
5.550284e+06, 1.000000e+00, 5.604170e+10, 0.000000e+00, 1.099066e+11
5.725862e+06, 1.000000e+00, 5.781453e+10, 0.000000e+00, 1.133834e+11
5.171156e+06, 1.250000e-01, 5.221361e+10, -8.750000e-01, 1.023991e+11
5.576031e+06, 1.250000e-01, 5.630167e+10, -8.750000e-01, 1.104165e+11
4.937510e+06, 1.250000e-01, 4.985447e+10, -8.750000e-01, 9.777248e+10
4.880928e+06, 1.250000e-01, 4.928315e+10, -8.750000e-01, 9.665204e+10
5.588477e+06, 1.250000e-01, 5.642734e+10, -8.750000e-01, 1.106629e+11
4.683201e+06, 1.250000e-01, 4.728668e+10, -8.750000e-01, 9.273664e+10
4.796044e+06, 1.250000e-01, 4.842607e+10, -8.750000e-01, 9.497116e+10
4.787237e+06, 1.250000e-01, 4.833714e+10, -8.750000e-01, 9.479677e+10
5.439440e+06, 1.250000e-01, 5.492250e+10, -8.750000e-01, 1.077117e+11
5.357994e+06, 1.250000e-01, 5.410013e+10, -8.750000e-01, 1.060989e+11
4.645799e+06, 1.250000e-01, 4.690903e+10, -8.750000e-01, 9.199601e+10
5.575170e+06, 1.250000e-01, 5.629297e+10, -8.750000e-01, 1.103994e+11
