3.550942e+05, 1.000000e+00, 3.585417e+09, 0.000000e+00, 7.031568e+09
3.582789e+05, 1.000000e+00, 3.617574e+09, 0.000000e+00, 7.094633e+09
3.481209e+05, 1.000000e+00, 3.515007e+09, 0.000000e+00, 6.893482e+09
3.515280e+05, 1.000000e+00, 3.549408e+09, 0.000000e+00, 6.960950e+09
3.577548e+05, 1.000000e+00, 3.612281e+09, 0.000000e+00, 7.084252e+09
3.493138e+05, 1.000000e+00, 3.527052e+09, 0.000000e+00, 6.917105e+09
3.521598e+05, 1.000000e+00, 3.555788e+09, 0.000000e+00, 6.973461e+09
3.390615e+05, 1.000000e+00, 3.423533e+09, 0.000000e+00, 6.714088e+09
3.458297e+05, 1.000000e+00, 3.491873e+09, 0.000000e+00, 6.848113e+09
3.418155e+05, 1.000000e+00, 3.451341e+09, 0.000000e+00, 6.768624e+09
3.081722e+05, 1.000000e+00, 3.111641e+09, 0.000000e+00, 6.102419e+09
3.423255e+05, 1.000000e+00, 3.456490e+09, 0.000000e+00, 6.778722e+09
3.347540e+05, 1.000000e+00, 3.380040e+09, 0.000000e+00, 6.628792e+09
3.302136e+05, 1.000000e+00, 3.334196e+09, 0.000000e+00, 6.538884e+09
3.284677e+05, 1.000000e+00, 3.316567e+09, 0.000000e+00, 6.504311e+09
3.221237e+05, 1.000000e+00, 3.252511e+09, 0.000000e+00, 6.378687e+09
3.276817e+05, 1.000000e+00, 3.308631e+09, 0.000000e+00, 6.488748e+09
3.093898e+05, 1.000000e+00, 3.123936e+09, 0.000000e+00, 6.126531e+09
3.051312e+05, 1.000000e+00, 3.080936e+09, 0.000000e+00, 6.042201e+09
2.980749e+05, 1.000000e+00, 3.009689e+09, 0.000000e+00, 5.902474e+09
2.887550e+05, 1.000000e+00, 2.915584e+09, 0.000000e+00, 5.717920e+09
2.937838e+05, 1.000000e+00, 2.966361e+09, 0.000000e+00, 5.817501e+09
2.964539e+05, 1.000000e+00, 2.993321e+09, 0.000000e+00, 5.870375e+09
2.797471e+05, 1.000000e+00, 2.824631e+09, 0.000000e+00, 5.539546e+09
2.836594e+05, 1.000000e+00, 2.864134e+09, 0.000000e+00, 5.617018e+09
2.920432e+05, 1.000000e+00, 2.948785e+09, 0.000000e+00, 5.783033e+09
2.890286e+05, 1.000000e+00, 2.918347e+09, 0.000000e+00, 5.723339e+09
2.825025e+05, 1.000000e+00, 2.852453e+09, 0.000000e+00, 5.594109e+09
2.800023e+05, 1.000000e+00, 2.827208e+09, 0.000000e+00, 5.544600e+09
2.846456e+05, 1.000000e+00, 2.874091e+09, 0.000000e+00, 5.636546e+09
2.924172e+05, 1.000000e+00, 2.952562e+09, 0.000000e+00, 5.790439e+09
2.702448e+05, 1.000000e+00, 2.728685e+09, 0.000000e+00, 5.351383e+09
2.670187e+05, 1.000000e+00, 2.696111e+09, 0.000000e+00, 5.287498e+09
2.559848e+05, 1.000000e+00, 2.584700e+09, 0.000000e+00, 5.069005e+09
2.642340e+05, 1.000000e+00, 2.667994e+09, 0.000000e+00, 5.232356e+09
2.630686e+05, 1.000000e+00, 2.656226e+09, 0.000000e+00, 5.209278e+09
2.728855e+05, 1.000000e+00, 2.755349e+09, 0.000000e+00, 5.403673e+09
2.665179e+05, 1.000000e+00, 2.691055e+09, 0.000000e+00, 5.277582e+09
2.770178e+05, 1.000000e+00, 2.797073e+09, 0.000000e+00, 5.485502e+09
2.686909e+05, 1.000000e+00, 2.712996e+09, 0.000000e+00, 5.320612e+09
2.695171e+05, 1.000000e+00, 2.721337e+09, 0.000000e+00, 5.336972e+09
2.400850e+05, 1.000000e+00, 2.424159e+09, 0.000000e+00, 4.754158e+09
2.316176e+05, 1.000000e+00, 2.338663e+09, 0.000000e+00, 4.586486e+09
2.284040e+05, 1.000000e+00, 2.306216e+09, 0.000000e+00, 4.522852e+09
2.542979e+05, 1.000000e+00, 2.567668e+09, 0.000000e+00, 5.035601e+09
2.466099e+05, 1.000000e+00, 2.490041e+09, 0.000000e+00, 4.883363e+09
2.398585e+05, 1.000000e+00, 2.421872e+09, 0.000000e+00, 4.749673e+09
2.380100e+05, 1.000000e+00, 2.403207e+09, 0.000000e+00, 4.713069e+09
2.371486e+05, 1.000000e+00, 2.394510e+09, 0.000000e+00, 4.696012e+09
2.477335e+05, 1.000000e+00, 2.501386e+09, 0.000000e+00, 4.905613e+09
2.497403e+05, 1.000000e+00, 2.521650e+09, 0.000000e+00, 4.945353e+09
2.341987e+05, 1.000000e+00, 2.364724e+09, 0.000000e+00, 4.637598e+09
2.339312e+05, 1.000000e+00, 2.362023e+09, 0.000000e+00, 4.632300e+09
2.193273e+05, 1.000000e+00, 2.214567e+09, 0.000000e+00, 4.343116e+09
2.207967e+05, 1.000000e+00, 2.229404e+09, 0.000000e+00, 4.372212e+09
2.119498e+05, 1.000000e+00, 2.140075e+09, 0.000000e+00, 4.197025e+09
2.311871e+05, 1.000000e+00, 2.334316e+09, 0.000000e+00, 4.577963e+09
2.109835e+05, 1.000000e+00, 2.130319e+09, 0.000000e+00, 4.177891e+09
2.673136e+05, 1.000000e+00, 2.699089e+09, 0.000000e+00, 5.293339e+09
2.805556e+05, 1.000000e+00, 2.832795e+09, 0.000000e+00, 5.555557e+09
2.107158e+05, 1.000000e+00, 2.127616e+09, 0.000000e+00, 4.172590e+09
3.517340e+05, 1.000000e+00, 3.551489e+09, 0.000000e+00, 6.965029e+09
3.503848e+05, 1.000000e+00, 3.537866e+09, 0.000000e+00, 6.938313e+09
3.503537e+05, 1.000000e+00, 3.537552e+09, 0.000000e+00, 6.937698e+09
3.462013e+05, 1.000000e+00, 3.495624e+09, 0.000000e+00, 6.855471e+09
3.166512e+05, 1.000000e+00, 3.197254e+09, 0.000000e+00, 6.270320e+09
3.054754e+05, 1.000000e+00, 3.084412e+09, 0.000000e+00, 6.049018e+09
2.855430e+05, 1.000000e+00, 2.883153e+09, 0.000000e+00, 5.654317e+09
3.171424e+05, 1.000000e+00, 3.202214e+09, 0.000000e+00, 6.280048e+09
3.101619e+05, 1.000000e+00, 3.131732e+09, 0.000000e+00, 6.141819e+09
3.083931e+05, 1.000000e+00, 3.113872e+09, 0.000000e+00, 6.106795e+09
3.118813e+05, 1.000000e+00, 3.149093e+09, 0.000000e+00, 6.175868e+09
3.086963e+05, 1.000000e+00, 3.116933e+09, 0.000000e+00, 6.112798e+09
2.837490e+05, 1.000000e+00, 2.865039e+09, 0.000000e+00, 5.618793e+09
2.640295e+05, 1.000000e+00, 2.665929e+09, 0.000000e+00, 5.228308e+09
2.711789e+05, 1.000000e+00, 2.738117e+09, 0.000000e+00, 5.369879e+09
2.977366e+05, 1.000000e+00, 3.006273e+09, 0.000000e+00, 5.895775e+09
2.904714e+05, 1.000000e+00, 2.932915e+09, 0.000000e+00, 5.751909e+09
2.502539e+05, 1.000000e+00, 2.526836e+09, 0.000000e+00, 4.955524e+09
2.369733e+05, 1.000000e+00, 2.392741e+09, 0.000000e+00, 4.692542e+09
2.626446e+05, 1.000000e+00, 2.651945e+09, 0.000000e+00, 5.200883e+09
2.675406e+05, 1.000000e+00, 2.701380e+09, 0.000000e+00, 5.297833e+09
2.184594e+05, 1.000000e+00, 2.205804e+09, 0.000000e+00, 4.325929e+09
2.679425e+05, 1.000000e+00, 2.705439e+09, 0.000000e+00, 5.305793e+09
2.644498e+05, 1.000000e+00, 2.670172e+09, 0.000000e+00, 5.236629e+09
2.610092e+05, 1.000000e+00, 2.635433e+09, 0.000000e+00, 5.168499e+09
2.553125e+05, 1.000000e+00, 2.577912e+09, 0.000000e+00, 5.055692e+09
2.633890e+05, 1.000000e+00, 2.659462e+09, 0.000000e+00, 5.215624e+09
2.378726e+05, 1.250000e-01, 2.401820e+09, -8.750000e-01, 4.710348e+09
2.564968e+05, 1.250000e-01, 2.589870e+09, -8.750000e-01, 5.079145e+09
2.271249e+05, 1.250000e-01, 2.293300e+09, -8.750000e-01, 4.497523e+09
2.245221e+05, 1.250000e-01, 2.267020e+09, -8.750000e-01, 4.445983e+09
2.570693e+05, 1.250000e-01, 2.595651e+09, -8.750000e-01, 5.090481e+09
2.154267e+05, 1.250000e-01, 2.175182e+09, -8.750000e-01, 4.265875e+09
2.206175e+05, 1.250000e-01, 2.227594e+09, -8.750000e-01, 4.368663e+09
2.202123e+05, 1.250000e-01, 2.223503e+09, -8.750000e-01, 4.360641e+09
2.502136e+05, 1.250000e-01, 2.526429e+09, -8.750000e-01, 4.954726e+09
2.464671e+05, 1.250000e-01, 2.488600e+09, -8.750000e-01, 4.880537e+09
2.137062e+05, 1.250000e-01, 2.157810e+09, -8.750000e-01, 4.231806e+09
2.564572e+05, 1.250000e-01, 2.589471e+09, -8.750000e-01, 5.078360e+09
