1.033926e+01, 1.000000e+00, 5.779844e+04, 0.000000e+00, 1.131434e+05
1.049388e+01, 1.000000e+00, 5.841181e+04, 0.000000e+00, 1.142443e+05
5.536915e+00, 1.000000e+00, 5.590690e+04, 0.000000e+00, 1.093821e+05
5.653868e+00, 1.000000e+00, 5.708778e+04, 0.000000e+00, 1.116683e+05
5.711111e+00, 1.000000e+00, 5.765808e+04, 0.000000e+00, 1.127873e+05
2.673081e+01, 1.000000e+00, 5.666792e+04, 0.000000e+00, 1.111755e+05
5.734597e+00, 1.000000e+00, 5.734617e+04, 0.000000e+00, 1.082828e+05
1.023751e+01, 1.000000e+00, 5.495374e+04, 0.000000e+00, 1.076090e+05
1.008137e+01, 1.000000e+00, 5.592295e+04, 0.000000e+00, 1.083332e+05
1.735300e+01, 1.000000e+00, 5.512875e+04, 0.000000e+00, 1.081460e+05
2.482817e+01, 1.000000e+00, 4.965285e+04, 0.000000e+00, 9.741549e+04
5.652050e+00, 1.000000e+00, 5.522835e+04, 0.000000e+00, 1.067697e+05
1.918091e+01, 1.000000e+00, 5.398166e+04, 0.000000e+00, 1.058257e+05
1.770459e+01, 1.000000e+00, 5.318923e+04, 0.000000e+00, 1.043078e+05
1.104474e+01, 1.000000e+00, 5.316703e+04, 0.000000e+00, 1.042640e+05
1.341783e+01, 1.000000e+00, 5.198055e+04, 0.000000e+00, 1.019644e+05
5.414848e+00, 1.000000e+00, 5.273875e+04, 0.000000e+00, 1.025980e+05
1.628172e+01, 1.000000e+00, 4.941958e+04, 0.000000e+00, 9.694143e+04
1.057855e+01, 1.000000e+00, 4.904159e+04, 0.000000e+00, 9.621055e+04
5.198983e+00, 1.000000e+00, 4.776184e+04, 0.000000e+00, 9.365197e+04
2.483910e+01, 1.000000e+00, 4.629948e+04, 0.000000e+00, 9.084358e+04
4.866162e+00, 1.000000e+00, 4.715719e+04, 0.000000e+00, 9.229890e+04
1.165807e+01, 1.000000e+00, 4.732906e+04, 0.000000e+00, 9.283226e+04
6.768830e+00, 1.000000e+00, 4.485330e+04, 0.000000e+00, 8.792074e+04
8.756714e+00, 1.000000e+00, 4.522928e+04, 0.000000e+00, 8.808866e+04
4.723735e+00, 1.000000e+00, 4.690943e+04, 0.000000e+00, 8.996131e+04
1.911465e+01, 1.000000e+00, 4.625767e+04, 0.000000e+00, 9.070238e+04
6.575692e+00, 1.000000e+00, 4.511106e+04, 0.000000e+00, 8.843622e+04
4.421573e+00, 1.000000e+00, 4.464519e+04, 0.000000e+00, 8.757905e+04
4.507013e+00, 1.000000e+00, 4.550784e+04, 0.000000e+00, 8.924926e+04
1.131027e+01, 1.000000e+00, 4.689389e+04, 0.000000e+00, 9.187260e+04
4.255528e+00, 1.000000e+00, 4.296879e+04, 0.000000e+00, 8.433316e+04
4.207380e+00, 1.000000e+00, 4.248261e+04, 0.000000e+00, 8.339195e+04
6.325553e+00, 1.000000e+00, 4.055792e+04, 0.000000e+00, 7.955038e+04
4.157618e+00, 1.000000e+00, 4.198002e+04, 0.000000e+00, 8.241919e+04
5.293002e+00, 1.000000e+00, 4.178156e+04, 0.000000e+00, 8.194102e+04
4.308338e+00, 1.000000e+00, 4.350182e+04, 0.000000e+00, 8.536551e+04
4.195608e+00, 1.000000e+00, 4.236360e+04, 0.000000e+00, 8.316182e+04
4.386261e+00, 1.000000e+00, 4.428860e+04, 0.000000e+00, 8.688877e+04
4.239255e+00, 1.000000e+00, 4.280427e+04, 0.000000e+00, 8.401506e+04
7.717452e+00, 1.000000e+00, 4.290289e+04, 0.000000e+00, 8.370690e+04
8.863557e+00, 1.000000e+00, 3.775648e+04, 0.000000e+00, 7.403981e+04
3.574464e+00, 1.000000e+00, 3.609174e+04, 0.000000e+00, 7.101953e+04
8.140123e+00, 1.000000e+00, 3.563278e+04, 0.000000e+00, 7.026474e+04
2.530736e+01, 1.000000e+00, 4.024548e+04, 0.000000e+00, 7.896955e+04
1.366990e+01, 1.000000e+00, 3.891053e+04, 0.000000e+00, 7.632838e+04
3.738477e+00, 1.000000e+00, 3.774890e+04, 0.000000e+00, 7.422570e+04
1.890075e+01, 1.000000e+00, 3.746804e+04, 0.000000e+00, 7.350866e+04
1.004187e+01, 1.000000e+00, 3.711242e+04, 0.000000e+00, 7.278065e+04
8.312369e+00, 1.000000e+00, 3.911794e+04, 0.000000e+00, 7.680209e+04
1.266101e+01, 1.000000e+00, 3.950596e+04, 0.000000e+00, 7.747742e+04
5.543390e+00, 1.000000e+00, 3.669727e+04, 0.000000e+00, 7.196050e+04
3.679261e+00, 1.000000e+00, 3.679564e+04, 0.000000e+00, 7.305429e+04
8.044117e+00, 1.000000e+00, 3.394784e+04, 0.000000e+00, 6.712235e+04
1.006308e+01, 1.000000e+00, 3.442400e+04, 0.000000e+00, 6.769054e+04
1.572036e+01, 1.000000e+00, 3.302094e+04, 0.000000e+00, 6.484431e+04
1.220330e+01, 1.000000e+00, 3.637036e+04, 0.000000e+00, 7.136003e+04
9.435771e+00, 1.000000e+00, 3.268133e+04, 0.000000e+00, 6.411755e+04
4.208081e+00, 1.000000e+00, 4.248829e+04, 0.000000e+00, 8.340467e+04
1.836167e+01, 1.000000e+00, 4.482401e+04, 0.000000e+00, 8.801177e+04
5.130764e+00, 1.000000e+00, 3.282987e+04, 0.000000e+00, 6.439490e+04
5.601206e+00, 1.000000e+00, 5.655608e+04, 0.000000e+00, 1.106388e+05
5.616813e+00, 1.000000e+00, 5.671320e+04, 0.000000e+00, 1.109439e+05
5.604989e+00, 1.000000e+00, 5.659206e+04, 0.000000e+00, 1.107128e+05
9.479488e+00, 1.000000e+00, 5.606886e+04, 0.000000e+00, 1.099759e+05
5.928056e+00, 1.000000e+00, 5.088466e+04, 0.000000e+00, 9.938118e+04
1.944568e+01, 1.000000e+00, 4.900893e+04, 0.000000e+00, 9.587063e+04
5.059494e+00, 1.000000e+00, 4.567755e+04, 0.000000e+00, 8.959426e+04
7.575395e+00, 1.000000e+00, 5.093262e+04, 0.000000e+00, 9.939599e+04
1.551498e+01, 1.000000e+00, 4.989577e+04, 0.000000e+00, 9.787425e+04
9.101070e+00, 1.000000e+00, 4.981329e+04, 0.000000e+00, 9.767036e+04
6.397095e+00, 1.000000e+00, 5.029560e+04, 0.000000e+00, 9.851772e+04
4.910133e+00, 1.000000e+00, 4.957810e+04, 0.000000e+00, 9.712955e+04
4.773081e+00, 1.000000e+00, 4.539544e+04, 0.000000e+00, 8.919694e+04
7.146255e+00, 1.000000e+00, 4.196472e+04, 0.000000e+00, 8.230635e+04
9.628995e+00, 1.000000e+00, 4.325789e+04, 0.000000e+00, 8.465264e+04
3.301143e+01, 1.000000e+00, 4.777783e+04, 0.000000e+00, 9.375956e+04
1.702452e+01, 1.000000e+00, 4.646621e+04, 0.000000e+00, 9.112715e+04
1.614384e+01, 1.000000e+00, 3.958058e+04, 0.000000e+00, 7.764793e+04
3.665363e+00, 1.000000e+00, 3.700961e+04, 0.000000e+00, 7.279645e+04
2.477363e+01, 1.000000e+00, 4.170891e+04, 0.000000e+00, 8.183717e+04
1.533340e+01, 1.000000e+00, 4.251230e+04, 0.000000e+00, 8.339619e+04
1.362102e+01, 1.000000e+00, 3.420403e+04, 0.000000e+00, 6.709803e+04
9.338846e+00, 1.000000e+00, 4.259850e+04, 0.000000e+00, 8.344828e+04
4.169156e+00, 1.000000e+00, 4.209687e+04, 0.000000e+00, 8.264474e+04
4.106832e+00, 1.000000e+00, 4.146770e+04, 0.000000e+00, 8.142640e+04
6.226704e+00, 1.000000e+00, 4.044021e+04, 0.000000e+00, 7.939280e+04
9.159893e+00, 1.000000e+00, 4.184142e+04, 0.000000e+00, 8.151438e+04
5.133822e+00, 1.250000e-01, 3.741686e+04, -8.750000e-01, 7.339745e+04
1.857389e+01, 1.250000e-01, 4.064957e+04, -8.750000e-01, 7.979204e+04
9.038013e+00, 1.250000e-01, 3.561067e+04, -8.750000e-01, 6.987101e+04
7.079194e+00, 1.250000e-01, 3.517843e+04, -8.750000e-01, 6.904927e+04
1.072304e+01, 1.250000e-01, 4.077035e+04, -8.750000e-01, 7.996258e+04
3.325629e+00, 1.250000e-01, 3.357936e+04, -8.750000e-01, 6.615593e+04
7.827159e+00, 1.250000e-01, 3.460447e+04, -8.750000e-01, 6.808530e+04
8.503614e+00, 1.250000e-01, 3.431428e+04, -8.750000e-01, 6.738639e+04
6.505896e+00, 1.250000e-01, 3.956424e+04, -8.750000e-01, 7.765893e+04
3.854310e+00, 1.250000e-01, 3.891790e+04, -8.750000e-01, 7.649073e+04
3.314011e+00, 1.250000e-01, 3.339797e+04, -8.750000e-01, 6.602801e+04
4.861327e+00, 1.250000e-01, 4.065014e+04, -8.750000e-01, 7.977560e+04
