1.599911e+14, 1.000000e+00, 1.615444e+18, 0.000000e+00, 3.168141e+18
1.614261e+14, 1.000000e+00, 1.629933e+18, 0.000000e+00, 3.196556e+18
1.568492e+14, 1.000000e+00, 1.583720e+18, 0.000000e+00, 3.105925e+18
1.583843e+14, 1.000000e+00, 1.599220e+18, 0.000000e+00, 3.136324e+18
1.611899e+14, 1.000000e+00, 1.627548e+18, 0.000000e+00, 3.191879e+18
1.573867e+14, 1.000000e+00, 1.589147e+18, 0.000000e+00, 3.116569e+18
1.586690e+14, 1.000000e+00, 1.602095e+18, 0.000000e+00, 3.141961e+18
1.527674e+14, 1.000000e+00, 1.542506e+18, 0.000000e+00, 3.025098e+18
1.558169e+14, 1.000000e+00, 1.573297e+18, 0.000000e+00, 3.085484e+18
1.540083e+14, 1.000000e+00, 1.555035e+18, 0.000000e+00, 3.049669e+18
1.388500e+14, 1.000000e+00, 1.401980e+18, 0.000000e+00, 2.749504e+18
1.542381e+14, 1.000000e+00, 1.557355e+18, 0.000000e+00, 3.054219e+18
1.508267e+14, 1.000000e+00, 1.522910e+18, 0.000000e+00, 2.986667e+18
1.487810e+14, 1.000000e+00, 1.502254e+18, 0.000000e+00, 2.946157e+18
1.479943e+14, 1.000000e+00, 1.494311e+18, 0.000000e+00, 2.930580e+18
1.451359e+14, 1.000000e+00, 1.465450e+18, 0.000000e+00, 2.873979e+18
1.476402e+14, 1.000000e+00, 1.490736e+18, 0.000000e+00, 2.923568e+18
1.393986e+14, 1.000000e+00, 1.407520e+18, 0.000000e+00, 2.760368e+18
1.374798e+14, 1.000000e+00, 1.388146e+18, 0.000000e+00, 2.722372e+18
1.343006e+14, 1.000000e+00, 1.356044e+18, 0.000000e+00, 2.659417e+18
1.301013e+14, 1.000000e+00, 1.313645e+18, 0.000000e+00, 2.576264e+18
1.323671e+14, 1.000000e+00, 1.336523e+18, 0.000000e+00, 2.621132e+18
1.335702e+14, 1.000000e+00, 1.348670e+18, 0.000000e+00, 2.644954e+18
1.260428e+14, 1.000000e+00, 1.272665e+18, 0.000000e+00, 2.495896e+18
1.278055e+14, 1.000000e+00, 1.290463e+18, 0.000000e+00, 2.530802e+18
1.315829e+14, 1.000000e+00, 1.328604e+18, 0.000000e+00, 2.605602e+18
1.302246e+14, 1.000000e+00, 1.314890e+18, 0.000000e+00, 2.578706e+18
1.272843e+14, 1.000000e+00, 1.285200e+18, 0.000000e+00, 2.520480e+18
1.261578e+14, 1.000000e+00, 1.273826e+18, 0.000000e+00, 2.498173e+18
1.282498e+14, 1.000000e+00, 1.294950e+18, 0.000000e+00, 2.539601e+18
1.317514e+14, 1.000000e+00, 1.330305e+18, 0.000000e+00, 2.608938e+18
1.217614e+14, 1.000000e+00, 1.229436e+18, 0.000000e+00, 2.411117e+18
1.203079e+14, 1.000000e+00, 1.214759e+18, 0.000000e+00, 2.382334e+18
1.153364e+14, 1.000000e+00, 1.164562e+18, 0.000000e+00, 2.283889e+18
1.190532e+14, 1.000000e+00, 1.202090e+18, 0.000000e+00, 2.357489e+18
1.185281e+14, 1.000000e+00, 1.196788e+18, 0.000000e+00, 2.347091e+18
1.229512e+14, 1.000000e+00, 1.241449e+18, 0.000000e+00, 2.434677e+18
1.200822e+14, 1.000000e+00, 1.212481e+18, 0.000000e+00, 2.377866e+18
1.248131e+14, 1.000000e+00, 1.260248e+18, 0.000000e+00, 2.471546e+18
1.210613e+14, 1.000000e+00, 1.222367e+18, 0.000000e+00, 2.397254e+18
1.214335e+14, 1.000000e+00, 1.226125e+18, 0.000000e+00, 2.404624e+18
1.081726e+14, 1.000000e+00, 1.092228e+18, 0.000000e+00, 2.142032e+18
1.043575e+14, 1.000000e+00, 1.053707e+18, 0.000000e+00, 2.066486e+18
1.029097e+14, 1.000000e+00, 1.039088e+18, 0.000000e+00, 2.037815e+18
1.145764e+14, 1.000000e+00, 1.156888e+18, 0.000000e+00, 2.268839e+18
1.111125e+14, 1.000000e+00, 1.121912e+18, 0.000000e+00, 2.200247e+18
1.080706e+14, 1.000000e+00, 1.091198e+18, 0.000000e+00, 2.140011e+18
1.072377e+14, 1.000000e+00, 1.082788e+18, 0.000000e+00, 2.123519e+18
1.068496e+14, 1.000000e+00, 1.078870e+18, 0.000000e+00, 2.115834e+18
1.116187e+14, 1.000000e+00, 1.127024e+18, 0.000000e+00, 2.210272e+18
1.125229e+14, 1.000000e+00, 1.136154e+18, 0.000000e+00, 2.228177e+18
1.055205e+14, 1.000000e+00, 1.065450e+18, 0.000000e+00, 2.089515e+18
1.054000e+14, 1.000000e+00, 1.064233e+18, 0.000000e+00, 2.087128e+18
9.882006e+13, 1.000000e+00, 9.977947e+17, 0.000000e+00, 1.956833e+18
9.948210e+13, 1.000000e+00, 1.004479e+18, 0.000000e+00, 1.969943e+18
9.549602e+13, 1.000000e+00, 9.642316e+17, 0.000000e+00, 1.891010e+18
1.041636e+14, 1.000000e+00, 1.051749e+18, 0.000000e+00, 2.062646e+18
9.506066e+13, 1.000000e+00, 9.598358e+17, 0.000000e+00, 1.882389e+18
1.204407e+14, 1.000000e+00, 1.216101e+18, 0.000000e+00, 2.384965e+18
1.264071e+14, 1.000000e+00, 1.276343e+18, 0.000000e+00, 2.503110e+18
9.494004e+13, 1.000000e+00, 9.586178e+17, 0.000000e+00, 1.880001e+18
1.584772e+14, 1.000000e+00, 1.600158e+18, 0.000000e+00, 3.138162e+18
1.578693e+14, 1.000000e+00, 1.594020e+18, 0.000000e+00, 3.126124e+18
1.578553e+14, 1.000000e+00, 1.593878e+18, 0.000000e+00, 3.125847e+18
1.559843e+14, 1.000000e+00, 1.574988e+18, 0.000000e+00, 3.088799e+18
1.426703e+14, 1.000000e+00, 1.440554e+18, 0.000000e+00, 2.825154e+18
1.376349e+14, 1.000000e+00, 1.389712e+18, 0.000000e+00, 2.725444e+18
1.286542e+14, 1.000000e+00, 1.299032e+18, 0.000000e+00, 2.547607e+18
1.428916e+14, 1.000000e+00, 1.442789e+18, 0.000000e+00, 2.829536e+18
1.397464e+14, 1.000000e+00, 1.411032e+18, 0.000000e+00, 2.767256e+18
1.389495e+14, 1.000000e+00, 1.402985e+18, 0.000000e+00, 2.751476e+18
1.405212e+14, 1.000000e+00, 1.418854e+18, 0.000000e+00, 2.782597e+18
1.390861e+14, 1.000000e+00, 1.404365e+18, 0.000000e+00, 2.754180e+18
1.278459e+14, 1.000000e+00, 1.290871e+18, 0.000000e+00, 2.531602e+18
1.189611e+14, 1.000000e+00, 1.201160e+18, 0.000000e+00, 2.355665e+18
1.221823e+14, 1.000000e+00, 1.233685e+18, 0.000000e+00, 2.419451e+18
1.341481e+14, 1.000000e+00, 1.354505e+18, 0.000000e+00, 2.656399e+18
1.308747e+14, 1.000000e+00, 1.321453e+18, 0.000000e+00, 2.591578e+18
1.127543e+14, 1.000000e+00, 1.138490e+18, 0.000000e+00, 2.232759e+18
1.067706e+14, 1.000000e+00, 1.078072e+18, 0.000000e+00, 2.114270e+18
1.183371e+14, 1.000000e+00, 1.194860e+18, 0.000000e+00, 2.343308e+18
1.205430e+14, 1.000000e+00, 1.217133e+18, 0.000000e+00, 2.386990e+18
9.842900e+13, 1.000000e+00, 9.938462e+17, 0.000000e+00, 1.949089e+18
1.207241e+14, 1.000000e+00, 1.218962e+18, 0.000000e+00, 2.390576e+18
1.191504e+14, 1.000000e+00, 1.203072e+18, 0.000000e+00, 2.359414e+18
1.176002e+14, 1.000000e+00, 1.187420e+18, 0.000000e+00, 2.328717e+18
1.150335e+14, 1.000000e+00, 1.161503e+18, 0.000000e+00, 2.277891e+18
1.186725e+14, 1.000000e+00, 1.198246e+18, 0.000000e+00, 2.349950e+18
1.071758e+14, 1.250000e-01, 1.082163e+18, -8.750000e-01, 2.122293e+18
1.155671e+14, 1.250000e-01, 1.166891e+18, -8.750000e-01, 2.288458e+18
1.023333e+14, 1.250000e-01, 1.033269e+18, -8.750000e-01, 2.026403e+18
1.011606e+14, 1.250000e-01, 1.021428e+18, -8.750000e-01, 2.003181e+18
1.158251e+14, 1.250000e-01, 1.169496e+18, -8.750000e-01, 2.293566e+18
9.706259e+13, 1.250000e-01, 9.800494e+17, -8.750000e-01, 1.922031e+18
9.940134e+13, 1.250000e-01, 1.003664e+18, -8.750000e-01, 1.968343e+18
9.921881e+13, 1.250000e-01, 1.001821e+18, -8.750000e-01, 1.964729e+18
1.127362e+14, 1.250000e-01, 1.138307e+18, -8.750000e-01, 2.232400e+18
1.110481e+14, 1.250000e-01, 1.121263e+18, -8.750000e-01, 2.198973e+18
9.628741e+13, 1.250000e-01, 9.722223e+17, -8.750000e-01, 1.906681e+18
1.155493e+14, 1.250000e-01, 1.166711e+18, -8.750000e-01, 2.288104e+18
