6.004211e+00, 1.000000e+00, 4.482548e+04, 0.000000e+00, 8.791154e+04
4.491331e+00, 1.000000e+00, 4.534962e+04, 0.000000e+00, 8.564799e+04
4.295281e+00, 1.000000e+00, 4.336998e+04, 0.000000e+00, 8.214556e+04
1.617955e+01, 1.000000e+00, 4.437020e+04, 0.000000e+00, 8.674457e+04
4.432648e+00, 1.000000e+00, 4.475683e+04, 0.000000e+00, 8.459961e+04
4.853353e+00, 1.000000e+00, 4.394363e+04, 0.000000e+00, 8.606427e+04
9.030592e+00, 1.000000e+00, 4.449343e+04, 0.000000e+00, 8.720469e+04
9.453118e+00, 1.000000e+00, 4.261963e+04, 0.000000e+00, 8.342654e+04
1.405430e+01, 1.000000e+00, 4.336953e+04, 0.000000e+00, 8.508047e+04
4.234233e+00, 1.000000e+00, 4.275366e+04, 0.000000e+00, 8.105494e+04
1.012908e+01, 1.000000e+00, 3.851013e+04, 0.000000e+00, 7.528530e+04
1.630736e+01, 1.000000e+00, 4.281029e+04, 0.000000e+00, 8.399437e+04
9.160404e+00, 1.000000e+00, 4.185538e+04, 0.000000e+00, 8.200562e+04
8.775613e+00, 1.000000e+00, 4.126795e+04, 0.000000e+00, 8.095419e+04
1.117441e+01, 1.000000e+00, 4.122438e+04, 0.000000e+00, 8.082508e+04
1.035866e+01, 1.000000e+00, 4.029694e+04, 0.000000e+00, 7.835061e+04
7.790052e+00, 1.000000e+00, 4.097344e+04, 0.000000e+00, 7.958948e+04
3.795438e+00, 1.000000e+00, 3.832323e+04, 0.000000e+00, 7.321589e+04
9.726946e+00, 1.000000e+00, 3.804812e+04, 0.000000e+00, 7.462901e+04
9.408103e+00, 1.000000e+00, 3.702570e+04, 0.000000e+00, 7.262728e+04
8.037628e+00, 1.000000e+00, 3.589362e+04, 0.000000e+00, 7.045630e+04
3.655894e+00, 1.000000e+00, 3.658669e+04, 0.000000e+00, 6.937501e+04
7.720187e+00, 1.000000e+00, 3.668494e+04, 0.000000e+00, 7.195312e+04
3.443728e+00, 1.000000e+00, 3.477196e+04, 0.000000e+00, 6.693261e+04
3.473047e+00, 1.000000e+00, 3.506795e+04, 0.000000e+00, 6.745638e+04
1.081851e+01, 1.000000e+00, 3.637121e+04, 0.000000e+00, 7.137646e+04
1.006162e+01, 1.000000e+00, 3.586429e+04, 0.000000e+00, 7.039041e+04
3.463625e+00, 1.000000e+00, 3.497275e+04, 0.000000e+00, 6.728806e+04
2.255877e+01, 1.000000e+00, 3.459792e+04, 0.000000e+00, 6.789117e+04
9.859942e+00, 1.000000e+00, 3.527042e+04, 0.000000e+00, 6.894377e+04
8.425462e+00, 1.000000e+00, 3.636508e+04, 0.000000e+00, 7.132547e+04
3.298395e+00, 1.000000e+00, 3.330437e+04, 0.000000e+00, 6.433625e+04
6.820260e+01, 1.000000e+00, 3.291659e+04, 0.000000e+00, 6.468361e+04
3.112975e+00, 1.000000e+00, 3.143120e+04, 0.000000e+00, 6.102373e+04
3.222652e+00, 1.000000e+00, 3.253966e+04, 0.000000e+00, 6.298310e+04
4.586951e+01, 1.000000e+00, 3.237896e+04, 0.000000e+00, 6.358481e+04
3.608820e+01, 1.000000e+00, 3.370930e+04, 0.000000e+00, 6.614804e+04
5.369868e+01, 1.000000e+00, 3.282591e+04, 0.000000e+00, 6.447701e+04
3.836641e+00, 1.000000e+00, 3.432580e+04, 0.000000e+00, 6.738352e+04
4.713080e+01, 1.000000e+00, 3.316804e+04, 0.000000e+00, 6.513509e+04
3.914592e+01, 1.000000e+00, 3.324765e+04, 0.000000e+00, 6.527545e+04
3.254098e+01, 1.000000e+00, 2.925004e+04, 0.000000e+00, 5.742096e+04
2.036969e+01, 1.000000e+00, 2.794583e+04, 0.000000e+00, 5.486257e+04
1.323778e+01, 1.000000e+00, 2.757979e+04, 0.000000e+00, 5.410650e+04
3.089443e+00, 1.000000e+00, 3.119468e+04, 0.000000e+00, 6.060333e+04
2.986195e+00, 1.000000e+00, 3.015223e+04, 0.000000e+00, 5.875881e+04
2.521869e+01, 1.000000e+00, 2.923180e+04, 0.000000e+00, 5.737067e+04
1.878597e+01, 1.000000e+00, 2.902854e+04, 0.000000e+00, 5.695925e+04
2.847717e+00, 1.000000e+00, 2.875375e+04, 0.000000e+00, 5.628490e+04
3.586694e+01, 1.000000e+00, 3.030339e+04, 0.000000e+00, 5.952217e+04
7.918530e+00, 1.000000e+00, 3.060676e+04, 0.000000e+00, 6.016723e+04
9.381948e+00, 1.000000e+00, 2.842477e+04, 0.000000e+00, 5.589837e+04
9.053925e+00, 1.000000e+00, 2.849363e+04, 0.000000e+00, 5.622081e+04
2.601252e+00, 1.000000e+00, 2.626586e+04, 0.000000e+00, 5.188181e+04
4.646969e+00, 1.000000e+00, 2.665818e+04, 0.000000e+00, 5.235024e+04
1.181949e+01, 1.000000e+00, 2.557293e+04, 0.000000e+00, 5.020279e+04
2.790924e+00, 1.000000e+00, 2.818041e+04, 0.000000e+00, 5.527029e+04
7.824213e+00, 1.000000e+00, 2.531486e+04, 0.000000e+00, 4.985254e+04
2.916044e+01, 1.000000e+00, 3.293557e+04, 0.000000e+00, 6.464351e+04
4.456750e+00, 1.000000e+00, 3.474458e+04, 0.000000e+00, 6.808636e+04
3.670539e+00, 1.000000e+00, 2.542084e+04, 0.000000e+00, 5.020626e+04
1.097542e+01, 1.000000e+00, 4.384543e+04, 0.000000e+00, 8.584917e+04
9.427469e+00, 1.000000e+00, 4.398353e+04, 0.000000e+00, 8.618226e+04
4.362616e+00, 1.000000e+00, 4.391667e+04, 0.000000e+00, 8.236093e+04
1.422384e+01, 1.000000e+00, 4.347720e+04, 0.000000e+00, 8.528445e+04
4.009414e+00, 1.000000e+00, 3.951291e+04, 0.000000e+00, 7.227924e+04
4.335074e+00, 1.000000e+00, 3.801111e+04, 0.000000e+00, 7.450340e+04
1.090418e+01, 1.000000e+00, 3.542626e+04, 0.000000e+00, 6.949200e+04
3.915990e+00, 1.000000e+00, 3.954031e+04, 0.000000e+00, 7.536955e+04
1.554076e+01, 1.000000e+00, 3.867941e+04, 0.000000e+00, 7.528284e+04
1.006869e+01, 1.000000e+00, 3.863749e+04, 0.000000e+00, 7.552612e+04
8.168461e+00, 1.000000e+00, 3.901981e+04, 0.000000e+00, 7.652995e+04
8.968177e+00, 1.000000e+00, 3.844627e+04, 0.000000e+00, 7.545313e+04
3.486122e+00, 1.000000e+00, 3.519896e+04, 0.000000e+00, 6.768998e+04
2.087699e+01, 1.000000e+00, 3.252256e+04, 0.000000e+00, 6.379301e+04
1.263406e+01, 1.000000e+00, 3.353796e+04, 0.000000e+00, 6.577259e+04
3.669373e+00, 1.000000e+00, 3.705013e+04, 0.000000e+00, 7.096374e+04
1.514873e+01, 1.000000e+00, 3.602202e+04, 0.000000e+00, 7.068505e+04
3.525916e+00, 1.000000e+00, 3.066758e+04, 0.000000e+00, 6.023666e+04
1.126949e+01, 1.000000e+00, 2.866976e+04, 0.000000e+00, 5.623983e+04
3.201979e+00, 1.000000e+00, 3.233088e+04, 0.000000e+00, 6.261378e+04
3.263692e+00, 1.000000e+00, 3.295421e+04, 0.000000e+00, 6.371627e+04
4.499280e+00, 1.000000e+00, 2.645968e+04, 0.000000e+00, 5.189495e+04
1.237567e+01, 1.000000e+00, 3.301020e+04, 0.000000e+00, 6.474260e+04
3.231357e+00, 1.000000e+00, 3.262729e+04, 0.000000e+00, 6.313861e+04
6.222079e+00, 1.000000e+00, 3.213439e+04, 0.000000e+00, 6.302656e+04
3.104107e+00, 1.000000e+00, 3.134272e+04, 0.000000e+00, 6.086529e+04
3.335875e+00, 1.000000e+00, 3.243214e+04, 0.000000e+00, 6.273929e+04
2.936690e+00, 1.250000e-01, 2.897595e+04, -8.750000e-01, 5.747456e+04
3.119794e+00, 1.250000e-01, 3.150097e+04, -8.750000e-01, 6.114662e+04
2.732014e+00, 1.250000e-01, 2.758722e+04, -8.750000e-01, 5.421895e+04
6.502734e+00, 1.250000e-01, 2.724496e+04, -8.750000e-01, 5.353327e+04
5.318202e+00, 1.250000e-01, 3.159381e+04, -8.750000e-01, 6.195702e+04
2.572125e+00, 1.250000e-01, 2.597100e+04, -8.750000e-01, 5.136255e+04
2.734028e+00, 1.250000e-01, 2.679251e+04, -8.750000e-01, 5.447718e+04
2.631825e+00, 1.250000e-01, 2.657487e+04, -8.750000e-01, 5.242908e+04
1.484568e+01, 1.250000e-01, 3.065894e+04, -8.750000e-01, 6.025906e+04
4.220084e+00, 1.250000e-01, 3.015311e+04, -8.750000e-01, 5.909859e+04
2.687052e+00, 1.250000e-01, 2.583672e+04, -8.750000e-01, 5.306771e+04
9.404614e+00, 1.250000e-01, 3.150327e+04, -8.750000e-01, 6.193073e+04
