4.167215e+12, 1.000000e+00, 4.207674e+16, 0.000000e+00, 8.251912e+16
4.204590e+12, 1.000000e+00, 4.245411e+16, 0.000000e+00, 8.325922e+16
4.085380e+12, 1.000000e+00, 4.125044e+16, 0.000000e+00, 8.089861e+16
4.125364e+12, 1.000000e+00, 4.165416e+16, 0.000000e+00, 8.169038e+16
4.198439e+12, 1.000000e+00, 4.239200e+16, 0.000000e+00, 8.313740e+16
4.099380e+12, 1.000000e+00, 4.139179e+16, 0.000000e+00, 8.117584e+16
4.132779e+12, 1.000000e+00, 4.172903e+16, 0.000000e+00, 8.183721e+16
3.979063e+12, 1.000000e+00, 4.017695e+16, 0.000000e+00, 7.879333e+16
4.058492e+12, 1.000000e+00, 4.097895e+16, 0.000000e+00, 8.036618e+16
4.011383e+12, 1.000000e+00, 4.050328e+16, 0.000000e+00, 7.943333e+16
3.616561e+12, 1.000000e+00, 3.651673e+16, 0.000000e+00, 7.161507e+16
4.017368e+12, 1.000000e+00, 4.056372e+16, 0.000000e+00, 7.955185e+16
3.928513e+12, 1.000000e+00, 3.966654e+16, 0.000000e+00, 7.779233e+16
3.875229e+12, 1.000000e+00, 3.912853e+16, 0.000000e+00, 7.673721e+16
3.854740e+12, 1.000000e+00, 3.892164e+16, 0.000000e+00, 7.633148e+16
3.780289e+12, 1.000000e+00, 3.816991e+16, 0.000000e+00, 7.485722e+16
3.845516e+12, 1.000000e+00, 3.882851e+16, 0.000000e+00, 7.614884e+16
3.630851e+12, 1.000000e+00, 3.666102e+16, 0.000000e+00, 7.189804e+16
3.580874e+12, 1.000000e+00, 3.615639e+16, 0.000000e+00, 7.090839e+16
3.498065e+12, 1.000000e+00, 3.532027e+16, 0.000000e+00, 6.926862e+16
3.388690e+12, 1.000000e+00, 3.421590e+16, 0.000000e+00, 6.710278e+16
3.447706e+12, 1.000000e+00, 3.481179e+16, 0.000000e+00, 6.827141e+16
3.479041e+12, 1.000000e+00, 3.512818e+16, 0.000000e+00, 6.889191e+16
3.282978e+12, 1.000000e+00, 3.314851e+16, 0.000000e+00, 6.500946e+16
3.328891e+12, 1.000000e+00, 3.361210e+16, 0.000000e+00, 6.591864e+16
3.427279e+12, 1.000000e+00, 3.460554e+16, 0.000000e+00, 6.786691e+16
3.391902e+12, 1.000000e+00, 3.424833e+16, 0.000000e+00, 6.716637e+16
3.315315e+12, 1.000000e+00, 3.347502e+16, 0.000000e+00, 6.564979e+16
3.285973e+12, 1.000000e+00, 3.317876e+16, 0.000000e+00, 6.506878e+16
3.340464e+12, 1.000000e+00, 3.372896e+16, 0.000000e+00, 6.614781e+16
3.431668e+12, 1.000000e+00, 3.464985e+16, 0.000000e+00, 6.795382e+16
3.171464e+12, 1.000000e+00, 3.202255e+16, 0.000000e+00, 6.280127e+16
3.133603e+12, 1.000000e+00, 3.164027e+16, 0.000000e+00, 6.205155e+16
3.004115e+12, 1.000000e+00, 3.033281e+16, 0.000000e+00, 5.948742e+16
3.100924e+12, 1.000000e+00, 3.131030e+16, 0.000000e+00, 6.140443e+16
3.087247e+12, 1.000000e+00, 3.117220e+16, 0.000000e+00, 6.113360e+16
3.202454e+12, 1.000000e+00, 3.233545e+16, 0.000000e+00, 6.341493e+16
3.127727e+12, 1.000000e+00, 3.158093e+16, 0.000000e+00, 6.193518e+16
3.250949e+12, 1.000000e+00, 3.282511e+16, 0.000000e+00, 6.437523e+16
3.153228e+12, 1.000000e+00, 3.183842e+16, 0.000000e+00, 6.244016e+16
3.162923e+12, 1.000000e+00, 3.193631e+16, 0.000000e+00, 6.263215e+16
2.817522e+12, 1.000000e+00, 2.844877e+16, 0.000000e+00, 5.579252e+16
2.718153e+12, 1.000000e+00, 2.744543e+16, 0.000000e+00, 5.382481e+16
2.680441e+12, 1.000000e+00, 2.706464e+16, 0.000000e+00, 5.307803e+16
2.984318e+12, 1.000000e+00, 3.013292e+16, 0.000000e+00, 5.909541e+16
2.894095e+12, 1.000000e+00, 2.922193e+16, 0.000000e+00, 5.730882e+16
2.814864e+12, 1.000000e+00, 2.842193e+16, 0.000000e+00, 5.573989e+16
2.793171e+12, 1.000000e+00, 2.820289e+16, 0.000000e+00, 5.531032e+16
2.783063e+12, 1.000000e+00, 2.810083e+16, 0.000000e+00, 5.511015e+16
2.907282e+12, 1.000000e+00, 2.935508e+16, 0.000000e+00, 5.756993e+16
2.930833e+12, 1.000000e+00, 2.959288e+16, 0.000000e+00, 5.803630e+16
2.748444e+12, 1.000000e+00, 2.775128e+16, 0.000000e+00, 5.442463e+16
2.745304e+12, 1.000000e+00, 2.771958e+16, 0.000000e+00, 5.436246e+16
2.573921e+12, 1.000000e+00, 2.598910e+16, 0.000000e+00, 5.096873e+16
2.591165e+12, 1.000000e+00, 2.616322e+16, 0.000000e+00, 5.131019e+16
2.487341e+12, 1.000000e+00, 2.511490e+16, 0.000000e+00, 4.925428e+16
2.713101e+12, 1.000000e+00, 2.739442e+16, 0.000000e+00, 5.372478e+16
2.476001e+12, 1.000000e+00, 2.500040e+16, 0.000000e+00, 4.902973e+16
3.137065e+12, 1.000000e+00, 3.167521e+16, 0.000000e+00, 6.212009e+16
3.292467e+12, 1.000000e+00, 3.324432e+16, 0.000000e+00, 6.519736e+16
2.472860e+12, 1.000000e+00, 2.496868e+16, 0.000000e+00, 4.896752e+16
4.127782e+12, 1.000000e+00, 4.167857e+16, 0.000000e+00, 8.173826e+16
4.111948e+12, 1.000000e+00, 4.151870e+16, 0.000000e+00, 8.142472e+16
4.111584e+12, 1.000000e+00, 4.151502e+16, 0.000000e+00, 8.141750e+16
4.062853e+12, 1.000000e+00, 4.102298e+16, 0.000000e+00, 8.045253e+16
3.716067e+12, 1.000000e+00, 3.752145e+16, 0.000000e+00, 7.358548e+16
3.584913e+12, 1.000000e+00, 3.619718e+16, 0.000000e+00, 7.098838e+16
3.350996e+12, 1.000000e+00, 3.383530e+16, 0.000000e+00, 6.635636e+16
3.721832e+12, 1.000000e+00, 3.757966e+16, 0.000000e+00, 7.369964e+16
3.639912e+12, 1.000000e+00, 3.675250e+16, 0.000000e+00, 7.207746e+16
3.619154e+12, 1.000000e+00, 3.654292e+16, 0.000000e+00, 7.166642e+16
3.660090e+12, 1.000000e+00, 3.695625e+16, 0.000000e+00, 7.247703e+16
3.622712e+12, 1.000000e+00, 3.657884e+16, 0.000000e+00, 7.173687e+16
3.329943e+12, 1.000000e+00, 3.362273e+16, 0.000000e+00, 6.593947e+16
3.098524e+12, 1.000000e+00, 3.128607e+16, 0.000000e+00, 6.135692e+16
3.182426e+12, 1.000000e+00, 3.213323e+16, 0.000000e+00, 6.301833e+16
3.494095e+12, 1.000000e+00, 3.528018e+16, 0.000000e+00, 6.919000e+16
3.408834e+12, 1.000000e+00, 3.441929e+16, 0.000000e+00, 6.750166e+16
2.936861e+12, 1.000000e+00, 2.965374e+16, 0.000000e+00, 5.815566e+16
2.781006e+12, 1.000000e+00, 2.808006e+16, 0.000000e+00, 5.506942e+16
3.082271e+12, 1.000000e+00, 3.112196e+16, 0.000000e+00, 6.103508e+16
3.139728e+12, 1.000000e+00, 3.170211e+16, 0.000000e+00, 6.217284e+16
2.563735e+12, 1.000000e+00, 2.588626e+16, 0.000000e+00, 5.076703e+16
3.144445e+12, 1.000000e+00, 3.174974e+16, 0.000000e+00, 6.226625e+16
3.103456e+12, 1.000000e+00, 3.133587e+16, 0.000000e+00, 6.145458e+16
3.063079e+12, 1.000000e+00, 3.092818e+16, 0.000000e+00, 6.065503e+16
2.996225e+12, 1.000000e+00, 3.025314e+16, 0.000000e+00, 5.933119e+16
3.091008e+12, 1.000000e+00, 3.121017e+16, 0.000000e+00, 6.120807e+16
2.791559e+12, 1.250000e-01, 2.818661e+16, -8.750000e-01, 5.527839e+16
3.010124e+12, 1.250000e-01, 3.039348e+16, -8.750000e-01, 5.960641e+16
2.665430e+12, 1.250000e-01, 2.691307e+16, -8.750000e-01, 5.278078e+16
2.634884e+12, 1.250000e-01, 2.660466e+16, -8.750000e-01, 5.217593e+16
3.016843e+12, 1.250000e-01, 3.046132e+16, -8.750000e-01, 5.973946e+16
2.528145e+12, 1.250000e-01, 2.552690e+16, -8.750000e-01, 5.006227e+16
2.589061e+12, 1.250000e-01, 2.614198e+16, -8.750000e-01, 5.126854e+16
2.584307e+12, 1.250000e-01, 2.609397e+16, -8.750000e-01, 5.117439e+16
2.936388e+12, 1.250000e-01, 2.964896e+16, -8.750000e-01, 5.814629e+16
2.892420e+12, 1.250000e-01, 2.920502e+16, -8.750000e-01, 5.727565e+16
2.507954e+12, 1.250000e-01, 2.532303e+16, -8.750000e-01, 4.966245e+16
3.009659e+12, 1.250000e-01, 3.038879e+16, -8.750000e-01, 5.959721e+16
