7.905981e+03, 1.000000e+00, 7.982738e+07, 0.000000e+00, 1.565541e+08
7.976892e+03, 1.000000e+00, 8.054337e+07, 0.000000e+00, 1.579582e+08
7.750718e+03, 1.000000e+00, 7.825968e+07, 0.000000e+00, 1.534796e+08
7.833572e+03, 1.000000e+00, 7.907108e+07, 0.000000e+00, 1.550709e+08
7.965220e+03, 1.000000e+00, 8.042552e+07, 0.000000e+00, 1.577271e+08
7.777279e+03, 1.000000e+00, 7.852786e+07, 0.000000e+00, 1.540055e+08
7.840646e+03, 1.000000e+00, 7.916769e+07, 0.000000e+00, 1.552603e+08
7.549007e+03, 1.000000e+00, 7.622298e+07, 0.000000e+00, 1.494853e+08
7.699705e+03, 1.000000e+00, 7.774459e+07, 0.000000e+00, 1.524694e+08
7.610327e+03, 1.000000e+00, 7.684213e+07, 0.000000e+00, 1.506995e+08
6.861245e+03, 1.000000e+00, 6.927859e+07, 0.000000e+00, 1.358662e+08
7.621682e+03, 1.000000e+00, 7.695678e+07, 0.000000e+00, 1.509244e+08
7.453100e+03, 1.000000e+00, 7.525460e+07, 0.000000e+00, 1.475861e+08
7.352007e+03, 1.000000e+00, 7.423385e+07, 0.000000e+00, 1.455843e+08
7.313133e+03, 1.000000e+00, 7.384134e+07, 0.000000e+00, 1.448145e+08
7.171881e+03, 1.000000e+00, 7.241510e+07, 0.000000e+00, 1.420174e+08
7.295634e+03, 1.000000e+00, 7.366465e+07, 0.000000e+00, 1.444680e+08
6.888357e+03, 1.000000e+00, 6.955234e+07, 0.000000e+00, 1.364031e+08
6.793536e+03, 1.000000e+00, 6.859493e+07, 0.000000e+00, 1.345255e+08
6.636427e+03, 1.000000e+00, 6.700858e+07, 0.000000e+00, 1.314144e+08
6.428914e+03, 1.000000e+00, 6.491330e+07, 0.000000e+00, 1.273052e+08
6.540883e+03, 1.000000e+00, 6.604386e+07, 0.000000e+00, 1.295224e+08
6.600334e+03, 1.000000e+00, 6.664415e+07, 0.000000e+00, 1.306997e+08
6.228350e+03, 1.000000e+00, 6.288819e+07, 0.000000e+00, 1.233337e+08
6.315459e+03, 1.000000e+00, 6.376774e+07, 0.000000e+00, 1.250586e+08
6.502127e+03, 1.000000e+00, 6.565254e+07, 0.000000e+00, 1.287550e+08
6.435007e+03, 1.000000e+00, 6.497482e+07, 0.000000e+00, 1.274259e+08
6.289701e+03, 1.000000e+00, 6.350766e+07, 0.000000e+00, 1.245485e+08
6.234033e+03, 1.000000e+00, 6.294557e+07, 0.000000e+00, 1.234462e+08
6.337417e+03, 1.000000e+00, 6.398945e+07, 0.000000e+00, 1.254934e+08
6.510454e+03, 1.000000e+00, 6.573662e+07, 0.000000e+00, 1.289199e+08
6.016778e+03, 1.000000e+00, 6.075194e+07, 0.000000e+00, 1.191441e+08
5.944947e+03, 1.000000e+00, 6.002665e+07, 0.000000e+00, 1.177217e+08
5.699273e+03, 1.000000e+00, 5.754605e+07, 0.000000e+00, 1.128569e+08
5.882945e+03, 1.000000e+00, 5.940061e+07, 0.000000e+00, 1.164940e+08
5.856996e+03, 1.000000e+00, 5.913860e+07, 0.000000e+00, 1.159801e+08
6.075574e+03, 1.000000e+00, 6.134560e+07, 0.000000e+00, 1.203084e+08
5.933797e+03, 1.000000e+00, 5.991407e+07, 0.000000e+00, 1.175009e+08
6.167582e+03, 1.000000e+00, 6.227461e+07, 0.000000e+00, 1.221303e+08
5.982180e+03, 1.000000e+00, 6.040260e+07, 0.000000e+00, 1.184590e+08
6.000575e+03, 1.000000e+00, 6.058832e+07, 0.000000e+00, 1.188233e+08
5.345258e+03, 1.000000e+00, 5.397153e+07, 0.000000e+00, 1.058467e+08
5.156728e+03, 1.000000e+00, 5.206793e+07, 0.000000e+00, 1.021134e+08
5.085178e+03, 1.000000e+00, 5.134548e+07, 0.000000e+00, 1.006966e+08
5.661713e+03, 1.000000e+00, 5.716681e+07, 0.000000e+00, 1.121131e+08
5.490537e+03, 1.000000e+00, 5.543843e+07, 0.000000e+00, 1.087235e+08
5.340215e+03, 1.000000e+00, 5.392062e+07, 0.000000e+00, 1.057468e+08
5.299057e+03, 1.000000e+00, 5.350504e+07, 0.000000e+00, 1.049318e+08
5.279879e+03, 1.000000e+00, 5.331139e+07, 0.000000e+00, 1.045520e+08
5.515555e+03, 1.000000e+00, 5.569104e+07, 0.000000e+00, 1.092189e+08
5.560238e+03, 1.000000e+00, 5.614221e+07, 0.000000e+00, 1.101037e+08
5.214197e+03, 1.000000e+00, 5.264820e+07, 0.000000e+00, 1.032514e+08
5.208241e+03, 1.000000e+00, 5.258806e+07, 0.000000e+00, 1.031335e+08
4.883081e+03, 1.000000e+00, 4.930490e+07, 0.000000e+00, 9.669468e+07
4.915798e+03, 1.000000e+00, 4.963524e+07, 0.000000e+00, 9.734253e+07
4.718817e+03, 1.000000e+00, 4.764630e+07, 0.000000e+00, 9.344191e+07
5.147144e+03, 1.000000e+00, 5.197116e+07, 0.000000e+00, 1.019236e+08
4.697302e+03, 1.000000e+00, 4.742907e+07, 0.000000e+00, 9.301589e+07
5.951514e+03, 1.000000e+00, 6.009295e+07, 0.000000e+00, 1.178518e+08
6.246352e+03, 1.000000e+00, 6.306996e+07, 0.000000e+00, 1.236901e+08
4.691342e+03, 1.000000e+00, 4.736889e+07, 0.000000e+00, 9.289785e+07
7.831166e+03, 1.000000e+00, 7.907196e+07, 0.000000e+00, 1.550726e+08
7.801125e+03, 1.000000e+00, 7.876864e+07, 0.000000e+00, 1.544777e+08
7.800434e+03, 1.000000e+00, 7.876166e+07, 0.000000e+00, 1.544640e+08
7.707978e+03, 1.000000e+00, 7.782812e+07, 0.000000e+00, 1.526332e+08
7.050033e+03, 1.000000e+00, 7.118480e+07, 0.000000e+00, 1.396046e+08
6.801200e+03, 1.000000e+00, 6.867231e+07, 0.000000e+00, 1.346772e+08
6.357398e+03, 1.000000e+00, 6.419120e+07, 0.000000e+00, 1.258891e+08
7.060971e+03, 1.000000e+00, 7.129524e+07, 0.000000e+00, 1.398212e+08
6.905547e+03, 1.000000e+00, 6.972591e+07, 0.000000e+00, 1.367435e+08
6.873015e+03, 1.000000e+00, 6.939743e+07, 0.000000e+00, 1.360993e+08
6.943831e+03, 1.000000e+00, 7.011247e+07, 0.000000e+00, 1.375016e+08
6.872915e+03, 1.000000e+00, 6.939642e+07, 0.000000e+00, 1.360973e+08
6.317455e+03, 1.000000e+00, 6.378789e+07, 0.000000e+00, 1.250981e+08
5.878393e+03, 1.000000e+00, 5.935464e+07, 0.000000e+00, 1.164038e+08
6.037575e+03, 1.000000e+00, 6.096192e+07, 0.000000e+00, 1.195559e+08
6.628894e+03, 1.000000e+00, 6.693252e+07, 0.000000e+00, 1.312652e+08
6.467131e+03, 1.000000e+00, 6.529919e+07, 0.000000e+00, 1.280620e+08
5.571674e+03, 1.000000e+00, 5.625768e+07, 0.000000e+00, 1.103302e+08
5.275976e+03, 1.000000e+00, 5.327199e+07, 0.000000e+00, 1.044748e+08
5.847556e+03, 1.000000e+00, 5.904329e+07, 0.000000e+00, 1.157932e+08
5.956567e+03, 1.000000e+00, 6.014398e+07, 0.000000e+00, 1.179518e+08
4.863756e+03, 1.000000e+00, 4.910977e+07, 0.000000e+00, 9.631201e+07
5.965517e+03, 1.000000e+00, 6.023435e+07, 0.000000e+00, 1.181291e+08
5.887750e+03, 1.000000e+00, 5.944912e+07, 0.000000e+00, 1.165891e+08
5.811144e+03, 1.000000e+00, 5.867562e+07, 0.000000e+00, 1.150721e+08
5.684304e+03, 1.000000e+00, 5.739491e+07, 0.000000e+00, 1.125605e+08
5.864131e+03, 1.000000e+00, 5.921065e+07, 0.000000e+00, 1.161214e+08
5.295998e+03, 1.250000e-01, 5.347415e+07, -8.750000e-01, 1.048712e+08
5.710673e+03, 1.250000e-01, 5.766117e+07, -8.750000e-01, 1.130826e+08
5.056697e+03, 1.250000e-01, 5.105791e+07, -8.750000e-01, 1.001326e+08
4.998745e+03, 1.250000e-01, 5.047277e+07, -8.750000e-01, 9.898506e+07
5.723421e+03, 1.250000e-01, 5.778988e+07, -8.750000e-01, 1.133351e+08
4.796232e+03, 1.250000e-01, 4.842797e+07, -8.750000e-01, 9.497489e+07
4.911807e+03, 1.250000e-01, 4.959494e+07, -8.750000e-01, 9.726350e+07
4.902786e+03, 1.250000e-01, 4.950386e+07, -8.750000e-01, 9.708488e+07
5.570776e+03, 1.250000e-01, 5.624862e+07, -8.750000e-01, 1.103124e+08
5.487359e+03, 1.250000e-01, 5.540634e+07, -8.750000e-01, 1.086606e+08
4.757925e+03, 1.250000e-01, 4.804118e+07, -8.750000e-01, 9.421633e+07
5.709791e+03, 1.250000e-01, 5.765226e+07, -8.750000e-01, 1.130652e+08
