4.607217e+02, 1.000000e+00, 4.651948e+06, 0.000000e+00, 9.112543e+06
4.644858e+02, 1.000000e+00, 4.689954e+06, 0.000000e+00, 9.186720e+06
4.513042e+02, 1.000000e+00, 4.556859e+06, 0.000000e+00, 8.926957e+06
4.617040e+02, 1.000000e+00, 4.603924e+06, 0.000000e+00, 9.025168e+06
4.638056e+02, 1.000000e+00, 4.683086e+06, 0.000000e+00, 9.173315e+06
4.528522e+02, 1.000000e+00, 4.572489e+06, 0.000000e+00, 8.957463e+06
4.570675e+02, 1.000000e+00, 4.614761e+06, 0.000000e+00, 8.271236e+06
4.395484e+02, 1.000000e+00, 4.438159e+06, 0.000000e+00, 8.695290e+06
4.483311e+02, 1.000000e+00, 4.526839e+06, 0.000000e+00, 8.868368e+06
4.431221e+02, 1.000000e+00, 4.474243e+06, 0.000000e+00, 8.765716e+06
3.994651e+02, 1.000000e+00, 4.033434e+06, 0.000000e+00, 7.905387e+06
4.437839e+02, 1.000000e+00, 4.480925e+06, 0.000000e+00, 8.778757e+06
4.339588e+02, 1.000000e+00, 4.381720e+06, 0.000000e+00, 8.585139e+06
4.280670e+02, 1.000000e+00, 4.322230e+06, 0.000000e+00, 8.469033e+06
4.258014e+02, 1.000000e+00, 4.299355e+06, 0.000000e+00, 8.424386e+06
4.175692e+02, 1.000000e+00, 4.216233e+06, 0.000000e+00, 8.262156e+06
4.247816e+02, 1.000000e+00, 4.289057e+06, 0.000000e+00, 8.404287e+06
4.010452e+02, 1.000000e+00, 4.049388e+06, 0.000000e+00, 7.936526e+06
3.960899e+02, 1.000000e+00, 3.999355e+06, 0.000000e+00, 7.838875e+06
3.863625e+02, 1.000000e+00, 3.901136e+06, 0.000000e+00, 7.647181e+06
3.742685e+02, 1.000000e+00, 3.779022e+06, 0.000000e+00, 7.408850e+06
3.807941e+02, 1.000000e+00, 3.844912e+06, 0.000000e+00, 7.537448e+06
3.842590e+02, 1.000000e+00, 3.879897e+06, 0.000000e+00, 7.605728e+06
3.625795e+02, 1.000000e+00, 3.660997e+06, 0.000000e+00, 7.178500e+06
3.716333e+02, 1.000000e+00, 3.714070e+06, 0.000000e+00, 7.283883e+06
3.840102e+02, 1.000000e+00, 3.827507e+06, 0.000000e+00, 7.506353e+06
3.746236e+02, 1.000000e+00, 3.782607e+06, 0.000000e+00, 7.415848e+06
3.661551e+02, 1.000000e+00, 3.697100e+06, 0.000000e+00, 7.248963e+06
3.629107e+02, 1.000000e+00, 3.664341e+06, 0.000000e+00, 7.185027e+06
3.689360e+02, 1.000000e+00, 3.725179e+06, 0.000000e+00, 7.303765e+06
3.790207e+02, 1.000000e+00, 3.827006e+06, 0.000000e+00, 7.502500e+06
3.502490e+02, 1.000000e+00, 3.536494e+06, 0.000000e+00, 6.935508e+06
3.460626e+02, 1.000000e+00, 3.494224e+06, 0.000000e+00, 6.853009e+06
3.317445e+02, 1.000000e+00, 3.349653e+06, 0.000000e+00, 6.570850e+06
3.424494e+02, 1.000000e+00, 3.457741e+06, 0.000000e+00, 6.781805e+06
3.409367e+02, 1.000000e+00, 3.442468e+06, 0.000000e+00, 6.751997e+06
3.536756e+02, 1.000000e+00, 3.571093e+06, 0.000000e+00, 7.003036e+06
3.454128e+02, 1.000000e+00, 3.487663e+06, 0.000000e+00, 6.840204e+06
3.590379e+02, 1.000000e+00, 3.625237e+06, 0.000000e+00, 7.108708e+06
3.482326e+02, 1.000000e+00, 3.516134e+06, 0.000000e+00, 6.895772e+06
3.493046e+02, 1.000000e+00, 3.526959e+06, 0.000000e+00, 6.916898e+06
3.109962e+02, 1.000000e+00, 3.140156e+06, 0.000000e+00, 6.161974e+06
3.001246e+02, 1.000000e+00, 3.030384e+06, 0.000000e+00, 5.947731e+06
2.959546e+02, 1.000000e+00, 2.988279e+06, 0.000000e+00, 5.865555e+06
3.295546e+02, 1.000000e+00, 3.327541e+06, 0.000000e+00, 6.527695e+06
3.259710e+02, 1.000000e+00, 3.224817e+06, 0.000000e+00, 6.324387e+06
3.127072e+02, 1.000000e+00, 3.138045e+06, 0.000000e+00, 6.154204e+06
3.082640e+02, 1.000000e+00, 3.112647e+06, 0.000000e+00, 6.108131e+06
3.071505e+02, 1.000000e+00, 3.101325e+06, 0.000000e+00, 6.086187e+06
3.210373e+02, 1.000000e+00, 3.241541e+06, 0.000000e+00, 6.359848e+06
3.236415e+02, 1.000000e+00, 3.267836e+06, 0.000000e+00, 6.411167e+06
3.031409e+02, 1.000000e+00, 3.060906e+06, 0.000000e+00, 6.007173e+06
3.031268e+02, 1.000000e+00, 3.060697e+06, 0.000000e+00, 6.006894e+06
2.832122e+02, 1.000000e+00, 2.858980e+06, 0.000000e+00, 6.152279e+06
2.882745e+02, 1.000000e+00, 2.888633e+06, 0.000000e+00, 5.665093e+06
2.746028e+02, 1.000000e+00, 2.772688e+06, 0.000000e+00, 5.444785e+06
2.995660e+02, 1.000000e+00, 3.024744e+06, 0.000000e+00, 5.936724e+06
2.733489e+02, 1.000000e+00, 2.760027e+06, 0.000000e+00, 5.420076e+06
3.464453e+02, 1.000000e+00, 3.498088e+06, 0.000000e+00, 6.860551e+06
3.636287e+02, 1.000000e+00, 3.671591e+06, 0.000000e+00, 7.199177e+06
2.730015e+02, 1.000000e+00, 2.756520e+06, 0.000000e+00, 5.413230e+06
4.559940e+02, 1.000000e+00, 4.604212e+06, 0.000000e+00, 9.019376e+06
4.541366e+02, 1.000000e+00, 4.585457e+06, 0.000000e+00, 8.982773e+06
4.542017e+02, 1.000000e+00, 4.586115e+06, 0.000000e+00, 8.984056e+06
4.488133e+02, 1.000000e+00, 4.531708e+06, 0.000000e+00, 8.877869e+06
4.104678e+02, 1.000000e+00, 4.144529e+06, 0.000000e+00, 8.122213e+06
3.959656e+02, 1.000000e+00, 3.998100e+06, 0.000000e+00, 7.836426e+06
3.701005e+02, 1.000000e+00, 3.736937e+06, 0.000000e+00, 7.326714e+06
4.111053e+02, 1.000000e+00, 4.150966e+06, 0.000000e+00, 8.134775e+06
4.020470e+02, 1.000000e+00, 4.059504e+06, 0.000000e+00, 7.956269e+06
4.001126e+02, 1.000000e+00, 4.039973e+06, 0.000000e+00, 7.918149e+06
4.042783e+02, 1.000000e+00, 4.082033e+06, 0.000000e+00, 8.000238e+06
4.001452e+02, 1.000000e+00, 4.040301e+06, 0.000000e+00, 7.918791e+06
3.677726e+02, 1.000000e+00, 3.713432e+06, 0.000000e+00, 7.280839e+06
3.421837e+02, 1.000000e+00, 3.455059e+06, 0.000000e+00, 6.776571e+06
3.514610e+02, 1.000000e+00, 3.548732e+06, 0.000000e+00, 6.959394e+06
3.859235e+02, 1.000000e+00, 3.896703e+06, 0.000000e+00, 7.638530e+06
3.764958e+02, 1.000000e+00, 3.801511e+06, 0.000000e+00, 7.452743e+06
3.299280e+02, 1.000000e+00, 3.273672e+06, 0.000000e+00, 6.424061e+06
3.070745e+02, 1.000000e+00, 3.100557e+06, 0.000000e+00, 6.084689e+06
3.403866e+02, 1.000000e+00, 3.436913e+06, 0.000000e+00, 6.741155e+06
3.467398e+02, 1.000000e+00, 3.501062e+06, 0.000000e+00, 6.866355e+06
2.830500e+02, 1.000000e+00, 2.857980e+06, 0.000000e+00, 5.611250e+06
3.472614e+02, 1.000000e+00, 3.506329e+06, 0.000000e+00, 6.876634e+06
3.427291e+02, 1.000000e+00, 3.460565e+06, 0.000000e+00, 6.787317e+06
3.382644e+02, 1.000000e+00, 3.415485e+06, 0.000000e+00, 6.699334e+06
3.308721e+02, 1.000000e+00, 3.340844e+06, 0.000000e+00, 6.553657e+06
3.413526e+02, 1.000000e+00, 3.446667e+06, 0.000000e+00, 6.760192e+06
3.082414e+02, 1.250000e-01, 3.112339e+06, -8.750000e-01, 6.107685e+06
3.323680e+02, 1.250000e-01, 3.355930e+06, -8.750000e-01, 6.583137e+06
2.942947e+02, 1.250000e-01, 2.971519e+06, -8.750000e-01, 5.832845e+06
2.909173e+02, 1.250000e-01, 2.937416e+06, -8.750000e-01, 5.766287e+06
3.331519e+02, 1.250000e-01, 3.363863e+06, -8.750000e-01, 6.598584e+06
2.791146e+02, 1.250000e-01, 2.818244e+06, -8.750000e-01, 5.533698e+06
2.854676e+02, 1.250000e-01, 2.882391e+06, -8.750000e-01, 5.658893e+06
2.853247e+02, 1.250000e-01, 2.880948e+06, -8.750000e-01, 5.656077e+06
3.242556e+02, 1.250000e-01, 3.274037e+06, -8.750000e-01, 6.423271e+06
3.193940e+02, 1.250000e-01, 3.224949e+06, -8.750000e-01, 6.327464e+06
2.768821e+02, 1.250000e-01, 2.795702e+06, -8.750000e-01, 5.489702e+06
3.323575e+02, 1.250000e-01, 3.355843e+06, -8.750000e-01, 6.582931e+06
