5.051433e+10, 1.000000e+00, 5.100476e+14, 0.000000e+00, 1.000284e+15
5.096738e+10, 1.000000e+00, 5.146221e+14, 0.000000e+00, 1.009255e+15
4.952233e+10, 1.000000e+00, 5.000313e+14, 0.000000e+00, 9.806402e+14
5.000701e+10, 1.000000e+00, 5.049252e+14, 0.000000e+00, 9.902379e+14
5.089281e+10, 1.000000e+00, 5.138691e+14, 0.000000e+00, 1.007778e+15
4.969203e+10, 1.000000e+00, 5.017448e+14, 0.000000e+00, 9.840007e+14
5.009689e+10, 1.000000e+00, 5.058327e+14, 0.000000e+00, 9.920177e+14
4.823358e+10, 1.000000e+00, 4.870186e+14, 0.000000e+00, 9.551203e+14
4.919640e+10, 1.000000e+00, 4.967403e+14, 0.000000e+00, 9.741862e+14
4.862535e+10, 1.000000e+00, 4.909744e+14, 0.000000e+00, 9.628783e+14
4.383938e+10, 1.000000e+00, 4.426501e+14, 0.000000e+00, 8.681066e+14
4.869790e+10, 1.000000e+00, 4.917070e+14, 0.000000e+00, 9.643149e+14
4.762081e+10, 1.000000e+00, 4.808315e+14, 0.000000e+00, 9.429864e+14
4.697492e+10, 1.000000e+00, 4.743098e+14, 0.000000e+00, 9.301964e+14
4.672655e+10, 1.000000e+00, 4.718020e+14, 0.000000e+00, 9.252782e+14
4.582407e+10, 1.000000e+00, 4.626896e+14, 0.000000e+00, 9.074073e+14
4.661474e+10, 1.000000e+00, 4.706731e+14, 0.000000e+00, 9.230642e+14
4.401260e+10, 1.000000e+00, 4.443991e+14, 0.000000e+00, 8.715367e+14
4.340678e+10, 1.000000e+00, 4.382821e+14, 0.000000e+00, 8.595403e+14
4.240299e+10, 1.000000e+00, 4.281467e+14, 0.000000e+00, 8.396632e+14
4.107717e+10, 1.000000e+00, 4.147597e+14, 0.000000e+00, 8.134093e+14
4.179255e+10, 1.000000e+00, 4.219830e+14, 0.000000e+00, 8.275753e+14
4.217239e+10, 1.000000e+00, 4.258183e+14, 0.000000e+00, 8.350968e+14
3.979574e+10, 1.000000e+00, 4.018211e+14, 0.000000e+00, 7.880345e+14
4.035229e+10, 1.000000e+00, 4.074406e+14, 0.000000e+00, 7.990553e+14
4.154494e+10, 1.000000e+00, 4.194828e+14, 0.000000e+00, 8.226720e+14
4.111610e+10, 1.000000e+00, 4.151528e+14, 0.000000e+00, 8.141801e+14
4.018772e+10, 1.000000e+00, 4.057789e+14, 0.000000e+00, 7.957964e+14
3.983205e+10, 1.000000e+00, 4.021877e+14, 0.000000e+00, 7.887535e+14
4.049258e+10, 1.000000e+00, 4.088571e+14, 0.000000e+00, 8.018333e+14
4.159814e+10, 1.000000e+00, 4.200200e+14, 0.000000e+00, 8.237255e+14
3.844399e+10, 1.000000e+00, 3.881723e+14, 0.000000e+00, 7.612671e+14
3.798505e+10, 1.000000e+00, 3.835383e+14, 0.000000e+00, 7.521791e+14
3.641540e+10, 1.000000e+00, 3.676895e+14, 0.000000e+00, 7.210971e+14
3.758891e+10, 1.000000e+00, 3.795385e+14, 0.000000e+00, 7.443348e+14
3.742312e+10, 1.000000e+00, 3.778645e+14, 0.000000e+00, 7.410519e+14
3.881964e+10, 1.000000e+00, 3.919653e+14, 0.000000e+00, 7.687057e+14
3.791381e+10, 1.000000e+00, 3.828190e+14, 0.000000e+00, 7.507685e+14
3.940749e+10, 1.000000e+00, 3.979008e+14, 0.000000e+00, 7.803463e+14
3.822294e+10, 1.000000e+00, 3.859403e+14, 0.000000e+00, 7.568898e+14
3.834046e+10, 1.000000e+00, 3.871269e+14, 0.000000e+00, 7.592170e+14
3.415356e+10, 1.000000e+00, 3.448515e+14, 0.000000e+00, 6.763082e+14
3.294902e+10, 1.000000e+00, 3.326891e+14, 0.000000e+00, 6.524559e+14
3.249188e+10, 1.000000e+00, 3.280733e+14, 0.000000e+00, 6.434035e+14
3.617543e+10, 1.000000e+00, 3.652665e+14, 0.000000e+00, 7.163452e+14
3.508177e+10, 1.000000e+00, 3.542237e+14, 0.000000e+00, 6.946885e+14
3.412134e+10, 1.000000e+00, 3.445262e+14, 0.000000e+00, 6.756702e+14
3.385838e+10, 1.000000e+00, 3.418710e+14, 0.000000e+00, 6.704630e+14
3.373585e+10, 1.000000e+00, 3.406338e+14, 0.000000e+00, 6.680366e+14
3.524161e+10, 1.000000e+00, 3.558376e+14, 0.000000e+00, 6.978537e+14
3.552710e+10, 1.000000e+00, 3.587202e+14, 0.000000e+00, 7.035069e+14
3.331620e+10, 1.000000e+00, 3.363966e+14, 0.000000e+00, 6.597268e+14
3.327815e+10, 1.000000e+00, 3.360123e+14, 0.000000e+00, 6.589732e+14
3.120066e+10, 1.000000e+00, 3.150358e+14, 0.000000e+00, 6.178349e+14
3.140969e+10, 1.000000e+00, 3.171464e+14, 0.000000e+00, 6.219741e+14
3.015116e+10, 1.000000e+00, 3.044388e+14, 0.000000e+00, 5.970526e+14
3.288779e+10, 1.000000e+00, 3.320709e+14, 0.000000e+00, 6.512433e+14
3.001370e+10, 1.000000e+00, 3.030509e+14, 0.000000e+00, 5.943307e+14
3.802700e+10, 1.000000e+00, 3.839619e+14, 0.000000e+00, 7.530099e+14
3.991076e+10, 1.000000e+00, 4.029824e+14, 0.000000e+00, 7.903121e+14
2.997561e+10, 1.000000e+00, 3.026664e+14, 0.000000e+00, 5.935765e+14
5.003632e+10, 1.000000e+00, 5.052211e+14, 0.000000e+00, 9.908182e+14
4.984439e+10, 1.000000e+00, 5.032831e+14, 0.000000e+00, 9.870176e+14
4.983997e+10, 1.000000e+00, 5.032385e+14, 0.000000e+00, 9.869301e+14
4.924926e+10, 1.000000e+00, 4.972741e+14, 0.000000e+00, 9.752329e+14
4.504557e+10, 1.000000e+00, 4.548291e+14, 0.000000e+00, 8.919916e+14
4.345575e+10, 1.000000e+00, 4.387765e+14, 0.000000e+00, 8.605099e+14
4.062025e+10, 1.000000e+00, 4.101462e+14, 0.000000e+00, 8.043613e+14
4.511546e+10, 1.000000e+00, 4.555347e+14, 0.000000e+00, 8.933754e+14
4.412243e+10, 1.000000e+00, 4.455081e+14, 0.000000e+00, 8.737116e+14
4.387082e+10, 1.000000e+00, 4.429675e+14, 0.000000e+00, 8.687291e+14
4.436703e+10, 1.000000e+00, 4.479778e+14, 0.000000e+00, 8.785551e+14
4.391394e+10, 1.000000e+00, 4.434029e+14, 0.000000e+00, 8.695831e+14
4.036505e+10, 1.000000e+00, 4.075694e+14, 0.000000e+00, 7.993078e+14
3.755982e+10, 1.000000e+00, 3.792448e+14, 0.000000e+00, 7.437589e+14
3.857686e+10, 1.000000e+00, 3.895139e+14, 0.000000e+00, 7.638982e+14
4.235487e+10, 1.000000e+00, 4.276608e+14, 0.000000e+00, 8.387102e+14
4.132134e+10, 1.000000e+00, 4.172252e+14, 0.000000e+00, 8.182444e+14
3.560016e+10, 1.000000e+00, 3.594579e+14, 0.000000e+00, 7.049537e+14
3.371091e+10, 1.000000e+00, 3.403820e+14, 0.000000e+00, 6.675429e+14
3.736281e+10, 1.000000e+00, 3.772555e+14, 0.000000e+00, 7.398576e+14
3.805929e+10, 1.000000e+00, 3.842880e+14, 0.000000e+00, 7.536493e+14
3.107719e+10, 1.000000e+00, 3.137891e+14, 0.000000e+00, 6.153899e+14
3.811647e+10, 1.000000e+00, 3.848653e+14, 0.000000e+00, 7.547816e+14
3.761961e+10, 1.000000e+00, 3.798484e+14, 0.000000e+00, 7.449427e+14
3.713016e+10, 1.000000e+00, 3.749065e+14, 0.000000e+00, 7.352507e+14
3.631977e+10, 1.000000e+00, 3.667238e+14, 0.000000e+00, 7.192033e+14
3.746871e+10, 1.000000e+00, 3.783248e+14, 0.000000e+00, 7.419546e+14
3.383884e+10, 1.250000e-01, 3.416737e+14, -8.750000e-01, 6.700760e+14
3.648825e+10, 1.250000e-01, 3.684250e+14, -8.750000e-01, 7.225395e+14
3.230992e+10, 1.250000e-01, 3.262360e+14, -8.750000e-01, 6.398003e+14
3.193965e+10, 1.250000e-01, 3.224975e+14, -8.750000e-01, 6.324684e+14
3.656969e+10, 1.250000e-01, 3.692473e+14, -8.750000e-01, 7.241523e+14
3.064577e+10, 1.250000e-01, 3.094330e+14, -8.750000e-01, 6.068470e+14
3.138419e+10, 1.250000e-01, 3.168889e+14, -8.750000e-01, 6.214691e+14
3.132656e+10, 1.250000e-01, 3.163070e+14, -8.750000e-01, 6.203279e+14
3.559443e+10, 1.250000e-01, 3.594000e+14, -8.750000e-01, 7.048401e+14
3.506146e+10, 1.250000e-01, 3.540186e+14, -8.750000e-01, 6.942864e+14
3.040102e+10, 1.250000e-01, 3.069618e+14, -8.750000e-01, 6.020004e+14
3.648261e+10, 1.250000e-01, 3.683681e+14, -8.750000e-01, 7.224279e+14
