5.406090e-02, 1.000000e+00, 5.484550e+02, 0.000000e+00, 1.066502e+03
2.837091e+02, 1.000000e+00, 5.177334e+02, 0.000000e+00, 1.576222e+03
9.875620e-02, 1.000000e+00, 5.365272e+02, 0.000000e+00, 9.968408e+02
5.069987e-02, 1.000000e+00, 5.144566e+02, 0.000000e+00, 1.000569e+03
2.882129e+02, 1.000000e+00, 5.217579e+02, 0.000000e+00, 1.593036e+03
2.833267e+02, 1.000000e+00, 4.949114e+02, 0.000000e+00, 1.530705e+03
5.028796e-02, 1.000000e+00, 5.103315e+02, 0.000000e+00, 9.924889e+02
2.774908e-01, 1.000000e+00, 4.777410e+02, 0.000000e+00, 9.315678e+02
4.758828e+00, 1.000000e+00, 4.906379e+02, 0.000000e+00, 9.651851e+02
2.810911e+02, 1.000000e+00, 5.028861e+02, 0.000000e+00, 1.541769e+03
4.536335e-02, 1.000000e+00, 4.604888e+02, 0.000000e+00, 8.958840e+02
2.812352e+02, 1.000000e+00, 4.736739e+02, 0.000000e+00, 1.485062e+03
2.744713e+02, 1.000000e+00, 4.752583e+02, 0.000000e+00, 1.474623e+03
7.155056e+01, 1.000000e+00, 4.554828e+02, 0.000000e+00, 1.034623e+03
2.673076e+02, 1.000000e+00, 4.527990e+02, 0.000000e+00, 1.416385e+03
2.604397e+02, 1.000000e+00, 4.567475e+02, 0.000000e+00, 1.410527e+03
2.536125e+02, 1.000000e+00, 4.597324e+02, 0.000000e+00, 1.402860e+03
4.104093e-02, 1.000000e+00, 4.171030e+02, 0.000000e+00, 8.110922e+02
4.228835e-02, 1.000000e+00, 4.296103e+02, 0.000000e+00, 8.355305e+02
3.879425e-02, 1.000000e+00, 3.942970e+02, 0.000000e+00, 7.670197e+02
4.051555e-02, 1.000000e+00, 4.116009e+02, 0.000000e+00, 8.007860e+02
2.713369e+02, 1.000000e+00, 3.884074e+02, 0.000000e+00, 1.298077e+03
2.644297e+02, 1.000000e+00, 3.957135e+02, 0.000000e+00, 1.298726e+03
4.764401e-01, 1.000000e+00, 3.637206e+02, 0.000000e+00, 7.081924e+02
6.788719e+00, 1.000000e+00, 3.667243e+02, 0.000000e+00, 7.266848e+02
3.994071e-02, 1.000000e+00, 4.057113e+02, 0.000000e+00, 7.895095e+02
2.635191e+02, 1.000000e+00, 3.891294e+02, 0.000000e+00, 1.284011e+03
2.573127e+02, 1.000000e+00, 3.720577e+02, 0.000000e+00, 1.238195e+03
3.679310e-02, 1.000000e+00, 3.739872e+02, 0.000000e+00, 7.277636e+02
4.692835e+00, 1.000000e+00, 3.851599e+02, 0.000000e+00, 7.594264e+02
2.551019e+02, 1.000000e+00, 4.029785e+02, 0.000000e+00, 1.294504e+03
2.500097e+02, 1.000000e+00, 3.597397e+02, 0.000000e+00, 1.199616e+03
3.470317e+00, 1.000000e+00, 3.617151e+02, 0.000000e+00, 7.103490e+02
3.245691e-02, 1.000000e+00, 3.301357e+02, 0.000000e+00, 6.427016e+02
2.492098e+02, 1.000000e+00, 3.531119e+02, 0.000000e+00, 1.185034e+03
2.425598e+02, 1.000000e+00, 3.523040e+02, 0.000000e+00, 1.170279e+03
2.352320e+02, 1.000000e+00, 3.738276e+02, 0.000000e+00, 1.195820e+03
2.638906e+01, 1.000000e+00, 3.696672e+02, 0.000000e+00, 7.762182e+02
6.624987e-01, 1.000000e+00, 3.890410e+02, 0.000000e+00, 7.582593e+02
2.283520e+02, 1.000000e+00, 3.680869e+02, 0.000000e+00, 1.173095e+03
2.215718e+02, 1.000000e+00, 3.710999e+02, 0.000000e+00, 1.166520e+03
1.489416e+00, 1.000000e+00, 3.125116e+02, 0.000000e+00, 6.096855e+02
2.871667e-02, 1.000000e+00, 2.908377e+02, 0.000000e+00, 5.693303e+02
2.222789e+02, 1.000000e+00, 2.938057e+02, 0.000000e+00, 1.015382e+03
2.150017e+02, 1.000000e+00, 3.378282e+02, 0.000000e+00, 1.087309e+03
2.085270e+02, 1.000000e+00, 3.291958e+02, 0.000000e+00, 1.057555e+03
2.021081e+02, 1.000000e+00, 3.120269e+02, 0.000000e+00, 1.011117e+03
1.527462e+02, 1.000000e+00, 3.234054e+02, 0.000000e+00, 9.356165e+02
1.903093e+02, 1.000000e+00, 3.089510e+02, 0.000000e+00, 9.817690e+02
1.832074e+02, 1.000000e+00, 3.290481e+02, 0.000000e+00, 1.007119e+03
3.310364e-02, 1.000000e+00, 3.342912e+02, 0.000000e+00, 6.553884e+02
7.214590e+00, 1.000000e+00, 3.066903e+02, 0.000000e+00, 6.146865e+02
2.978650e-02, 1.000000e+00, 3.036854e+02, 0.000000e+00, 5.903168e+02
1.894078e+02, 1.000000e+00, 2.784976e+02, 0.000000e+00, 9.202061e+02
2.809810e-02, 1.000000e+00, 2.866427e+02, 0.000000e+00, 5.571960e+02
3.010167e+00, 1.000000e+00, 2.772144e+02, 0.000000e+00, 5.486080e+02
9.687958e-01, 1.000000e+00, 3.163247e+02, 0.000000e+00, 6.156410e+02
1.821630e+02, 1.000000e+00, 2.706032e+02, 0.000000e+00, 8.907279e+02
7.260035e-02, 1.000000e+00, 3.777888e+02, 0.000000e+00, 7.391624e+02
1.823469e+02, 1.000000e+00, 4.178865e+02, 0.000000e+00, 1.179209e+03
2.634296e-02, 1.000000e+00, 2.660016e+02, 0.000000e+00, 5.227658e+02
5.571944e-02, 1.000000e+00, 5.651537e+02, 0.000000e+00, 1.099037e+03
5.133245e+00, 1.000000e+00, 5.779726e+02, 0.000000e+00, 1.137728e+03
5.600833e-02, 1.000000e+00, 5.679377e+02, 0.000000e+00, 1.104704e+03
5.523703e-02, 1.000000e+00, 5.600990e+02, 0.000000e+00, 1.089574e+03
4.912762e-02, 1.000000e+00, 4.960813e+02, 0.000000e+00, 9.697267e+02
6.531314e+00, 1.000000e+00, 4.796797e+02, 0.000000e+00, 9.513356e+02
6.345607e+01, 1.000000e+00, 4.380317e+02, 0.000000e+00, 9.841159e+02
1.884363e+02, 1.000000e+00, 5.073833e+02, 0.000000e+00, 1.367232e+03
1.841190e+02, 1.000000e+00, 4.903492e+02, 0.000000e+00, 1.325273e+03
1.775265e+02, 1.000000e+00, 4.896747e+02, 0.000000e+00, 1.310893e+03
4.844325e-02, 1.000000e+00, 4.917712e+02, 0.000000e+00, 9.563018e+02
4.686550e-02, 1.000000e+00, 4.757917e+02, 0.000000e+00, 9.253513e+02
1.878907e+02, 1.000000e+00, 4.389513e+02, 0.000000e+00, 1.231938e+03
6.596116e+00, 1.000000e+00, 3.989779e+02, 0.000000e+00, 7.841469e+02
3.917954e-02, 1.000000e+00, 3.982463e+02, 0.000000e+00, 7.745778e+02
4.463112e-02, 1.000000e+00, 4.506755e+02, 0.000000e+00, 8.815201e+02
4.363578e-02, 1.000000e+00, 4.431025e+02, 0.000000e+00, 8.619947e+02
1.485495e+02, 1.000000e+00, 3.611184e+02, 0.000000e+00, 1.001376e+03
3.211072e-02, 1.000000e+00, 3.269020e+02, 0.000000e+00, 6.359106e+02
3.797804e-02, 1.000000e+00, 3.834772e+02, 0.000000e+00, 7.510083e+02
3.998539e-02, 1.000000e+00, 4.062389e+02, 0.000000e+00, 7.903861e+02
2.925646e-02, 1.000000e+00, 2.955463e+02, 0.000000e+00, 5.799192e+02
2.165002e+02, 1.000000e+00, 4.123847e+02, 0.000000e+00, 1.236493e+03
3.962462e-02, 1.000000e+00, 4.025843e+02, 0.000000e+00, 7.833088e+02
2.178517e+02, 1.000000e+00, 3.967033e+02, 0.000000e+00, 1.208414e+03
2.123162e+02, 1.000000e+00, 3.895967e+02, 0.000000e+00, 1.183513e+03
4.081708e-02, 1.000000e+00, 4.146522e+02, 0.000000e+00, 8.067011e+02
4.569943e-02, 1.250000e-01, 3.253049e+02, -8.750000e-01, 6.452604e+02
3.604379e-02, 1.250000e-01, 3.664687e+02, -8.750000e-01, 7.135367e+02
6.509857e+00, 1.250000e-01, 3.075694e+02, -8.750000e-01, 6.159817e+02
2.367905e+02, 1.250000e-01, 3.004542e+02, -8.750000e-01, 1.057142e+03
3.730416e-02, 1.250000e-01, 3.789704e+02, -8.750000e-01, 7.382611e+02
2.353851e+02, 1.250000e-01, 3.054009e+02, -8.750000e-01, 1.064355e+03
2.805354e-02, 1.250000e-01, 2.858913e+02, -8.750000e-01, 5.567941e+02
3.231767e+00, 1.250000e-01, 3.186258e+02, -8.750000e-01, 6.252679e+02
2.214717e+02, 1.250000e-01, 3.856469e+02, -8.750000e-01, 1.193918e+03
2.154285e+02, 1.250000e-01, 3.797259e+02, -8.750000e-01, 1.170264e+03
2.208273e+02, 1.250000e-01, 3.092992e+02, -8.750000e-01, 1.042876e+03
3.640134e-02, 1.250000e-01, 3.700924e+02, -8.750000e-01, 7.205508e+02
