2.918561e+05, 1.000000e+00, 2.946897e+09, 0.000000e+00, 5.779329e+09
2.944737e+05, 1.000000e+00, 2.973327e+09, 0.000000e+00, 5.831163e+09
2.861247e+05, 1.000000e+00, 2.889026e+09, 0.000000e+00, 5.665835e+09
2.889250e+05, 1.000000e+00, 2.917301e+09, 0.000000e+00, 5.721288e+09
2.940429e+05, 1.000000e+00, 2.968977e+09, 0.000000e+00, 5.822631e+09
2.871052e+05, 1.000000e+00, 2.898926e+09, 0.000000e+00, 5.685251e+09
2.894443e+05, 1.000000e+00, 2.922544e+09, 0.000000e+00, 5.731571e+09
2.786787e+05, 1.000000e+00, 2.813843e+09, 0.000000e+00, 5.518389e+09
2.842416e+05, 1.000000e+00, 2.870012e+09, 0.000000e+00, 5.628546e+09
2.809422e+05, 1.000000e+00, 2.836698e+09, 0.000000e+00, 5.563212e+09
2.532904e+05, 1.000000e+00, 2.557495e+09, 0.000000e+00, 5.015651e+09
2.813614e+05, 1.000000e+00, 2.840930e+09, 0.000000e+00, 5.571513e+09
2.751383e+05, 1.000000e+00, 2.778095e+09, 0.000000e+00, 5.448283e+09
2.714065e+05, 1.000000e+00, 2.740415e+09, 0.000000e+00, 5.374386e+09
2.699715e+05, 1.000000e+00, 2.725926e+09, 0.000000e+00, 5.345971e+09
2.647573e+05, 1.000000e+00, 2.673277e+09, 0.000000e+00, 5.242718e+09
2.693255e+05, 1.000000e+00, 2.719403e+09, 0.000000e+00, 5.333179e+09
2.542912e+05, 1.000000e+00, 2.567600e+09, 0.000000e+00, 5.035469e+09
2.507909e+05, 1.000000e+00, 2.532258e+09, 0.000000e+00, 4.966157e+09
2.449913e+05, 1.000000e+00, 2.473699e+09, 0.000000e+00, 4.851314e+09
2.373311e+05, 1.000000e+00, 2.396353e+09, 0.000000e+00, 4.699627e+09
2.414644e+05, 1.000000e+00, 2.438087e+09, 0.000000e+00, 4.781473e+09
2.436590e+05, 1.000000e+00, 2.460246e+09, 0.000000e+00, 4.824931e+09
2.299275e+05, 1.000000e+00, 2.321597e+09, 0.000000e+00, 4.553019e+09
2.331430e+05, 1.000000e+00, 2.354066e+09, 0.000000e+00, 4.616694e+09
2.400338e+05, 1.000000e+00, 2.423642e+09, 0.000000e+00, 4.753144e+09
2.375561e+05, 1.000000e+00, 2.398624e+09, 0.000000e+00, 4.704080e+09
2.321922e+05, 1.000000e+00, 2.344465e+09, 0.000000e+00, 4.597865e+09
2.301372e+05, 1.000000e+00, 2.323716e+09, 0.000000e+00, 4.557173e+09
2.339536e+05, 1.000000e+00, 2.362250e+09, 0.000000e+00, 4.632744e+09
2.403412e+05, 1.000000e+00, 2.426746e+09, 0.000000e+00, 4.759231e+09
2.221174e+05, 1.000000e+00, 2.242739e+09, 0.000000e+00, 4.398365e+09
2.194658e+05, 1.000000e+00, 2.215965e+09, 0.000000e+00, 4.345858e+09
2.103969e+05, 1.000000e+00, 2.124396e+09, 0.000000e+00, 4.166276e+09
2.171771e+05, 1.000000e+00, 2.192856e+09, 0.000000e+00, 4.300536e+09
2.162192e+05, 1.000000e+00, 2.183184e+09, 0.000000e+00, 4.281568e+09
2.242878e+05, 1.000000e+00, 2.264654e+09, 0.000000e+00, 4.441343e+09
2.190542e+05, 1.000000e+00, 2.211810e+09, 0.000000e+00, 4.337708e+09
2.276843e+05, 1.000000e+00, 2.298948e+09, 0.000000e+00, 4.508599e+09
2.208403e+05, 1.000000e+00, 2.229843e+09, 0.000000e+00, 4.373075e+09
2.215193e+05, 1.000000e+00, 2.236699e+09, 0.000000e+00, 4.386520e+09
1.973287e+05, 1.000000e+00, 1.992445e+09, 0.000000e+00, 3.907499e+09
1.903692e+05, 1.000000e+00, 1.922175e+09, 0.000000e+00, 3.769688e+09
1.877280e+05, 1.000000e+00, 1.895506e+09, 0.000000e+00, 3.717386e+09
2.090104e+05, 1.000000e+00, 2.110397e+09, 0.000000e+00, 4.138821e+09
2.026916e+05, 1.000000e+00, 2.046594e+09, 0.000000e+00, 4.013695e+09
1.971425e+05, 1.000000e+00, 1.990565e+09, 0.000000e+00, 3.903813e+09
1.956232e+05, 1.000000e+00, 1.975225e+09, 0.000000e+00, 3.873727e+09
1.949153e+05, 1.000000e+00, 1.968076e+09, 0.000000e+00, 3.859708e+09
2.036151e+05, 1.000000e+00, 2.055919e+09, 0.000000e+00, 4.031982e+09
2.052646e+05, 1.000000e+00, 2.072574e+09, 0.000000e+00, 4.064645e+09
1.924907e+05, 1.000000e+00, 1.943595e+09, 0.000000e+00, 3.811697e+09
1.922708e+05, 1.000000e+00, 1.941375e+09, 0.000000e+00, 3.807343e+09
1.802677e+05, 1.000000e+00, 1.820179e+09, 0.000000e+00, 3.569658e+09
1.814755e+05, 1.000000e+00, 1.832373e+09, 0.000000e+00, 3.593573e+09
1.742040e+05, 1.000000e+00, 1.758953e+09, 0.000000e+00, 3.449585e+09
1.900154e+05, 1.000000e+00, 1.918602e+09, 0.000000e+00, 3.762682e+09
1.734098e+05, 1.000000e+00, 1.750934e+09, 0.000000e+00, 3.433858e+09
2.197082e+05, 1.000000e+00, 2.218413e+09, 0.000000e+00, 4.350658e+09
2.305920e+05, 1.000000e+00, 2.328308e+09, 0.000000e+00, 4.566178e+09
1.731898e+05, 1.000000e+00, 1.748713e+09, 0.000000e+00, 3.429501e+09
2.890944e+05, 1.000000e+00, 2.919011e+09, 0.000000e+00, 5.724641e+09
2.879854e+05, 1.000000e+00, 2.907814e+09, 0.000000e+00, 5.702682e+09
2.879599e+05, 1.000000e+00, 2.907556e+09, 0.000000e+00, 5.702176e+09
2.845470e+05, 1.000000e+00, 2.873095e+09, 0.000000e+00, 5.634593e+09
2.602594e+05, 1.000000e+00, 2.627861e+09, 0.000000e+00, 5.153651e+09
2.510739e+05, 1.000000e+00, 2.535115e+09, 0.000000e+00, 4.971760e+09
2.346912e+05, 1.000000e+00, 2.369697e+09, 0.000000e+00, 4.647350e+09
2.606631e+05, 1.000000e+00, 2.631938e+09, 0.000000e+00, 5.161646e+09
2.549257e+05, 1.000000e+00, 2.574007e+09, 0.000000e+00, 5.048035e+09
2.534720e+05, 1.000000e+00, 2.559329e+09, 0.000000e+00, 5.019247e+09
2.563390e+05, 1.000000e+00, 2.588277e+09, 0.000000e+00, 5.076019e+09
2.537212e+05, 1.000000e+00, 2.561845e+09, 0.000000e+00, 5.024181e+09
2.332167e+05, 1.000000e+00, 2.354810e+09, 0.000000e+00, 4.618153e+09
2.170090e+05, 1.000000e+00, 2.191159e+09, 0.000000e+00, 4.297208e+09
2.228851e+05, 1.000000e+00, 2.250491e+09, 0.000000e+00, 4.413567e+09
2.447133e+05, 1.000000e+00, 2.470891e+09, 0.000000e+00, 4.845808e+09
2.387419e+05, 1.000000e+00, 2.410598e+09, 0.000000e+00, 4.727563e+09
2.056867e+05, 1.000000e+00, 2.076836e+09, 0.000000e+00, 4.073004e+09
1.947712e+05, 1.000000e+00, 1.966622e+09, 0.000000e+00, 3.856856e+09
2.158707e+05, 1.000000e+00, 2.179665e+09, 0.000000e+00, 4.274668e+09
2.198948e+05, 1.000000e+00, 2.220297e+09, 0.000000e+00, 4.354352e+09
1.795544e+05, 1.000000e+00, 1.812976e+09, 0.000000e+00, 3.555532e+09
2.202252e+05, 1.000000e+00, 2.223633e+09, 0.000000e+00, 4.360894e+09
2.173544e+05, 1.000000e+00, 2.194646e+09, 0.000000e+00, 4.304048e+09
2.145266e+05, 1.000000e+00, 2.166093e+09, 0.000000e+00, 4.248051e+09
2.098443e+05, 1.000000e+00, 2.118817e+09, 0.000000e+00, 4.155334e+09
2.164826e+05, 1.000000e+00, 2.185843e+09, 0.000000e+00, 4.286784e+09
1.955103e+05, 1.250000e-01, 1.974085e+09, -8.750000e-01, 3.871491e+09
2.108178e+05, 1.250000e-01, 2.128645e+09, -8.750000e-01, 4.174609e+09
1.866767e+05, 1.250000e-01, 1.884891e+09, -8.750000e-01, 3.696568e+09
1.845374e+05, 1.250000e-01, 1.863290e+09, -8.750000e-01, 3.654206e+09
2.112883e+05, 1.250000e-01, 2.133397e+09, -8.750000e-01, 4.183927e+09
1.770618e+05, 1.250000e-01, 1.787808e+09, -8.750000e-01, 3.506174e+09
1.813281e+05, 1.250000e-01, 1.830886e+09, -8.750000e-01, 3.590656e+09
1.809952e+05, 1.250000e-01, 1.827524e+09, -8.750000e-01, 3.584062e+09
2.056536e+05, 1.250000e-01, 2.076502e+09, -8.750000e-01, 4.072348e+09
2.025743e+05, 1.250000e-01, 2.045410e+09, -8.750000e-01, 4.011371e+09
1.756477e+05, 1.250000e-01, 1.773530e+09, -8.750000e-01, 3.478172e+09
2.107852e+05, 1.250000e-01, 2.128317e+09, -8.750000e-01, 4.173965e+09
