2.612358e+14, 1.000000e+00, 2.637721e+18, 0.000000e+00, 5.172986e+18
2.635788e+14, 1.000000e+00, 2.661378e+18, 0.000000e+00, 5.219382e+18
2.561057e+14, 1.000000e+00, 2.585921e+18, 0.000000e+00, 5.071400e+18
2.586122e+14, 1.000000e+00, 2.611230e+18, 0.000000e+00, 5.121034e+18
2.631931e+14, 1.000000e+00, 2.657484e+18, 0.000000e+00, 5.211745e+18
2.569833e+14, 1.000000e+00, 2.594783e+18, 0.000000e+00, 5.088778e+18
2.590770e+14, 1.000000e+00, 2.615923e+18, 0.000000e+00, 5.130238e+18
2.494409e+14, 1.000000e+00, 2.518626e+18, 0.000000e+00, 4.939423e+18
2.544201e+14, 1.000000e+00, 2.568902e+18, 0.000000e+00, 5.038022e+18
2.514669e+14, 1.000000e+00, 2.539084e+18, 0.000000e+00, 4.979543e+18
2.267162e+14, 1.000000e+00, 2.289173e+18, 0.000000e+00, 4.489430e+18
2.518421e+14, 1.000000e+00, 2.542872e+18, 0.000000e+00, 4.986973e+18
2.462719e+14, 1.000000e+00, 2.486629e+18, 0.000000e+00, 4.876672e+18
2.429317e+14, 1.000000e+00, 2.452902e+18, 0.000000e+00, 4.810528e+18
2.416472e+14, 1.000000e+00, 2.439933e+18, 0.000000e+00, 4.785094e+18
2.369801e+14, 1.000000e+00, 2.392808e+18, 0.000000e+00, 4.692674e+18
2.410690e+14, 1.000000e+00, 2.434095e+18, 0.000000e+00, 4.773644e+18
2.276120e+14, 1.000000e+00, 2.298218e+18, 0.000000e+00, 4.507169e+18
2.244790e+14, 1.000000e+00, 2.266584e+18, 0.000000e+00, 4.445129e+18
2.192879e+14, 1.000000e+00, 2.214169e+18, 0.000000e+00, 4.342334e+18
2.124314e+14, 1.000000e+00, 2.144938e+18, 0.000000e+00, 4.206562e+18
2.161310e+14, 1.000000e+00, 2.182293e+18, 0.000000e+00, 4.279821e+18
2.180953e+14, 1.000000e+00, 2.202127e+18, 0.000000e+00, 4.318719e+18
2.058044e+14, 1.000000e+00, 2.078025e+18, 0.000000e+00, 4.075335e+18
2.086827e+14, 1.000000e+00, 2.107087e+18, 0.000000e+00, 4.132330e+18
2.148504e+14, 1.000000e+00, 2.169364e+18, 0.000000e+00, 4.254464e+18
2.126327e+14, 1.000000e+00, 2.146971e+18, 0.000000e+00, 4.210548e+18
2.078316e+14, 1.000000e+00, 2.098493e+18, 0.000000e+00, 4.115477e+18
2.059922e+14, 1.000000e+00, 2.079921e+18, 0.000000e+00, 4.079054e+18
2.094082e+14, 1.000000e+00, 2.114412e+18, 0.000000e+00, 4.146696e+18
2.151256e+14, 1.000000e+00, 2.172142e+18, 0.000000e+00, 4.259912e+18
1.988138e+14, 1.000000e+00, 2.007440e+18, 0.000000e+00, 3.936907e+18
1.964404e+14, 1.000000e+00, 1.983476e+18, 0.000000e+00, 3.889909e+18
1.883230e+14, 1.000000e+00, 1.901513e+18, 0.000000e+00, 3.729168e+18
1.943918e+14, 1.000000e+00, 1.962790e+18, 0.000000e+00, 3.849342e+18
1.935344e+14, 1.000000e+00, 1.954133e+18, 0.000000e+00, 3.832364e+18
2.007565e+14, 1.000000e+00, 2.027056e+18, 0.000000e+00, 3.975376e+18
1.960720e+14, 1.000000e+00, 1.979756e+18, 0.000000e+00, 3.882614e+18
2.037966e+14, 1.000000e+00, 2.057752e+18, 0.000000e+00, 4.035576e+18
1.976706e+14, 1.000000e+00, 1.995898e+18, 0.000000e+00, 3.914270e+18
1.982784e+14, 1.000000e+00, 2.002034e+18, 0.000000e+00, 3.926305e+18
1.766258e+14, 1.000000e+00, 1.783406e+18, 0.000000e+00, 3.497541e+18
1.703965e+14, 1.000000e+00, 1.720508e+18, 0.000000e+00, 3.374188e+18
1.680324e+14, 1.000000e+00, 1.696637e+18, 0.000000e+00, 3.327374e+18
1.870819e+14, 1.000000e+00, 1.888983e+18, 0.000000e+00, 3.704593e+18
1.814260e+14, 1.000000e+00, 1.831874e+18, 0.000000e+00, 3.592595e+18
1.764592e+14, 1.000000e+00, 1.781724e+18, 0.000000e+00, 3.494241e+18
1.750993e+14, 1.000000e+00, 1.767993e+18, 0.000000e+00, 3.467312e+18
1.744656e+14, 1.000000e+00, 1.761594e+18, 0.000000e+00, 3.454764e+18
1.822527e+14, 1.000000e+00, 1.840221e+18, 0.000000e+00, 3.608963e+18
1.837291e+14, 1.000000e+00, 1.855128e+18, 0.000000e+00, 3.638199e+18
1.722954e+14, 1.000000e+00, 1.739681e+18, 0.000000e+00, 3.411790e+18
1.720986e+14, 1.000000e+00, 1.737694e+18, 0.000000e+00, 3.407892e+18
1.613548e+14, 1.000000e+00, 1.629214e+18, 0.000000e+00, 3.195145e+18
1.624358e+14, 1.000000e+00, 1.640129e+18, 0.000000e+00, 3.216551e+18
1.559273e+14, 1.000000e+00, 1.574411e+18, 0.000000e+00, 3.087669e+18
1.700798e+14, 1.000000e+00, 1.717311e+18, 0.000000e+00, 3.367917e+18
1.552164e+14, 1.000000e+00, 1.567234e+18, 0.000000e+00, 3.073592e+18
1.966574e+14, 1.000000e+00, 1.985667e+18, 0.000000e+00, 3.894205e+18
2.063993e+14, 1.000000e+00, 2.084031e+18, 0.000000e+00, 4.087114e+18
1.550195e+14, 1.000000e+00, 1.565245e+18, 0.000000e+00, 3.069692e+18
2.587638e+14, 1.000000e+00, 2.612760e+18, 0.000000e+00, 5.124035e+18
2.577712e+14, 1.000000e+00, 2.602738e+18, 0.000000e+00, 5.104380e+18
2.577484e+14, 1.000000e+00, 2.602508e+18, 0.000000e+00, 5.103928e+18
2.546935e+14, 1.000000e+00, 2.571662e+18, 0.000000e+00, 5.043435e+18
2.329540e+14, 1.000000e+00, 2.352157e+18, 0.000000e+00, 4.612951e+18
2.247322e+14, 1.000000e+00, 2.269141e+18, 0.000000e+00, 4.450143e+18
2.100684e+14, 1.000000e+00, 2.121079e+18, 0.000000e+00, 4.159770e+18
2.333154e+14, 1.000000e+00, 2.355806e+18, 0.000000e+00, 4.620108e+18
2.281800e+14, 1.000000e+00, 2.303953e+18, 0.000000e+00, 4.518416e+18
2.268788e+14, 1.000000e+00, 2.290815e+18, 0.000000e+00, 4.492649e+18
2.294450e+14, 1.000000e+00, 2.316726e+18, 0.000000e+00, 4.543465e+18
2.271018e+14, 1.000000e+00, 2.293067e+18, 0.000000e+00, 4.497065e+18
2.087486e+14, 1.000000e+00, 2.107753e+18, 0.000000e+00, 4.133636e+18
1.942413e+14, 1.000000e+00, 1.961272e+18, 0.000000e+00, 3.846363e+18
1.995010e+14, 1.000000e+00, 2.014379e+18, 0.000000e+00, 3.950514e+18
2.190390e+14, 1.000000e+00, 2.211656e+18, 0.000000e+00, 4.337406e+18
2.136941e+14, 1.000000e+00, 2.157688e+18, 0.000000e+00, 4.231567e+18
1.841069e+14, 1.000000e+00, 1.858943e+18, 0.000000e+00, 3.645681e+18
1.743366e+14, 1.000000e+00, 1.760292e+18, 0.000000e+00, 3.452211e+18
1.932225e+14, 1.000000e+00, 1.950984e+18, 0.000000e+00, 3.826187e+18
1.968243e+14, 1.000000e+00, 1.987353e+18, 0.000000e+00, 3.897512e+18
1.607163e+14, 1.000000e+00, 1.622766e+18, 0.000000e+00, 3.182501e+18
1.971201e+14, 1.000000e+00, 1.990338e+18, 0.000000e+00, 3.903368e+18
1.945505e+14, 1.000000e+00, 1.964393e+18, 0.000000e+00, 3.852485e+18
1.920193e+14, 1.000000e+00, 1.938836e+18, 0.000000e+00, 3.802363e+18
1.878284e+14, 1.000000e+00, 1.896519e+18, 0.000000e+00, 3.719373e+18
1.937701e+14, 1.000000e+00, 1.956514e+18, 0.000000e+00, 3.837032e+18
1.749982e+14, 1.250000e-01, 1.766972e+18, -8.750000e-01, 3.465311e+18
1.886997e+14, 1.250000e-01, 1.905317e+18, -8.750000e-01, 3.736627e+18
1.670913e+14, 1.250000e-01, 1.687136e+18, -8.750000e-01, 3.308740e+18
1.651765e+14, 1.250000e-01, 1.667802e+18, -8.750000e-01, 3.270822e+18
1.891208e+14, 1.250000e-01, 1.909570e+18, -8.750000e-01, 3.744967e+18
1.584852e+14, 1.250000e-01, 1.600239e+18, -8.750000e-01, 3.138321e+18
1.623039e+14, 1.250000e-01, 1.638797e+18, -8.750000e-01, 3.213939e+18
1.620059e+14, 1.250000e-01, 1.635788e+18, -8.750000e-01, 3.208038e+18
1.840773e+14, 1.250000e-01, 1.858644e+18, -8.750000e-01, 3.645094e+18
1.813210e+14, 1.250000e-01, 1.830814e+18, -8.750000e-01, 3.590515e+18
1.572195e+14, 1.250000e-01, 1.587459e+18, -8.750000e-01, 3.113257e+18
1.886705e+14, 1.250000e-01, 1.905023e+18, -8.750000e-01, 3.736050e+18
