1.294951e+11, 1.000000e+00, 1.307523e+15, 0.000000e+00, 2.564259e+15
1.306565e+11, 1.000000e+00, 1.319250e+15, 0.000000e+00, 2.587257e+15
1.269521e+11, 1.000000e+00, 1.281846e+15, 0.000000e+00, 2.513902e+15
1.281946e+11, 1.000000e+00, 1.294392e+15, 0.000000e+00, 2.538506e+15
1.304653e+11, 1.000000e+00, 1.317320e+15, 0.000000e+00, 2.583472e+15
1.273871e+11, 1.000000e+00, 1.286239e+15, 0.000000e+00, 2.522517e+15
1.284250e+11, 1.000000e+00, 1.296718e+15, 0.000000e+00, 2.543069e+15
1.236483e+11, 1.000000e+00, 1.248488e+15, 0.000000e+00, 2.448481e+15
1.261165e+11, 1.000000e+00, 1.273410e+15, 0.000000e+00, 2.497357e+15
1.246526e+11, 1.000000e+00, 1.258629e+15, 0.000000e+00, 2.468369e+15
1.123836e+11, 1.000000e+00, 1.134747e+15, 0.000000e+00, 2.225419e+15
1.248386e+11, 1.000000e+00, 1.260506e+15, 0.000000e+00, 2.472052e+15
1.220775e+11, 1.000000e+00, 1.232627e+15, 0.000000e+00, 2.417376e+15
1.204217e+11, 1.000000e+00, 1.215908e+15, 0.000000e+00, 2.384588e+15
1.197850e+11, 1.000000e+00, 1.209479e+15, 0.000000e+00, 2.371980e+15
1.174715e+11, 1.000000e+00, 1.186120e+15, 0.000000e+00, 2.326168e+15
1.194984e+11, 1.000000e+00, 1.206585e+15, 0.000000e+00, 2.366304e+15
1.128277e+11, 1.000000e+00, 1.139231e+15, 0.000000e+00, 2.234212e+15
1.112747e+11, 1.000000e+00, 1.123550e+15, 0.000000e+00, 2.203459e+15
1.087014e+11, 1.000000e+00, 1.097568e+15, 0.000000e+00, 2.152503e+15
1.053026e+11, 1.000000e+00, 1.063250e+15, 0.000000e+00, 2.085200e+15
1.071365e+11, 1.000000e+00, 1.081767e+15, 0.000000e+00, 2.121515e+15
1.081103e+11, 1.000000e+00, 1.091599e+15, 0.000000e+00, 2.140797e+15
1.020176e+11, 1.000000e+00, 1.030081e+15, 0.000000e+00, 2.020151e+15
1.034444e+11, 1.000000e+00, 1.044487e+15, 0.000000e+00, 2.048404e+15
1.065018e+11, 1.000000e+00, 1.075358e+15, 0.000000e+00, 2.108946e+15
1.054024e+11, 1.000000e+00, 1.064257e+15, 0.000000e+00, 2.087177e+15
1.030225e+11, 1.000000e+00, 1.040227e+15, 0.000000e+00, 2.040049e+15
1.021107e+11, 1.000000e+00, 1.031021e+15, 0.000000e+00, 2.021994e+15
1.038040e+11, 1.000000e+00, 1.048118e+15, 0.000000e+00, 2.055525e+15
1.066381e+11, 1.000000e+00, 1.076735e+15, 0.000000e+00, 2.111647e+15
9.855238e+10, 1.000000e+00, 9.950919e+14, 0.000000e+00, 1.951532e+15
9.737587e+10, 1.000000e+00, 9.832126e+14, 0.000000e+00, 1.928235e+15
9.335204e+10, 1.000000e+00, 9.425837e+14, 0.000000e+00, 1.848555e+15
9.636036e+10, 1.000000e+00, 9.729589e+14, 0.000000e+00, 1.908126e+15
9.593535e+10, 1.000000e+00, 9.686676e+14, 0.000000e+00, 1.899710e+15
9.951538e+10, 1.000000e+00, 1.004815e+15, 0.000000e+00, 1.970602e+15
9.719325e+10, 1.000000e+00, 9.813687e+14, 0.000000e+00, 1.924619e+15
1.010223e+11, 1.000000e+00, 1.020031e+15, 0.000000e+00, 2.000443e+15
9.798571e+10, 1.000000e+00, 9.893702e+14, 0.000000e+00, 1.940311e+15
9.828698e+10, 1.000000e+00, 9.924122e+14, 0.000000e+00, 1.946277e+15
8.755374e+10, 1.000000e+00, 8.840377e+14, 0.000000e+00, 1.733737e+15
8.446586e+10, 1.000000e+00, 8.528591e+14, 0.000000e+00, 1.672591e+15
8.329396e+10, 1.000000e+00, 8.410264e+14, 0.000000e+00, 1.649385e+15
9.273687e+10, 1.000000e+00, 9.363723e+14, 0.000000e+00, 1.836374e+15
8.993322e+10, 1.000000e+00, 9.080636e+14, 0.000000e+00, 1.780856e+15
8.747114e+10, 1.000000e+00, 8.832038e+14, 0.000000e+00, 1.732102e+15
8.679704e+10, 1.000000e+00, 8.763972e+14, 0.000000e+00, 1.718753e+15
8.648291e+10, 1.000000e+00, 8.732255e+14, 0.000000e+00, 1.712533e+15
9.034298e+10, 1.000000e+00, 9.122010e+14, 0.000000e+00, 1.788970e+15
9.107484e+10, 1.000000e+00, 9.195906e+14, 0.000000e+00, 1.803462e+15
8.540714e+10, 1.000000e+00, 8.623633e+14, 0.000000e+00, 1.691230e+15
8.530958e+10, 1.000000e+00, 8.613783e+14, 0.000000e+00, 1.689299e+15
7.998388e+10, 1.000000e+00, 8.076042e+14, 0.000000e+00, 1.583839e+15
8.051974e+10, 1.000000e+00, 8.130148e+14, 0.000000e+00, 1.594450e+15
7.729344e+10, 1.000000e+00, 7.804386e+14, 0.000000e+00, 1.530563e+15
8.430889e+10, 1.000000e+00, 8.512742e+14, 0.000000e+00, 1.669483e+15
7.694107e+10, 1.000000e+00, 7.768807e+14, 0.000000e+00, 1.523586e+15
9.748342e+10, 1.000000e+00, 9.842986e+14, 0.000000e+00, 1.930365e+15
1.023125e+11, 1.000000e+00, 1.033058e+15, 0.000000e+00, 2.025990e+15
7.684344e+10, 1.000000e+00, 7.758949e+14, 0.000000e+00, 1.521652e+15
1.282697e+11, 1.000000e+00, 1.295150e+15, 0.000000e+00, 2.539994e+15
1.277777e+11, 1.000000e+00, 1.290182e+15, 0.000000e+00, 2.530251e+15
1.277663e+11, 1.000000e+00, 1.290068e+15, 0.000000e+00, 2.530027e+15
1.262520e+11, 1.000000e+00, 1.274778e+15, 0.000000e+00, 2.500040e+15
1.154758e+11, 1.000000e+00, 1.165969e+15, 0.000000e+00, 2.286649e+15
1.114002e+11, 1.000000e+00, 1.124817e+15, 0.000000e+00, 2.205944e+15
1.041313e+11, 1.000000e+00, 1.051423e+15, 0.000000e+00, 2.062006e+15
1.156549e+11, 1.000000e+00, 1.167778e+15, 0.000000e+00, 2.290196e+15
1.131093e+11, 1.000000e+00, 1.142074e+15, 0.000000e+00, 2.239787e+15
1.124642e+11, 1.000000e+00, 1.135561e+15, 0.000000e+00, 2.227015e+15
1.137363e+11, 1.000000e+00, 1.148405e+15, 0.000000e+00, 2.252204e+15
1.125748e+11, 1.000000e+00, 1.136677e+15, 0.000000e+00, 2.229204e+15
1.034771e+11, 1.000000e+00, 1.044817e+15, 0.000000e+00, 2.049051e+15
9.628580e+10, 1.000000e+00, 9.722061e+14, 0.000000e+00, 1.906649e+15
9.889300e+10, 1.000000e+00, 9.985313e+14, 0.000000e+00, 1.958277e+15
1.085780e+11, 1.000000e+00, 1.096322e+15, 0.000000e+00, 2.150060e+15
1.059286e+11, 1.000000e+00, 1.069570e+15, 0.000000e+00, 2.097596e+15
9.126214e+10, 1.000000e+00, 9.214818e+14, 0.000000e+00, 1.807171e+15
8.641900e+10, 1.000000e+00, 8.725801e+14, 0.000000e+00, 1.711267e+15
9.578074e+10, 1.000000e+00, 9.671065e+14, 0.000000e+00, 1.896648e+15
9.756620e+10, 1.000000e+00, 9.851344e+14, 0.000000e+00, 1.932004e+15
7.966737e+10, 1.000000e+00, 8.044083e+14, 0.000000e+00, 1.577572e+15
9.771278e+10, 1.000000e+00, 9.866145e+14, 0.000000e+00, 1.934907e+15
9.643905e+10, 1.000000e+00, 9.737535e+14, 0.000000e+00, 1.909684e+15
9.518435e+10, 1.000000e+00, 9.610846e+14, 0.000000e+00, 1.884839e+15
9.310687e+10, 1.000000e+00, 9.401082e+14, 0.000000e+00, 1.843700e+15
9.605222e+10, 1.000000e+00, 9.698476e+14, 0.000000e+00, 1.902024e+15
8.674693e+10, 1.250000e-01, 8.758913e+14, -8.750000e-01, 1.717761e+15
9.353877e+10, 1.250000e-01, 9.444691e+14, -8.750000e-01, 1.852253e+15
8.282749e+10, 1.250000e-01, 8.363164e+14, -8.750000e-01, 1.640148e+15
8.187831e+10, 1.250000e-01, 8.267324e+14, -8.750000e-01, 1.621353e+15
9.374756e+10, 1.250000e-01, 9.465773e+14, -8.750000e-01, 1.856387e+15
7.856141e+10, 1.250000e-01, 7.932414e+14, -8.750000e-01, 1.555671e+15
8.045437e+10, 1.250000e-01, 8.123548e+14, -8.750000e-01, 1.593156e+15
8.030663e+10, 1.250000e-01, 8.108630e+14, -8.750000e-01, 1.590230e+15
9.124744e+10, 1.250000e-01, 9.213334e+14, -8.750000e-01, 1.806880e+15
8.988117e+10, 1.250000e-01, 9.075380e+14, -8.750000e-01, 1.779825e+15
7.793398e+10, 1.250000e-01, 7.869062e+14, -8.750000e-01, 1.543247e+15
9.352433e+10, 1.250000e-01, 9.443233e+14, -8.750000e-01, 1.851967e+15
