6.546231e+07, 1.000000e+00, 6.609786e+11, 0.000000e+00, 1.296283e+12
6.604943e+07, 1.000000e+00, 6.669068e+11, 0.000000e+00, 1.307909e+12
6.417676e+07, 1.000000e+00, 6.479984e+11, 0.000000e+00, 1.270827e+12
6.480487e+07, 1.000000e+00, 6.543404e+11, 0.000000e+00, 1.283265e+12
6.595279e+07, 1.000000e+00, 6.659311e+11, 0.000000e+00, 1.305996e+12
6.439668e+07, 1.000000e+00, 6.502189e+11, 0.000000e+00, 1.275182e+12
6.492135e+07, 1.000000e+00, 6.555165e+11, 0.000000e+00, 1.285571e+12
6.250664e+07, 1.000000e+00, 6.311350e+11, 0.000000e+00, 1.237755e+12
6.375439e+07, 1.000000e+00, 6.437336e+11, 0.000000e+00, 1.262463e+12
6.301436e+07, 1.000000e+00, 6.362614e+11, 0.000000e+00, 1.247809e+12
5.681214e+07, 1.000000e+00, 5.736371e+11, 0.000000e+00, 1.124993e+12
6.310837e+07, 1.000000e+00, 6.372107e+11, 0.000000e+00, 1.249671e+12
6.171256e+07, 1.000000e+00, 6.231170e+11, 0.000000e+00, 1.222031e+12
6.087553e+07, 1.000000e+00, 6.146655e+11, 0.000000e+00, 1.205456e+12
6.055367e+07, 1.000000e+00, 6.114156e+11, 0.000000e+00, 1.199082e+12
5.938413e+07, 1.000000e+00, 5.996067e+11, 0.000000e+00, 1.175923e+12
6.040877e+07, 1.000000e+00, 6.099526e+11, 0.000000e+00, 1.196213e+12
5.703662e+07, 1.000000e+00, 5.759037e+11, 0.000000e+00, 1.129438e+12
5.625153e+07, 1.000000e+00, 5.679766e+11, 0.000000e+00, 1.113892e+12
5.495070e+07, 1.000000e+00, 5.548420e+11, 0.000000e+00, 1.088133e+12
5.323254e+07, 1.000000e+00, 5.374936e+11, 0.000000e+00, 1.054110e+12
5.415962e+07, 1.000000e+00, 5.468544e+11, 0.000000e+00, 1.072468e+12
5.465186e+07, 1.000000e+00, 5.518246e+11, 0.000000e+00, 1.082215e+12
5.157192e+07, 1.000000e+00, 5.207262e+11, 0.000000e+00, 1.021226e+12
5.229317e+07, 1.000000e+00, 5.280087e+11, 0.000000e+00, 1.035508e+12
5.383873e+07, 1.000000e+00, 5.436144e+11, 0.000000e+00, 1.066114e+12
5.328299e+07, 1.000000e+00, 5.380030e+11, 0.000000e+00, 1.055109e+12
5.207989e+07, 1.000000e+00, 5.258552e+11, 0.000000e+00, 1.031285e+12
5.161898e+07, 1.000000e+00, 5.212013e+11, 0.000000e+00, 1.022158e+12
5.247497e+07, 1.000000e+00, 5.298443e+11, 0.000000e+00, 1.039108e+12
5.390768e+07, 1.000000e+00, 5.443105e+11, 0.000000e+00, 1.067479e+12
4.982016e+07, 1.000000e+00, 5.030385e+11, 0.000000e+00, 9.865379e+11
4.922541e+07, 1.000000e+00, 4.970333e+11, 0.000000e+00, 9.747607e+11
4.719129e+07, 1.000000e+00, 4.764946e+11, 0.000000e+00, 9.344810e+11
4.871205e+07, 1.000000e+00, 4.918498e+11, 0.000000e+00, 9.645951e+11
4.849720e+07, 1.000000e+00, 4.896805e+11, 0.000000e+00, 9.603407e+11
5.030698e+07, 1.000000e+00, 5.079539e+11, 0.000000e+00, 9.961778e+11
4.913310e+07, 1.000000e+00, 4.961012e+11, 0.000000e+00, 9.729327e+11
5.106878e+07, 1.000000e+00, 5.156459e+11, 0.000000e+00, 1.011263e+12
4.953370e+07, 1.000000e+00, 5.001461e+11, 0.000000e+00, 9.808653e+11
4.968600e+07, 1.000000e+00, 5.016839e+11, 0.000000e+00, 9.838812e+11
4.426014e+07, 1.000000e+00, 4.468984e+11, 0.000000e+00, 8.764383e+11
4.269915e+07, 1.000000e+00, 4.311371e+11, 0.000000e+00, 8.455278e+11
4.210673e+07, 1.000000e+00, 4.251554e+11, 0.000000e+00, 8.337967e+11
4.688031e+07, 1.000000e+00, 4.733546e+11, 0.000000e+00, 9.283230e+11
4.546301e+07, 1.000000e+00, 4.590440e+11, 0.000000e+00, 9.002576e+11
4.421838e+07, 1.000000e+00, 4.464768e+11, 0.000000e+00, 8.756115e+11
4.387761e+07, 1.000000e+00, 4.430360e+11, 0.000000e+00, 8.688635e+11
4.371881e+07, 1.000000e+00, 4.414326e+11, 0.000000e+00, 8.657190e+11
4.567015e+07, 1.000000e+00, 4.611355e+11, 0.000000e+00, 9.043595e+11
4.604012e+07, 1.000000e+00, 4.648711e+11, 0.000000e+00, 9.116855e+11
4.317499e+07, 1.000000e+00, 4.359416e+11, 0.000000e+00, 8.549502e+11
4.312567e+07, 1.000000e+00, 4.354436e+11, 0.000000e+00, 8.539736e+11
4.043342e+07, 1.000000e+00, 4.082598e+11, 0.000000e+00, 8.006619e+11
4.070431e+07, 1.000000e+00, 4.109949e+11, 0.000000e+00, 8.060259e+11
3.907335e+07, 1.000000e+00, 3.945271e+11, 0.000000e+00, 7.737298e+11
4.261980e+07, 1.000000e+00, 4.303358e+11, 0.000000e+00, 8.439564e+11
3.889522e+07, 1.000000e+00, 3.927284e+11, 0.000000e+00, 7.702024e+11
4.927979e+07, 1.000000e+00, 4.975823e+11, 0.000000e+00, 9.758373e+11
5.172098e+07, 1.000000e+00, 5.222312e+11, 0.000000e+00, 1.024178e+12
3.884587e+07, 1.000000e+00, 3.922301e+11, 0.000000e+00, 7.692251e+11
6.484285e+07, 1.000000e+00, 6.547239e+11, 0.000000e+00, 1.284017e+12
6.459412e+07, 1.000000e+00, 6.522125e+11, 0.000000e+00, 1.279092e+12
6.458840e+07, 1.000000e+00, 6.521547e+11, 0.000000e+00, 1.278978e+12
6.382289e+07, 1.000000e+00, 6.444252e+11, 0.000000e+00, 1.263820e+12
5.837526e+07, 1.000000e+00, 5.894201e+11, 0.000000e+00, 1.155946e+12
5.631499e+07, 1.000000e+00, 5.686173e+11, 0.000000e+00, 1.115148e+12
5.264041e+07, 1.000000e+00, 5.315148e+11, 0.000000e+00, 1.042384e+12
5.846582e+07, 1.000000e+00, 5.903345e+11, 0.000000e+00, 1.157739e+12
5.717895e+07, 1.000000e+00, 5.773408e+11, 0.000000e+00, 1.132256e+12
5.685288e+07, 1.000000e+00, 5.740485e+11, 0.000000e+00, 1.125800e+12
5.749593e+07, 1.000000e+00, 5.805414e+11, 0.000000e+00, 1.138533e+12
5.690877e+07, 1.000000e+00, 5.746128e+11, 0.000000e+00, 1.126906e+12
5.230969e+07, 1.000000e+00, 5.281755e+11, 0.000000e+00, 1.035836e+12
4.867436e+07, 1.000000e+00, 4.914693e+11, 0.000000e+00, 9.638488e+11
4.999236e+07, 1.000000e+00, 5.047772e+11, 0.000000e+00, 9.899476e+11
5.488833e+07, 1.000000e+00, 5.542123e+11, 0.000000e+00, 1.086898e+12
5.354897e+07, 1.000000e+00, 5.406887e+11, 0.000000e+00, 1.060376e+12
4.613480e+07, 1.000000e+00, 4.658271e+11, 0.000000e+00, 9.135605e+11
4.368650e+07, 1.000000e+00, 4.411064e+11, 0.000000e+00, 8.650792e+11
4.841904e+07, 1.000000e+00, 4.888913e+11, 0.000000e+00, 9.587930e+11
4.932163e+07, 1.000000e+00, 4.980048e+11, 0.000000e+00, 9.766659e+11
4.027342e+07, 1.000000e+00, 4.066442e+11, 0.000000e+00, 7.974934e+11
4.939573e+07, 1.000000e+00, 4.987530e+11, 0.000000e+00, 9.781333e+11
4.875183e+07, 1.000000e+00, 4.922515e+11, 0.000000e+00, 9.653829e+11
4.811756e+07, 1.000000e+00, 4.858471e+11, 0.000000e+00, 9.528229e+11
4.706735e+07, 1.000000e+00, 4.752431e+11, 0.000000e+00, 9.320268e+11
4.855628e+07, 1.000000e+00, 4.902770e+11, 0.000000e+00, 9.615105e+11
4.385228e+07, 1.250000e-01, 4.427803e+11, -8.750000e-01, 8.683619e+11
4.728569e+07, 1.250000e-01, 4.774477e+11, -8.750000e-01, 9.363502e+11
4.187092e+07, 1.250000e-01, 4.227744e+11, -8.750000e-01, 8.291272e+11
4.139110e+07, 1.250000e-01, 4.179295e+11, -8.750000e-01, 8.196256e+11
4.739123e+07, 1.250000e-01, 4.785134e+11, -8.750000e-01, 9.384402e+11
3.971433e+07, 1.250000e-01, 4.009991e+11, -8.750000e-01, 7.864225e+11
4.067126e+07, 1.250000e-01, 4.106613e+11, -8.750000e-01, 8.053715e+11
4.059658e+07, 1.250000e-01, 4.099072e+11, -8.750000e-01, 8.038926e+11
4.612737e+07, 1.250000e-01, 4.657521e+11, -8.750000e-01, 9.134134e+11
4.543670e+07, 1.250000e-01, 4.587783e+11, -8.750000e-01, 8.997365e+11
3.939716e+07, 1.250000e-01, 3.977965e+11, -8.750000e-01, 7.801418e+11
4.727838e+07, 1.250000e-01, 4.773740e+11, -8.750000e-01, 9.362056e+11
