2.268842e+12, 1.000000e+00, 2.290870e+16, 0.000000e+00, 4.492757e+16
2.289191e+12, 1.000000e+00, 2.311416e+16, 0.000000e+00, 4.533052e+16
2.224287e+12, 1.000000e+00, 2.245882e+16, 0.000000e+00, 4.404529e+16
2.246056e+12, 1.000000e+00, 2.267863e+16, 0.000000e+00, 4.447636e+16
2.285842e+12, 1.000000e+00, 2.308034e+16, 0.000000e+00, 4.526419e+16
2.231909e+12, 1.000000e+00, 2.253578e+16, 0.000000e+00, 4.419622e+16
2.250093e+12, 1.000000e+00, 2.271939e+16, 0.000000e+00, 4.455630e+16
2.166403e+12, 1.000000e+00, 2.187436e+16, 0.000000e+00, 4.289906e+16
2.209648e+12, 1.000000e+00, 2.231101e+16, 0.000000e+00, 4.375540e+16
2.183999e+12, 1.000000e+00, 2.205203e+16, 0.000000e+00, 4.324751e+16
1.969038e+12, 1.000000e+00, 1.988155e+16, 0.000000e+00, 3.899086e+16
2.187258e+12, 1.000000e+00, 2.208493e+16, 0.000000e+00, 4.331204e+16
2.138881e+12, 1.000000e+00, 2.159646e+16, 0.000000e+00, 4.235407e+16
2.109870e+12, 1.000000e+00, 2.130354e+16, 0.000000e+00, 4.177961e+16
2.098715e+12, 1.000000e+00, 2.119091e+16, 0.000000e+00, 4.155871e+16
2.058180e+12, 1.000000e+00, 2.078162e+16, 0.000000e+00, 4.075604e+16
2.093693e+12, 1.000000e+00, 2.114020e+16, 0.000000e+00, 4.145927e+16
1.976818e+12, 1.000000e+00, 1.996011e+16, 0.000000e+00, 3.914492e+16
1.949608e+12, 1.000000e+00, 1.968536e+16, 0.000000e+00, 3.860610e+16
1.904523e+12, 1.000000e+00, 1.923013e+16, 0.000000e+00, 3.771333e+16
1.844974e+12, 1.000000e+00, 1.862886e+16, 0.000000e+00, 3.653414e+16
1.877105e+12, 1.000000e+00, 1.895329e+16, 0.000000e+00, 3.717040e+16
1.894166e+12, 1.000000e+00, 1.912555e+16, 0.000000e+00, 3.750823e+16
1.787419e+12, 1.000000e+00, 1.804772e+16, 0.000000e+00, 3.539443e+16
1.812416e+12, 1.000000e+00, 1.830012e+16, 0.000000e+00, 3.588943e+16
1.865984e+12, 1.000000e+00, 1.884100e+16, 0.000000e+00, 3.695017e+16
1.846722e+12, 1.000000e+00, 1.864652e+16, 0.000000e+00, 3.656876e+16
1.805024e+12, 1.000000e+00, 1.822549e+16, 0.000000e+00, 3.574306e+16
1.789050e+12, 1.000000e+00, 1.806419e+16, 0.000000e+00, 3.542672e+16
1.818717e+12, 1.000000e+00, 1.836375e+16, 0.000000e+00, 3.601420e+16
1.868373e+12, 1.000000e+00, 1.886513e+16, 0.000000e+00, 3.699749e+16
1.726705e+12, 1.000000e+00, 1.743469e+16, 0.000000e+00, 3.419218e+16
1.706092e+12, 1.000000e+00, 1.722656e+16, 0.000000e+00, 3.378399e+16
1.635592e+12, 1.000000e+00, 1.651471e+16, 0.000000e+00, 3.238795e+16
1.688299e+12, 1.000000e+00, 1.704690e+16, 0.000000e+00, 3.343167e+16
1.680853e+12, 1.000000e+00, 1.697172e+16, 0.000000e+00, 3.328421e+16
1.743577e+12, 1.000000e+00, 1.760505e+16, 0.000000e+00, 3.452628e+16
1.702892e+12, 1.000000e+00, 1.719425e+16, 0.000000e+00, 3.372064e+16
1.769981e+12, 1.000000e+00, 1.787165e+16, 0.000000e+00, 3.504912e+16
1.716776e+12, 1.000000e+00, 1.733444e+16, 0.000000e+00, 3.399557e+16
1.722055e+12, 1.000000e+00, 1.738774e+16, 0.000000e+00, 3.410010e+16
1.534001e+12, 1.000000e+00, 1.548894e+16, 0.000000e+00, 3.037626e+16
1.479900e+12, 1.000000e+00, 1.494267e+16, 0.000000e+00, 2.930494e+16
1.459367e+12, 1.000000e+00, 1.473536e+16, 0.000000e+00, 2.889836e+16
1.624813e+12, 1.000000e+00, 1.640588e+16, 0.000000e+00, 3.217452e+16
1.575691e+12, 1.000000e+00, 1.590989e+16, 0.000000e+00, 3.120181e+16
1.532554e+12, 1.000000e+00, 1.547433e+16, 0.000000e+00, 3.034761e+16
1.520743e+12, 1.000000e+00, 1.535508e+16, 0.000000e+00, 3.011373e+16
1.515240e+12, 1.000000e+00, 1.529951e+16, 0.000000e+00, 3.000475e+16
1.582871e+12, 1.000000e+00, 1.598238e+16, 0.000000e+00, 3.134398e+16
1.595693e+12, 1.000000e+00, 1.611185e+16, 0.000000e+00, 3.159789e+16
1.496391e+12, 1.000000e+00, 1.510919e+16, 0.000000e+00, 2.963151e+16
1.494682e+12, 1.000000e+00, 1.509194e+16, 0.000000e+00, 2.959767e+16
1.401372e+12, 1.000000e+00, 1.414978e+16, 0.000000e+00, 2.774995e+16
1.410761e+12, 1.000000e+00, 1.424457e+16, 0.000000e+00, 2.793586e+16
1.354234e+12, 1.000000e+00, 1.367382e+16, 0.000000e+00, 2.681651e+16
1.477149e+12, 1.000000e+00, 1.491490e+16, 0.000000e+00, 2.925048e+16
1.348060e+12, 1.000000e+00, 1.361148e+16, 0.000000e+00, 2.669426e+16
1.707976e+12, 1.000000e+00, 1.724558e+16, 0.000000e+00, 3.382131e+16
1.792585e+12, 1.000000e+00, 1.809989e+16, 0.000000e+00, 3.549673e+16
1.346350e+12, 1.000000e+00, 1.359421e+16, 0.000000e+00, 2.666039e+16
2.247373e+12, 1.000000e+00, 2.269192e+16, 0.000000e+00, 4.450243e+16
2.238752e+12, 1.000000e+00, 2.260487e+16, 0.000000e+00, 4.433172e+16
2.238554e+12, 1.000000e+00, 2.260287e+16, 0.000000e+00, 4.432779e+16
2.212022e+12, 1.000000e+00, 2.233498e+16, 0.000000e+00, 4.380241e+16
2.023214e+12, 1.000000e+00, 2.042857e+16, 0.000000e+00, 4.006365e+16
1.951807e+12, 1.000000e+00, 1.970757e+16, 0.000000e+00, 3.864965e+16
1.824451e+12, 1.000000e+00, 1.842164e+16, 0.000000e+00, 3.612775e+16
2.026353e+12, 1.000000e+00, 2.046026e+16, 0.000000e+00, 4.012580e+16
1.981751e+12, 1.000000e+00, 2.000992e+16, 0.000000e+00, 3.924260e+16
1.970450e+12, 1.000000e+00, 1.989581e+16, 0.000000e+00, 3.901882e+16
1.992738e+12, 1.000000e+00, 2.012085e+16, 0.000000e+00, 3.946015e+16
1.972387e+12, 1.000000e+00, 1.991537e+16, 0.000000e+00, 3.905717e+16
1.812989e+12, 1.000000e+00, 1.830591e+16, 0.000000e+00, 3.590077e+16
1.686993e+12, 1.000000e+00, 1.703371e+16, 0.000000e+00, 3.340580e+16
1.732673e+12, 1.000000e+00, 1.749495e+16, 0.000000e+00, 3.431036e+16
1.902361e+12, 1.000000e+00, 1.920831e+16, 0.000000e+00, 3.767052e+16
1.855941e+12, 1.000000e+00, 1.873960e+16, 0.000000e+00, 3.675131e+16
1.598975e+12, 1.000000e+00, 1.614499e+16, 0.000000e+00, 3.166287e+16
1.514120e+12, 1.000000e+00, 1.528820e+16, 0.000000e+00, 2.998257e+16
1.678144e+12, 1.000000e+00, 1.694437e+16, 0.000000e+00, 3.323057e+16
1.709426e+12, 1.000000e+00, 1.726023e+16, 0.000000e+00, 3.385003e+16
1.395827e+12, 1.000000e+00, 1.409378e+16, 0.000000e+00, 2.764013e+16
1.711995e+12, 1.000000e+00, 1.728616e+16, 0.000000e+00, 3.390088e+16
1.689678e+12, 1.000000e+00, 1.706083e+16, 0.000000e+00, 3.345897e+16
1.667695e+12, 1.000000e+00, 1.683886e+16, 0.000000e+00, 3.302366e+16
1.631296e+12, 1.000000e+00, 1.647134e+16, 0.000000e+00, 3.230289e+16
1.682900e+12, 1.000000e+00, 1.699239e+16, 0.000000e+00, 3.332476e+16
1.519865e+12, 1.250000e-01, 1.534621e+16, -8.750000e-01, 3.009635e+16
1.638863e+12, 1.250000e-01, 1.654774e+16, -8.750000e-01, 3.245274e+16
1.451194e+12, 1.250000e-01, 1.465283e+16, -8.750000e-01, 2.873652e+16
1.434564e+12, 1.250000e-01, 1.448492e+16, -8.750000e-01, 2.840721e+16
1.642521e+12, 1.250000e-01, 1.658468e+16, -8.750000e-01, 3.252517e+16
1.376449e+12, 1.250000e-01, 1.389813e+16, -8.750000e-01, 2.725643e+16
1.409615e+12, 1.250000e-01, 1.423301e+16, -8.750000e-01, 2.791318e+16
1.407027e+12, 1.250000e-01, 1.420687e+16, -8.750000e-01, 2.786192e+16
1.598718e+12, 1.250000e-01, 1.614239e+16, -8.750000e-01, 3.165777e+16
1.574779e+12, 1.250000e-01, 1.590068e+16, -8.750000e-01, 3.118375e+16
1.365457e+12, 1.250000e-01, 1.378713e+16, -8.750000e-01, 2.703874e+16
1.638610e+12, 1.250000e-01, 1.654519e+16, -8.750000e-01, 3.244772e+16
