4.202862e+06, 1.000000e+00, 4.243666e+10, 0.000000e+00, 8.322499e+10
4.240557e+06, 1.000000e+00, 4.281727e+10, 0.000000e+00, 8.397142e+10
4.120326e+06, 1.000000e+00, 4.160329e+10, 0.000000e+00, 8.159062e+10
4.160653e+06, 1.000000e+00, 4.201047e+10, 0.000000e+00, 8.238916e+10
4.234352e+06, 1.000000e+00, 4.275462e+10, 0.000000e+00, 8.384856e+10
4.134446e+06, 1.000000e+00, 4.174586e+10, 0.000000e+00, 8.187021e+10
4.168131e+06, 1.000000e+00, 4.208598e+10, 0.000000e+00, 8.253724e+10
4.013100e+06, 1.000000e+00, 4.052062e+10, 0.000000e+00, 7.946733e+10
4.093209e+06, 1.000000e+00, 4.132948e+10, 0.000000e+00, 8.105364e+10
4.045697e+06, 1.000000e+00, 4.084975e+10, 0.000000e+00, 8.011280e+10
3.647497e+06, 1.000000e+00, 3.682910e+10, 0.000000e+00, 7.222767e+10
4.051733e+06, 1.000000e+00, 4.091070e+10, 0.000000e+00, 8.023233e+10
3.962117e+06, 1.000000e+00, 4.000584e+10, 0.000000e+00, 7.845777e+10
3.908378e+06, 1.000000e+00, 3.946323e+10, 0.000000e+00, 7.739362e+10
3.887713e+06, 1.000000e+00, 3.925458e+10, 0.000000e+00, 7.698443e+10
3.812626e+06, 1.000000e+00, 3.849642e+10, 0.000000e+00, 7.549754e+10
3.878411e+06, 1.000000e+00, 3.916065e+10, 0.000000e+00, 7.680022e+10
3.661909e+06, 1.000000e+00, 3.697462e+10, 0.000000e+00, 7.251306e+10
3.611504e+06, 1.000000e+00, 3.646567e+10, 0.000000e+00, 7.151494e+10
3.527988e+06, 1.000000e+00, 3.562240e+10, 0.000000e+00, 6.986114e+10
3.417677e+06, 1.000000e+00, 3.450858e+10, 0.000000e+00, 6.767677e+10
3.477198e+06, 1.000000e+00, 3.510957e+10, 0.000000e+00, 6.885540e+10
3.508801e+06, 1.000000e+00, 3.542867e+10, 0.000000e+00, 6.948121e+10
3.311061e+06, 1.000000e+00, 3.343207e+10, 0.000000e+00, 6.556556e+10
3.357367e+06, 1.000000e+00, 3.389962e+10, 0.000000e+00, 6.648251e+10
3.456596e+06, 1.000000e+00, 3.490155e+10, 0.000000e+00, 6.844745e+10
3.420916e+06, 1.000000e+00, 3.454129e+10, 0.000000e+00, 6.774091e+10
3.343674e+06, 1.000000e+00, 3.376137e+10, 0.000000e+00, 6.621136e+10
3.314082e+06, 1.000000e+00, 3.346257e+10, 0.000000e+00, 6.562538e+10
3.369039e+06, 1.000000e+00, 3.401748e+10, 0.000000e+00, 6.671364e+10
3.461023e+06, 1.000000e+00, 3.494625e+10, 0.000000e+00, 6.853510e+10
3.198593e+06, 1.000000e+00, 3.229647e+10, 0.000000e+00, 6.333847e+10
3.160408e+06, 1.000000e+00, 3.191092e+10, 0.000000e+00, 6.258234e+10
3.029812e+06, 1.000000e+00, 3.059227e+10, 0.000000e+00, 5.999628e+10
3.127449e+06, 1.000000e+00, 3.157813e+10, 0.000000e+00, 6.192968e+10
3.113655e+06, 1.000000e+00, 3.143885e+10, 0.000000e+00, 6.165654e+10
3.229848e+06, 1.000000e+00, 3.261205e+10, 0.000000e+00, 6.395738e+10
3.154481e+06, 1.000000e+00, 3.185107e+10, 0.000000e+00, 6.246498e+10
3.278758e+06, 1.000000e+00, 3.310590e+10, 0.000000e+00, 6.492589e+10
3.180201e+06, 1.000000e+00, 3.211077e+10, 0.000000e+00, 6.297428e+10
3.189979e+06, 1.000000e+00, 3.220950e+10, 0.000000e+00, 6.316790e+10
2.841624e+06, 1.000000e+00, 2.869212e+10, 0.000000e+00, 5.626977e+10
2.741404e+06, 1.000000e+00, 2.768020e+10, 0.000000e+00, 5.428523e+10
2.703369e+06, 1.000000e+00, 2.729615e+10, 0.000000e+00, 5.353206e+10
3.009846e+06, 1.000000e+00, 3.039068e+10, 0.000000e+00, 5.960091e+10
2.918851e+06, 1.000000e+00, 2.947190e+10, 0.000000e+00, 5.779904e+10
2.838943e+06, 1.000000e+00, 2.866505e+10, 0.000000e+00, 5.621669e+10
2.817064e+06, 1.000000e+00, 2.844414e+10, 0.000000e+00, 5.578345e+10
2.806869e+06, 1.000000e+00, 2.834120e+10, 0.000000e+00, 5.558156e+10
2.932151e+06, 1.000000e+00, 2.960618e+10, 0.000000e+00, 5.806239e+10
2.955904e+06, 1.000000e+00, 2.984601e+10, 0.000000e+00, 5.853274e+10
2.771954e+06, 1.000000e+00, 2.798866e+10, 0.000000e+00, 5.489018e+10
2.768788e+06, 1.000000e+00, 2.795669e+10, 0.000000e+00, 5.482748e+10
2.595938e+06, 1.000000e+00, 2.621141e+10, 0.000000e+00, 5.140472e+10
2.613330e+06, 1.000000e+00, 2.638702e+10, 0.000000e+00, 5.174910e+10
2.508618e+06, 1.000000e+00, 2.532973e+10, 0.000000e+00, 4.967560e+10
2.736309e+06, 1.000000e+00, 2.762875e+10, 0.000000e+00, 5.418434e+10
2.497181e+06, 1.000000e+00, 2.521426e+10, 0.000000e+00, 4.944913e+10
3.163899e+06, 1.000000e+00, 3.194616e+10, 0.000000e+00, 6.265147e+10
3.320631e+06, 1.000000e+00, 3.352870e+10, 0.000000e+00, 6.575506e+10
2.494013e+06, 1.000000e+00, 2.518226e+10, 0.000000e+00, 4.938639e+10
4.163091e+06, 1.000000e+00, 4.203509e+10, 0.000000e+00, 8.243745e+10
4.147122e+06, 1.000000e+00, 4.187385e+10, 0.000000e+00, 8.212123e+10
4.146754e+06, 1.000000e+00, 4.187014e+10, 0.000000e+00, 8.211395e+10
4.097606e+06, 1.000000e+00, 4.137389e+10, 0.000000e+00, 8.114072e+10
3.747854e+06, 1.000000e+00, 3.784241e+10, 0.000000e+00, 7.421493e+10
3.615578e+06, 1.000000e+00, 3.650681e+10, 0.000000e+00, 7.159561e+10
3.379661e+06, 1.000000e+00, 3.412473e+10, 0.000000e+00, 6.692397e+10
3.753668e+06, 1.000000e+00, 3.790111e+10, 0.000000e+00, 7.433006e+10
3.671047e+06, 1.000000e+00, 3.706689e+10, 0.000000e+00, 7.269401e+10
3.650113e+06, 1.000000e+00, 3.685551e+10, 0.000000e+00, 7.227946e+10
3.691399e+06, 1.000000e+00, 3.727237e+10, 0.000000e+00, 7.309700e+10
3.653701e+06, 1.000000e+00, 3.689174e+10, 0.000000e+00, 7.235051e+10
3.358428e+06, 1.000000e+00, 3.391034e+10, 0.000000e+00, 6.650352e+10
3.125029e+06, 1.000000e+00, 3.155369e+10, 0.000000e+00, 6.188177e+10
3.209648e+06, 1.000000e+00, 3.240810e+10, 0.000000e+00, 6.355739e+10
3.523983e+06, 1.000000e+00, 3.558197e+10, 0.000000e+00, 6.978185e+10
3.437993e+06, 1.000000e+00, 3.471371e+10, 0.000000e+00, 6.807907e+10
2.961983e+06, 1.000000e+00, 2.990740e+10, 0.000000e+00, 5.865312e+10
2.804795e+06, 1.000000e+00, 2.832026e+10, 0.000000e+00, 5.554049e+10
3.108637e+06, 1.000000e+00, 3.138818e+10, 0.000000e+00, 6.155717e+10
3.166586e+06, 1.000000e+00, 3.197329e+10, 0.000000e+00, 6.270466e+10
2.585665e+06, 1.000000e+00, 2.610769e+10, 0.000000e+00, 5.120129e+10
3.171343e+06, 1.000000e+00, 3.202133e+10, 0.000000e+00, 6.279887e+10
3.130003e+06, 1.000000e+00, 3.160391e+10, 0.000000e+00, 6.198026e+10
3.089281e+06, 1.000000e+00, 3.119274e+10, 0.000000e+00, 6.117388e+10
3.021855e+06, 1.000000e+00, 3.051193e+10, 0.000000e+00, 5.983871e+10
3.117448e+06, 1.000000e+00, 3.147715e+10, 0.000000e+00, 6.173165e+10
2.815438e+06, 1.250000e-01, 2.842772e+10, -8.750000e-01, 5.575125e+10
3.035872e+06, 1.250000e-01, 3.065347e+10, -8.750000e-01, 6.011629e+10
2.688230e+06, 1.250000e-01, 2.714329e+10, -8.750000e-01, 5.323227e+10
2.657423e+06, 1.250000e-01, 2.683223e+10, -8.750000e-01, 5.262224e+10
3.042649e+06, 1.250000e-01, 3.072189e+10, -8.750000e-01, 6.025047e+10
2.549771e+06, 1.250000e-01, 2.574525e+10, -8.750000e-01, 5.049051e+10
2.611208e+06, 1.250000e-01, 2.636559e+10, -8.750000e-01, 5.170709e+10
2.606413e+06, 1.250000e-01, 2.631718e+10, -8.750000e-01, 5.161214e+10
2.961506e+06, 1.250000e-01, 2.990258e+10, -8.750000e-01, 5.864367e+10
2.917162e+06, 1.250000e-01, 2.945484e+10, -8.750000e-01, 5.776558e+10
2.529407e+06, 1.250000e-01, 2.553964e+10, -8.750000e-01, 5.008727e+10
3.035404e+06, 1.250000e-01, 3.064873e+10, -8.750000e-01, 6.010700e+10
