1.947664e+09, 1.000000e+00, 1.966574e+13, 0.000000e+00, 3.856761e+13
1.965132e+09, 1.000000e+00, 1.984211e+13, 0.000000e+00, 3.891351e+13
1.909416e+09, 1.000000e+00, 1.927954e+13, 0.000000e+00, 3.781022e+13
1.928104e+09, 1.000000e+00, 1.946823e+13, 0.000000e+00, 3.818028e+13
1.962257e+09, 1.000000e+00, 1.981308e+13, 0.000000e+00, 3.885658e+13
1.915959e+09, 1.000000e+00, 1.934561e+13, 0.000000e+00, 3.793979e+13
1.931569e+09, 1.000000e+00, 1.950322e+13, 0.000000e+00, 3.824890e+13
1.859726e+09, 1.000000e+00, 1.877782e+13, 0.000000e+00, 3.682626e+13
1.896849e+09, 1.000000e+00, 1.915265e+13, 0.000000e+00, 3.756137e+13
1.874832e+09, 1.000000e+00, 1.893034e+13, 0.000000e+00, 3.712538e+13
1.690301e+09, 1.000000e+00, 1.706711e+13, 0.000000e+00, 3.347130e+13
1.877629e+09, 1.000000e+00, 1.895858e+13, 0.000000e+00, 3.718077e+13
1.836100e+09, 1.000000e+00, 1.853926e+13, 0.000000e+00, 3.635842e+13
1.811196e+09, 1.000000e+00, 1.828781e+13, 0.000000e+00, 3.586527e+13
1.801620e+09, 1.000000e+00, 1.819112e+13, 0.000000e+00, 3.567565e+13
1.766824e+09, 1.000000e+00, 1.783977e+13, 0.000000e+00, 3.498661e+13
1.797309e+09, 1.000000e+00, 1.814759e+13, 0.000000e+00, 3.559028e+13
1.696979e+09, 1.000000e+00, 1.713455e+13, 0.000000e+00, 3.360355e+13
1.673621e+09, 1.000000e+00, 1.689870e+13, 0.000000e+00, 3.314101e+13
1.634918e+09, 1.000000e+00, 1.650791e+13, 0.000000e+00, 3.237462e+13
1.583799e+09, 1.000000e+00, 1.599175e+13, 0.000000e+00, 3.136235e+13
1.611382e+09, 1.000000e+00, 1.627026e+13, 0.000000e+00, 3.190855e+13
1.626027e+09, 1.000000e+00, 1.641814e+13, 0.000000e+00, 3.219855e+13
1.534391e+09, 1.000000e+00, 1.549288e+13, 0.000000e+00, 3.038398e+13
1.555850e+09, 1.000000e+00, 1.570955e+13, 0.000000e+00, 3.080891e+13
1.601834e+09, 1.000000e+00, 1.617386e+13, 0.000000e+00, 3.171949e+13
1.585300e+09, 1.000000e+00, 1.600691e+13, 0.000000e+00, 3.139207e+13
1.549505e+09, 1.000000e+00, 1.564548e+13, 0.000000e+00, 3.068326e+13
1.535791e+09, 1.000000e+00, 1.550702e+13, 0.000000e+00, 3.041171e+13
1.561259e+09, 1.000000e+00, 1.576417e+13, 0.000000e+00, 3.091602e+13
1.603886e+09, 1.000000e+00, 1.619457e+13, 0.000000e+00, 3.176011e+13
1.482272e+09, 1.000000e+00, 1.496663e+13, 0.000000e+00, 2.935192e+13
1.464577e+09, 1.000000e+00, 1.478796e+13, 0.000000e+00, 2.900152e+13
1.404057e+09, 1.000000e+00, 1.417688e+13, 0.000000e+00, 2.780310e+13
1.449303e+09, 1.000000e+00, 1.463374e+13, 0.000000e+00, 2.869907e+13
1.442911e+09, 1.000000e+00, 1.456920e+13, 0.000000e+00, 2.857249e+13
1.496756e+09, 1.000000e+00, 1.511288e+13, 0.000000e+00, 2.963873e+13
1.461830e+09, 1.000000e+00, 1.476023e+13, 0.000000e+00, 2.894713e+13
1.519422e+09, 1.000000e+00, 1.534173e+13, 0.000000e+00, 3.008756e+13
1.473749e+09, 1.000000e+00, 1.488057e+13, 0.000000e+00, 2.918315e+13
1.478280e+09, 1.000000e+00, 1.492633e+13, 0.000000e+00, 2.927288e+13
1.316848e+09, 1.000000e+00, 1.329633e+13, 0.000000e+00, 2.607619e+13
1.270405e+09, 1.000000e+00, 1.282739e+13, 0.000000e+00, 2.515653e+13
1.252779e+09, 1.000000e+00, 1.264942e+13, 0.000000e+00, 2.480750e+13
1.394804e+09, 1.000000e+00, 1.408346e+13, 0.000000e+00, 2.761989e+13
1.352636e+09, 1.000000e+00, 1.365768e+13, 0.000000e+00, 2.678487e+13
1.315605e+09, 1.000000e+00, 1.328378e+13, 0.000000e+00, 2.605159e+13
1.305466e+09, 1.000000e+00, 1.318141e+13, 0.000000e+00, 2.585082e+13
1.300742e+09, 1.000000e+00, 1.313370e+13, 0.000000e+00, 2.575726e+13
1.358799e+09, 1.000000e+00, 1.371991e+13, 0.000000e+00, 2.690691e+13
1.369807e+09, 1.000000e+00, 1.383106e+13, 0.000000e+00, 2.712488e+13
1.284562e+09, 1.000000e+00, 1.297033e+13, 0.000000e+00, 2.543687e+13
1.283094e+09, 1.000000e+00, 1.295552e+13, 0.000000e+00, 2.540781e+13
1.202994e+09, 1.000000e+00, 1.214673e+13, 0.000000e+00, 2.382166e+13
1.211053e+09, 1.000000e+00, 1.222811e+13, 0.000000e+00, 2.398125e+13
1.162528e+09, 1.000000e+00, 1.173815e+13, 0.000000e+00, 2.302036e+13
1.268044e+09, 1.000000e+00, 1.280355e+13, 0.000000e+00, 2.510977e+13
1.157228e+09, 1.000000e+00, 1.168463e+13, 0.000000e+00, 2.291541e+13
1.466195e+09, 1.000000e+00, 1.480429e+13, 0.000000e+00, 2.903356e+13
1.538826e+09, 1.000000e+00, 1.553766e+13, 0.000000e+00, 3.047180e+13
1.155760e+09, 1.000000e+00, 1.166981e+13, 0.000000e+00, 2.288633e+13
1.929234e+09, 1.000000e+00, 1.947964e+13, 0.000000e+00, 3.820265e+13
1.921834e+09, 1.000000e+00, 1.940492e+13, 0.000000e+00, 3.805611e+13
1.921663e+09, 1.000000e+00, 1.940320e+13, 0.000000e+00, 3.805274e+13
1.898887e+09, 1.000000e+00, 1.917323e+13, 0.000000e+00, 3.760173e+13
1.736807e+09, 1.000000e+00, 1.753669e+13, 0.000000e+00, 3.439222e+13
1.675509e+09, 1.000000e+00, 1.691776e+13, 0.000000e+00, 3.317840e+13
1.566181e+09, 1.000000e+00, 1.581387e+13, 0.000000e+00, 3.101349e+13
1.739502e+09, 1.000000e+00, 1.756390e+13, 0.000000e+00, 3.444558e+13
1.701214e+09, 1.000000e+00, 1.717731e+13, 0.000000e+00, 3.368741e+13
1.691513e+09, 1.000000e+00, 1.707935e+13, 0.000000e+00, 3.349530e+13
1.710645e+09, 1.000000e+00, 1.727253e+13, 0.000000e+00, 3.387416e+13
1.693175e+09, 1.000000e+00, 1.709614e+13, 0.000000e+00, 3.352823e+13
1.556342e+09, 1.000000e+00, 1.571452e+13, 0.000000e+00, 3.081865e+13
1.448182e+09, 1.000000e+00, 1.462242e+13, 0.000000e+00, 2.867687e+13
1.487395e+09, 1.000000e+00, 1.501836e+13, 0.000000e+00, 2.945337e+13
1.633063e+09, 1.000000e+00, 1.648917e+13, 0.000000e+00, 3.233787e+13
1.593213e+09, 1.000000e+00, 1.608681e+13, 0.000000e+00, 3.154878e+13
1.372624e+09, 1.000000e+00, 1.385950e+13, 0.000000e+00, 2.718067e+13
1.299781e+09, 1.000000e+00, 1.312400e+13, 0.000000e+00, 2.573823e+13
1.440585e+09, 1.000000e+00, 1.454572e+13, 0.000000e+00, 2.852644e+13
1.467440e+09, 1.000000e+00, 1.481686e+13, 0.000000e+00, 2.905821e+13
1.198233e+09, 1.000000e+00, 1.209866e+13, 0.000000e+00, 2.372739e+13
1.469644e+09, 1.000000e+00, 1.483913e+13, 0.000000e+00, 2.910187e+13
1.450487e+09, 1.000000e+00, 1.464569e+13, 0.000000e+00, 2.872251e+13
1.431615e+09, 1.000000e+00, 1.445514e+13, 0.000000e+00, 2.834882e+13
1.400369e+09, 1.000000e+00, 1.413965e+13, 0.000000e+00, 2.773008e+13
1.444669e+09, 1.000000e+00, 1.458694e+13, 0.000000e+00, 2.860730e+13
1.304713e+09, 1.250000e-01, 1.317380e+13, -8.750000e-01, 2.583590e+13
1.406865e+09, 1.250000e-01, 1.420524e+13, -8.750000e-01, 2.785872e+13
1.245763e+09, 1.250000e-01, 1.257857e+13, -8.750000e-01, 2.466857e+13
1.231487e+09, 1.250000e-01, 1.243443e+13, -8.750000e-01, 2.438587e+13
1.410005e+09, 1.250000e-01, 1.423695e+13, -8.750000e-01, 2.792090e+13
1.181599e+09, 1.250000e-01, 1.193071e+13, -8.750000e-01, 2.339800e+13
1.210070e+09, 1.250000e-01, 1.221818e+13, -8.750000e-01, 2.396178e+13
1.207848e+09, 1.250000e-01, 1.219574e+13, -8.750000e-01, 2.391778e+13
1.372403e+09, 1.250000e-01, 1.385727e+13, -8.750000e-01, 2.717629e+13
1.351853e+09, 1.250000e-01, 1.364978e+13, -8.750000e-01, 2.676937e+13
1.172162e+09, 1.250000e-01, 1.183542e+13, -8.750000e-01, 2.321113e+13
1.406648e+09, 1.250000e-01, 1.420305e+13, -8.750000e-01, 2.785442e+13
