5.934771e+07, 1.000000e+00, 5.992390e+11, 0.000000e+00, 1.175202e+12
5.987998e+07, 1.000000e+00, 6.046134e+11, 0.000000e+00, 1.185742e+12
5.818224e+07, 1.000000e+00, 5.874712e+11, 0.000000e+00, 1.152124e+12
5.875168e+07, 1.000000e+00, 5.932208e+11, 0.000000e+00, 1.163400e+12
5.979238e+07, 1.000000e+00, 6.037288e+11, 0.000000e+00, 1.184007e+12
5.838162e+07, 1.000000e+00, 5.894843e+11, 0.000000e+00, 1.156072e+12
5.885728e+07, 1.000000e+00, 5.942870e+11, 0.000000e+00, 1.165491e+12
5.666812e+07, 1.000000e+00, 5.721830e+11, 0.000000e+00, 1.122141e+12
5.779932e+07, 1.000000e+00, 5.836047e+11, 0.000000e+00, 1.144541e+12
5.712841e+07, 1.000000e+00, 5.768305e+11, 0.000000e+00, 1.131256e+12
5.150552e+07, 1.000000e+00, 5.200557e+11, 0.000000e+00, 1.019911e+12
5.721365e+07, 1.000000e+00, 5.776912e+11, 0.000000e+00, 1.132943e+12
5.594821e+07, 1.000000e+00, 5.649139e+11, 0.000000e+00, 1.107885e+12
5.518936e+07, 1.000000e+00, 5.572518e+11, 0.000000e+00, 1.092859e+12
5.489756e+07, 1.000000e+00, 5.543055e+11, 0.000000e+00, 1.087080e+12
5.383727e+07, 1.000000e+00, 5.435996e+11, 0.000000e+00, 1.066085e+12
5.476621e+07, 1.000000e+00, 5.529791e+11, 0.000000e+00, 1.084479e+12
5.170903e+07, 1.000000e+00, 5.221106e+11, 0.000000e+00, 1.023941e+12
5.099727e+07, 1.000000e+00, 5.149239e+11, 0.000000e+00, 1.009847e+12
4.981795e+07, 1.000000e+00, 5.030162e+11, 0.000000e+00, 9.864941e+11
4.826028e+07, 1.000000e+00, 4.872883e+11, 0.000000e+00, 9.556491e+11
4.910076e+07, 1.000000e+00, 4.957747e+11, 0.000000e+00, 9.722923e+11
4.954703e+07, 1.000000e+00, 5.002806e+11, 0.000000e+00, 9.811292e+11
4.675477e+07, 1.000000e+00, 4.720870e+11, 0.000000e+00, 9.258371e+11
4.740865e+07, 1.000000e+00, 4.786893e+11, 0.000000e+00, 9.387852e+11
4.880985e+07, 1.000000e+00, 4.928373e+11, 0.000000e+00, 9.665317e+11
4.830602e+07, 1.000000e+00, 4.877501e+11, 0.000000e+00, 9.565548e+11
4.721530e+07, 1.000000e+00, 4.767370e+11, 0.000000e+00, 9.349564e+11
4.679743e+07, 1.000000e+00, 4.725177e+11, 0.000000e+00, 9.266818e+11
4.757347e+07, 1.000000e+00, 4.803535e+11, 0.000000e+00, 9.420489e+11
4.887235e+07, 1.000000e+00, 4.934684e+11, 0.000000e+00, 9.677694e+11
4.516664e+07, 1.000000e+00, 4.560515e+11, 0.000000e+00, 8.943889e+11
4.462744e+07, 1.000000e+00, 4.506072e+11, 0.000000e+00, 8.837118e+11
4.278332e+07, 1.000000e+00, 4.319869e+11, 0.000000e+00, 8.471945e+11
4.416203e+07, 1.000000e+00, 4.459079e+11, 0.000000e+00, 8.744957e+11
4.396725e+07, 1.000000e+00, 4.439412e+11, 0.000000e+00, 8.706387e+11
4.560798e+07, 1.000000e+00, 4.605078e+11, 0.000000e+00, 9.031284e+11
4.454375e+07, 1.000000e+00, 4.497621e+11, 0.000000e+00, 8.820545e+11
4.629863e+07, 1.000000e+00, 4.674813e+11, 0.000000e+00, 9.168045e+11
4.490693e+07, 1.000000e+00, 4.534292e+11, 0.000000e+00, 8.892462e+11
4.504501e+07, 1.000000e+00, 4.548234e+11, 0.000000e+00, 8.919803e+11
4.012595e+07, 1.000000e+00, 4.051552e+11, 0.000000e+00, 7.945733e+11
3.871078e+07, 1.000000e+00, 3.908661e+11, 0.000000e+00, 7.665500e+11
3.817369e+07, 1.000000e+00, 3.854431e+11, 0.000000e+00, 7.559147e+11
4.250139e+07, 1.000000e+00, 4.291402e+11, 0.000000e+00, 8.416116e+11
4.121647e+07, 1.000000e+00, 4.161663e+11, 0.000000e+00, 8.161678e+11
4.008810e+07, 1.000000e+00, 4.047730e+11, 0.000000e+00, 7.938238e+11
3.977916e+07, 1.000000e+00, 4.016536e+11, 0.000000e+00, 7.877061e+11
3.963519e+07, 1.000000e+00, 4.002000e+11, 0.000000e+00, 7.848553e+11
4.140427e+07, 1.000000e+00, 4.180625e+11, 0.000000e+00, 8.198865e+11
4.173968e+07, 1.000000e+00, 4.214491e+11, 0.000000e+00, 8.265282e+11
3.914216e+07, 1.000000e+00, 3.952218e+11, 0.000000e+00, 7.750924e+11
3.909745e+07, 1.000000e+00, 3.947704e+11, 0.000000e+00, 7.742070e+11
3.665668e+07, 1.000000e+00, 3.701257e+11, 0.000000e+00, 7.258749e+11
3.690226e+07, 1.000000e+00, 3.726054e+11, 0.000000e+00, 7.307379e+11
3.542365e+07, 1.000000e+00, 3.576757e+11, 0.000000e+00, 7.014584e+11
3.863884e+07, 1.000000e+00, 3.901397e+11, 0.000000e+00, 7.651254e+11
3.526216e+07, 1.000000e+00, 3.560451e+11, 0.000000e+00, 6.982605e+11
4.467674e+07, 1.000000e+00, 4.511049e+11, 0.000000e+00, 8.846879e+11
4.688991e+07, 1.000000e+00, 4.734515e+11, 0.000000e+00, 9.285130e+11
3.521741e+07, 1.000000e+00, 3.555933e+11, 0.000000e+00, 6.973745e+11
5.878611e+07, 1.000000e+00, 5.935685e+11, 0.000000e+00, 1.164081e+12
5.856062e+07, 1.000000e+00, 5.912916e+11, 0.000000e+00, 1.159616e+12
5.855543e+07, 1.000000e+00, 5.912392e+11, 0.000000e+00, 1.159513e+12
5.786142e+07, 1.000000e+00, 5.842318e+11, 0.000000e+00, 1.145771e+12
5.292264e+07, 1.000000e+00, 5.343645e+11, 0.000000e+00, 1.047973e+12
5.105480e+07, 1.000000e+00, 5.155048e+11, 0.000000e+00, 1.010986e+12
4.772346e+07, 1.000000e+00, 4.818679e+11, 0.000000e+00, 9.450190e+11
5.300474e+07, 1.000000e+00, 5.351935e+11, 0.000000e+00, 1.049599e+12
5.183807e+07, 1.000000e+00, 5.234135e+11, 0.000000e+00, 1.026496e+12
5.154246e+07, 1.000000e+00, 5.204287e+11, 0.000000e+00, 1.020643e+12
5.212544e+07, 1.000000e+00, 5.263151e+11, 0.000000e+00, 1.032187e+12
5.159312e+07, 1.000000e+00, 5.209403e+11, 0.000000e+00, 1.021646e+12
4.742363e+07, 1.000000e+00, 4.788405e+11, 0.000000e+00, 9.390818e+11
4.412786e+07, 1.000000e+00, 4.455629e+11, 0.000000e+00, 8.738191e+11
4.532275e+07, 1.000000e+00, 4.576277e+11, 0.000000e+00, 8.974802e+11
4.976141e+07, 1.000000e+00, 5.024453e+11, 0.000000e+00, 9.853744e+11
4.854716e+07, 1.000000e+00, 4.901849e+11, 0.000000e+00, 9.613298e+11
4.182552e+07, 1.000000e+00, 4.223159e+11, 0.000000e+00, 8.282281e+11
3.960590e+07, 1.000000e+00, 3.999042e+11, 0.000000e+00, 7.842753e+11
4.389639e+07, 1.000000e+00, 4.432257e+11, 0.000000e+00, 8.692355e+11
4.471467e+07, 1.000000e+00, 4.514879e+11, 0.000000e+00, 8.854391e+11
3.651162e+07, 1.000000e+00, 3.686610e+11, 0.000000e+00, 7.230024e+11
4.478185e+07, 1.000000e+00, 4.521663e+11, 0.000000e+00, 8.867694e+11
4.419810e+07, 1.000000e+00, 4.462721e+11, 0.000000e+00, 8.752099e+11
4.362307e+07, 1.000000e+00, 4.404659e+11, 0.000000e+00, 8.638231e+11
4.267096e+07, 1.000000e+00, 4.308524e+11, 0.000000e+00, 8.449695e+11
4.402081e+07, 1.000000e+00, 4.444820e+11, 0.000000e+00, 8.716993e+11
3.975619e+07, 1.250000e-01, 4.014217e+11, -8.750000e-01, 7.872513e+11
4.286890e+07, 1.250000e-01, 4.328510e+11, -8.750000e-01, 8.488891e+11
3.795991e+07, 1.250000e-01, 3.832845e+11, -8.750000e-01, 7.516814e+11
3.752490e+07, 1.250000e-01, 3.788922e+11, -8.750000e-01, 7.430673e+11
4.296459e+07, 1.250000e-01, 4.338172e+11, -8.750000e-01, 8.507839e+11
3.600476e+07, 1.250000e-01, 3.635432e+11, -8.750000e-01, 7.129656e+11
3.687231e+07, 1.250000e-01, 3.723029e+11, -8.750000e-01, 7.301447e+11
3.680460e+07, 1.250000e-01, 3.716192e+11, -8.750000e-01, 7.288039e+11
4.181878e+07, 1.250000e-01, 4.222479e+11, -8.750000e-01, 8.280947e+11
4.119262e+07, 1.250000e-01, 4.159254e+11, -8.750000e-01, 8.156954e+11
3.571721e+07, 1.250000e-01, 3.606398e+11, -8.750000e-01, 7.072715e+11
4.286228e+07, 1.250000e-01, 4.327842e+11, -8.750000e-01, 8.487580e+11
