1.894702e+10, 1.000000e+00, 1.913097e+14, 0.000000e+00, 3.751885e+14
1.911695e+10, 1.000000e+00, 1.930255e+14, 0.000000e+00, 3.785535e+14
1.857494e+10, 1.000000e+00, 1.875528e+14, 0.000000e+00, 3.678206e+14
1.875674e+10, 1.000000e+00, 1.893884e+14, 0.000000e+00, 3.714205e+14
1.908898e+10, 1.000000e+00, 1.927431e+14, 0.000000e+00, 3.779997e+14
1.863859e+10, 1.000000e+00, 1.881955e+14, 0.000000e+00, 3.690811e+14
1.879045e+10, 1.000000e+00, 1.897288e+14, 0.000000e+00, 3.720881e+14
1.809155e+10, 1.000000e+00, 1.826720e+14, 0.000000e+00, 3.582486e+14
1.845269e+10, 1.000000e+00, 1.863184e+14, 0.000000e+00, 3.653998e+14
1.823850e+10, 1.000000e+00, 1.841557e+14, 0.000000e+00, 3.611584e+14
1.644337e+10, 1.000000e+00, 1.660301e+14, 0.000000e+00, 3.256113e+14
1.826571e+10, 1.000000e+00, 1.844305e+14, 0.000000e+00, 3.616973e+14
1.786172e+10, 1.000000e+00, 1.803513e+14, 0.000000e+00, 3.536973e+14
1.761945e+10, 1.000000e+00, 1.779051e+14, 0.000000e+00, 3.489000e+14
1.752629e+10, 1.000000e+00, 1.769645e+14, 0.000000e+00, 3.470553e+14
1.718779e+10, 1.000000e+00, 1.735466e+14, 0.000000e+00, 3.403523e+14
1.748436e+10, 1.000000e+00, 1.765411e+14, 0.000000e+00, 3.462249e+14
1.650834e+10, 1.000000e+00, 1.666862e+14, 0.000000e+00, 3.268978e+14
1.628111e+10, 1.000000e+00, 1.643918e+14, 0.000000e+00, 3.223982e+14
1.590460e+10, 1.000000e+00, 1.605902e+14, 0.000000e+00, 3.149427e+14
1.540731e+10, 1.000000e+00, 1.555690e+14, 0.000000e+00, 3.050953e+14
1.567564e+10, 1.000000e+00, 1.582783e+14, 0.000000e+00, 3.104087e+14
1.581811e+10, 1.000000e+00, 1.597168e+14, 0.000000e+00, 3.132299e+14
1.492667e+10, 1.000000e+00, 1.507159e+14, 0.000000e+00, 2.955776e+14
1.513542e+10, 1.000000e+00, 1.528237e+14, 0.000000e+00, 2.997114e+14
1.558276e+10, 1.000000e+00, 1.573405e+14, 0.000000e+00, 3.085696e+14
1.542191e+10, 1.000000e+00, 1.557164e+14, 0.000000e+00, 3.053844e+14
1.507370e+10, 1.000000e+00, 1.522004e+14, 0.000000e+00, 2.984890e+14
1.494029e+10, 1.000000e+00, 1.508534e+14, 0.000000e+00, 2.958473e+14
1.518804e+10, 1.000000e+00, 1.533550e+14, 0.000000e+00, 3.007533e+14
1.560272e+10, 1.000000e+00, 1.575420e+14, 0.000000e+00, 3.089647e+14
1.441965e+10, 1.000000e+00, 1.455965e+14, 0.000000e+00, 2.855377e+14
1.424751e+10, 1.000000e+00, 1.438584e+14, 0.000000e+00, 2.821289e+14
1.365877e+10, 1.000000e+00, 1.379138e+14, 0.000000e+00, 2.704706e+14
1.409893e+10, 1.000000e+00, 1.423581e+14, 0.000000e+00, 2.791867e+14
1.403674e+10, 1.000000e+00, 1.417302e+14, 0.000000e+00, 2.779553e+14
1.456055e+10, 1.000000e+00, 1.470192e+14, 0.000000e+00, 2.883278e+14
1.422079e+10, 1.000000e+00, 1.435886e+14, 0.000000e+00, 2.815998e+14
1.478104e+10, 1.000000e+00, 1.492455e+14, 0.000000e+00, 2.926940e+14
1.433674e+10, 1.000000e+00, 1.447593e+14, 0.000000e+00, 2.838958e+14
1.438082e+10, 1.000000e+00, 1.452044e+14, 0.000000e+00, 2.847687e+14
1.281039e+10, 1.000000e+00, 1.293476e+14, 0.000000e+00, 2.536711e+14
1.235859e+10, 1.000000e+00, 1.247857e+14, 0.000000e+00, 2.447245e+14
1.218712e+10, 1.000000e+00, 1.230544e+14, 0.000000e+00, 2.413292e+14
1.356876e+10, 1.000000e+00, 1.370049e+14, 0.000000e+00, 2.686883e+14
1.315854e+10, 1.000000e+00, 1.328630e+14, 0.000000e+00, 2.605652e+14
1.279831e+10, 1.000000e+00, 1.292256e+14, 0.000000e+00, 2.534318e+14
1.269967e+10, 1.000000e+00, 1.282297e+14, 0.000000e+00, 2.514787e+14
1.265371e+10, 1.000000e+00, 1.277656e+14, 0.000000e+00, 2.505686e+14
1.321850e+10, 1.000000e+00, 1.334683e+14, 0.000000e+00, 2.617524e+14
1.332558e+10, 1.000000e+00, 1.345495e+14, 0.000000e+00, 2.638728e+14
1.249631e+10, 1.000000e+00, 1.261763e+14, 0.000000e+00, 2.474517e+14
1.248204e+10, 1.000000e+00, 1.260322e+14, 0.000000e+00, 2.471691e+14
1.170281e+10, 1.000000e+00, 1.181643e+14, 0.000000e+00, 2.317388e+14
1.178121e+10, 1.000000e+00, 1.189559e+14, 0.000000e+00, 2.332913e+14
1.130916e+10, 1.000000e+00, 1.141896e+14, 0.000000e+00, 2.239437e+14
1.233562e+10, 1.000000e+00, 1.245538e+14, 0.000000e+00, 2.442697e+14
1.125760e+10, 1.000000e+00, 1.136690e+14, 0.000000e+00, 2.229228e+14
1.426325e+10, 1.000000e+00, 1.440173e+14, 0.000000e+00, 2.824406e+14
1.496981e+10, 1.000000e+00, 1.511515e+14, 0.000000e+00, 2.964319e+14
1.124332e+10, 1.000000e+00, 1.135248e+14, 0.000000e+00, 2.226399e+14
1.876773e+10, 1.000000e+00, 1.894994e+14, 0.000000e+00, 3.716382e+14
1.869574e+10, 1.000000e+00, 1.887725e+14, 0.000000e+00, 3.702127e+14
1.869408e+10, 1.000000e+00, 1.887558e+14, 0.000000e+00, 3.701798e+14
1.847252e+10, 1.000000e+00, 1.865186e+14, 0.000000e+00, 3.657924e+14
1.689579e+10, 1.000000e+00, 1.705983e+14, 0.000000e+00, 3.345701e+14
1.629947e+10, 1.000000e+00, 1.645772e+14, 0.000000e+00, 3.227619e+14
1.523593e+10, 1.000000e+00, 1.538385e+14, 0.000000e+00, 3.017016e+14
1.692200e+10, 1.000000e+00, 1.708629e+14, 0.000000e+00, 3.350891e+14
1.654954e+10, 1.000000e+00, 1.671021e+14, 0.000000e+00, 3.277136e+14
1.645516e+10, 1.000000e+00, 1.661492e+14, 0.000000e+00, 3.258447e+14
1.664128e+10, 1.000000e+00, 1.680285e+14, 0.000000e+00, 3.295303e+14
1.647134e+10, 1.000000e+00, 1.663125e+14, 0.000000e+00, 3.261651e+14
1.514021e+10, 1.000000e+00, 1.528720e+14, 0.000000e+00, 2.998061e+14
1.408802e+10, 1.000000e+00, 1.422479e+14, 0.000000e+00, 2.789707e+14
1.446949e+10, 1.000000e+00, 1.460997e+14, 0.000000e+00, 2.865246e+14
1.588655e+10, 1.000000e+00, 1.604079e+14, 0.000000e+00, 3.145852e+14
1.549890e+10, 1.000000e+00, 1.564937e+14, 0.000000e+00, 3.069089e+14
1.335298e+10, 1.000000e+00, 1.348262e+14, 0.000000e+00, 2.644155e+14
1.264436e+10, 1.000000e+00, 1.276712e+14, 0.000000e+00, 2.503834e+14
1.401412e+10, 1.000000e+00, 1.415018e+14, 0.000000e+00, 2.775073e+14
1.427536e+10, 1.000000e+00, 1.441395e+14, 0.000000e+00, 2.826804e+14
1.165650e+10, 1.000000e+00, 1.176967e+14, 0.000000e+00, 2.308218e+14
1.429681e+10, 1.000000e+00, 1.443561e+14, 0.000000e+00, 2.831051e+14
1.411044e+10, 1.000000e+00, 1.424744e+14, 0.000000e+00, 2.794147e+14
1.392686e+10, 1.000000e+00, 1.406207e+14, 0.000000e+00, 2.757794e+14
1.362289e+10, 1.000000e+00, 1.375516e+14, 0.000000e+00, 2.697603e+14
1.405384e+10, 1.000000e+00, 1.419029e+14, 0.000000e+00, 2.782939e+14
1.269234e+10, 1.250000e-01, 1.281557e+14, -8.750000e-01, 2.513335e+14
1.368609e+10, 1.250000e-01, 1.381896e+14, -8.750000e-01, 2.710117e+14
1.211887e+10, 1.250000e-01, 1.223653e+14, -8.750000e-01, 2.399777e+14
1.197999e+10, 1.250000e-01, 1.209630e+14, -8.750000e-01, 2.372276e+14
1.371664e+10, 1.250000e-01, 1.384981e+14, -8.750000e-01, 2.716166e+14
1.149468e+10, 1.250000e-01, 1.160628e+14, -8.750000e-01, 2.276174e+14
1.177165e+10, 1.250000e-01, 1.188594e+14, -8.750000e-01, 2.331020e+14
1.175003e+10, 1.250000e-01, 1.186411e+14, -8.750000e-01, 2.326739e+14
1.335083e+10, 1.250000e-01, 1.348045e+14, -8.750000e-01, 2.643729e+14
1.315093e+10, 1.250000e-01, 1.327861e+14, -8.750000e-01, 2.604144e+14
1.140288e+10, 1.250000e-01, 1.151359e+14, -8.750000e-01, 2.257996e+14
1.368397e+10, 1.250000e-01, 1.381683e+14, -8.750000e-01, 2.709698e+14
