1.684365e+10, 1.000000e+00, 1.700718e+14, 0.000000e+00, 3.335375e+14
1.699471e+10, 1.000000e+00, 1.715971e+14, 0.000000e+00, 3.365290e+14
1.651287e+10, 1.000000e+00, 1.667319e+14, 0.000000e+00, 3.269876e+14
1.667449e+10, 1.000000e+00, 1.683637e+14, 0.000000e+00, 3.301878e+14
1.696985e+10, 1.000000e+00, 1.713460e+14, 0.000000e+00, 3.360366e+14
1.656946e+10, 1.000000e+00, 1.673033e+14, 0.000000e+00, 3.281081e+14
1.670446e+10, 1.000000e+00, 1.686663e+14, 0.000000e+00, 3.307813e+14
1.608315e+10, 1.000000e+00, 1.623929e+14, 0.000000e+00, 3.184781e+14
1.640419e+10, 1.000000e+00, 1.656346e+14, 0.000000e+00, 3.248355e+14
1.621378e+10, 1.000000e+00, 1.637120e+14, 0.000000e+00, 3.210650e+14
1.461793e+10, 1.000000e+00, 1.475985e+14, 0.000000e+00, 2.894640e+14
1.623797e+10, 1.000000e+00, 1.639562e+14, 0.000000e+00, 3.215440e+14
1.587882e+10, 1.000000e+00, 1.603299e+14, 0.000000e+00, 3.144322e+14
1.566345e+10, 1.000000e+00, 1.581553e+14, 0.000000e+00, 3.101674e+14
1.558064e+10, 1.000000e+00, 1.573191e+14, 0.000000e+00, 3.085275e+14
1.527971e+10, 1.000000e+00, 1.542806e+14, 0.000000e+00, 3.025686e+14
1.554336e+10, 1.000000e+00, 1.569426e+14, 0.000000e+00, 3.077892e+14
1.467569e+10, 1.000000e+00, 1.481817e+14, 0.000000e+00, 2.906078e+14
1.447369e+10, 1.000000e+00, 1.461421e+14, 0.000000e+00, 2.866076e+14
1.413898e+10, 1.000000e+00, 1.427625e+14, 0.000000e+00, 2.799798e+14
1.369689e+10, 1.000000e+00, 1.382987e+14, 0.000000e+00, 2.712256e+14
1.393543e+10, 1.000000e+00, 1.407073e+14, 0.000000e+00, 2.759491e+14
1.406209e+10, 1.000000e+00, 1.419861e+14, 0.000000e+00, 2.784571e+14
1.326961e+10, 1.000000e+00, 1.339844e+14, 0.000000e+00, 2.627645e+14
1.345519e+10, 1.000000e+00, 1.358582e+14, 0.000000e+00, 2.664394e+14
1.385287e+10, 1.000000e+00, 1.398736e+14, 0.000000e+00, 2.743142e+14
1.370987e+10, 1.000000e+00, 1.384298e+14, 0.000000e+00, 2.714826e+14
1.340031e+10, 1.000000e+00, 1.353041e+14, 0.000000e+00, 2.653527e+14
1.328172e+10, 1.000000e+00, 1.341066e+14, 0.000000e+00, 2.630043e+14
1.350197e+10, 1.000000e+00, 1.363305e+14, 0.000000e+00, 2.673657e+14
1.387061e+10, 1.000000e+00, 1.400527e+14, 0.000000e+00, 2.746655e+14
1.281888e+10, 1.000000e+00, 1.294333e+14, 0.000000e+00, 2.538391e+14
1.266585e+10, 1.000000e+00, 1.278881e+14, 0.000000e+00, 2.508088e+14
1.214246e+10, 1.000000e+00, 1.226035e+14, 0.000000e+00, 2.404447e+14
1.253376e+10, 1.000000e+00, 1.265544e+14, 0.000000e+00, 2.481932e+14
1.247847e+10, 1.000000e+00, 1.259962e+14, 0.000000e+00, 2.470985e+14
1.294413e+10, 1.000000e+00, 1.306981e+14, 0.000000e+00, 2.563195e+14
1.264209e+10, 1.000000e+00, 1.276483e+14, 0.000000e+00, 2.503385e+14
1.314015e+10, 1.000000e+00, 1.326772e+14, 0.000000e+00, 2.602010e+14
1.274517e+10, 1.000000e+00, 1.286891e+14, 0.000000e+00, 2.523796e+14
1.278435e+10, 1.000000e+00, 1.290847e+14, 0.000000e+00, 2.531555e+14
1.138826e+10, 1.000000e+00, 1.149883e+14, 0.000000e+00, 2.255102e+14
1.098662e+10, 1.000000e+00, 1.109328e+14, 0.000000e+00, 2.175568e+14
1.083419e+10, 1.000000e+00, 1.093937e+14, 0.000000e+00, 2.145384e+14
1.206244e+10, 1.000000e+00, 1.217955e+14, 0.000000e+00, 2.388603e+14
1.169777e+10, 1.000000e+00, 1.181134e+14, 0.000000e+00, 2.316390e+14
1.137752e+10, 1.000000e+00, 1.148798e+14, 0.000000e+00, 2.252974e+14
1.128984e+10, 1.000000e+00, 1.139945e+14, 0.000000e+00, 2.235612e+14
1.124898e+10, 1.000000e+00, 1.135819e+14, 0.000000e+00, 2.227521e+14
1.175107e+10, 1.000000e+00, 1.186515e+14, 0.000000e+00, 2.326944e+14
1.184626e+10, 1.000000e+00, 1.196127e+14, 0.000000e+00, 2.345794e+14
1.110905e+10, 1.000000e+00, 1.121691e+14, 0.000000e+00, 2.199812e+14
1.109636e+10, 1.000000e+00, 1.120409e+14, 0.000000e+00, 2.197300e+14
1.040364e+10, 1.000000e+00, 1.050465e+14, 0.000000e+00, 2.060127e+14
1.047334e+10, 1.000000e+00, 1.057502e+14, 0.000000e+00, 2.073929e+14
1.005369e+10, 1.000000e+00, 1.015130e+14, 0.000000e+00, 1.990830e+14
1.096620e+10, 1.000000e+00, 1.107267e+14, 0.000000e+00, 2.171525e+14
1.000786e+10, 1.000000e+00, 1.010502e+14, 0.000000e+00, 1.981754e+14
1.267984e+10, 1.000000e+00, 1.280294e+14, 0.000000e+00, 2.510858e+14
1.330796e+10, 1.000000e+00, 1.343716e+14, 0.000000e+00, 2.635240e+14
9.995157e+09, 1.000000e+00, 1.009220e+14, 0.000000e+00, 1.979239e+14
1.668426e+10, 1.000000e+00, 1.684624e+14, 0.000000e+00, 3.303813e+14
1.662026e+10, 1.000000e+00, 1.678162e+14, 0.000000e+00, 3.291141e+14
1.661879e+10, 1.000000e+00, 1.678013e+14, 0.000000e+00, 3.290849e+14
1.642182e+10, 1.000000e+00, 1.658125e+14, 0.000000e+00, 3.251845e+14
1.502013e+10, 1.000000e+00, 1.516595e+14, 0.000000e+00, 2.974283e+14
1.449001e+10, 1.000000e+00, 1.463069e+14, 0.000000e+00, 2.869310e+14
1.354453e+10, 1.000000e+00, 1.367603e+14, 0.000000e+00, 2.682086e+14
1.504343e+10, 1.000000e+00, 1.518948e+14, 0.000000e+00, 2.978897e+14
1.471231e+10, 1.000000e+00, 1.485515e+14, 0.000000e+00, 2.913329e+14
1.462841e+10, 1.000000e+00, 1.477044e+14, 0.000000e+00, 2.896716e+14
1.479387e+10, 1.000000e+00, 1.493750e+14, 0.000000e+00, 2.929480e+14
1.464279e+10, 1.000000e+00, 1.478496e+14, 0.000000e+00, 2.899563e+14
1.345944e+10, 1.000000e+00, 1.359011e+14, 0.000000e+00, 2.665236e+14
1.252406e+10, 1.000000e+00, 1.264565e+14, 0.000000e+00, 2.480011e+14
1.286318e+10, 1.000000e+00, 1.298807e+14, 0.000000e+00, 2.547165e+14
1.412293e+10, 1.000000e+00, 1.426005e+14, 0.000000e+00, 2.796620e+14
1.377831e+10, 1.000000e+00, 1.391208e+14, 0.000000e+00, 2.728378e+14
1.187062e+10, 1.000000e+00, 1.198587e+14, 0.000000e+00, 2.350618e+14
1.124067e+10, 1.000000e+00, 1.134980e+14, 0.000000e+00, 2.225875e+14
1.245836e+10, 1.000000e+00, 1.257932e+14, 0.000000e+00, 2.467003e+14
1.269060e+10, 1.000000e+00, 1.281381e+14, 0.000000e+00, 2.512990e+14
1.036247e+10, 1.000000e+00, 1.046308e+14, 0.000000e+00, 2.051974e+14
1.270967e+10, 1.000000e+00, 1.283306e+14, 0.000000e+00, 2.516766e+14
1.254399e+10, 1.000000e+00, 1.266578e+14, 0.000000e+00, 2.483959e+14
1.238079e+10, 1.000000e+00, 1.250099e+14, 0.000000e+00, 2.451642e+14
1.211057e+10, 1.000000e+00, 1.222815e+14, 0.000000e+00, 2.398133e+14
1.249368e+10, 1.000000e+00, 1.261497e+14, 0.000000e+00, 2.473995e+14
1.128332e+10, 1.250000e-01, 1.139287e+14, -8.750000e-01, 2.234321e+14
1.216675e+10, 1.250000e-01, 1.228487e+14, -8.750000e-01, 2.409257e+14
1.077351e+10, 1.250000e-01, 1.087811e+14, -8.750000e-01, 2.133369e+14
1.065005e+10, 1.250000e-01, 1.075345e+14, -8.750000e-01, 2.108921e+14
1.219390e+10, 1.250000e-01, 1.231229e+14, -8.750000e-01, 2.414635e+14
1.021862e+10, 1.250000e-01, 1.031783e+14, -8.750000e-01, 2.023488e+14
1.046484e+10, 1.250000e-01, 1.056644e+14, -8.750000e-01, 2.072245e+14
1.044562e+10, 1.250000e-01, 1.054703e+14, -8.750000e-01, 2.068440e+14
1.186871e+10, 1.250000e-01, 1.198394e+14, -8.750000e-01, 2.350240e+14
1.169100e+10, 1.250000e-01, 1.180450e+14, -8.750000e-01, 2.315049e+14
1.013701e+10, 1.250000e-01, 1.023542e+14, -8.750000e-01, 2.007328e+14
1.216487e+10, 1.250000e-01, 1.228297e+14, -8.750000e-01, 2.408885e+14
