3.089591e+01, 1.000000e+00, 1.365936e+05, 0.000000e+00, 2.679243e+05
2.920633e+01, 1.000000e+00, 1.373008e+05, 0.000000e+00, 2.691478e+05
1.788989e+01, 1.000000e+00, 1.321565e+05, 0.000000e+00, 2.591922e+05
2.289656e+01, 1.000000e+00, 1.348216e+05, 0.000000e+00, 2.644334e+05
1.920253e+01, 1.000000e+00, 1.364000e+05, 0.000000e+00, 2.675215e+05
2.434628e+01, 1.000000e+00, 1.339656e+05, 0.000000e+00, 2.625823e+05
1.354160e+01, 1.000000e+00, 1.351510e+05, 0.000000e+00, 2.449355e+05
1.284928e+01, 1.000000e+00, 1.297407e+05, 0.000000e+00, 2.514953e+05
2.005064e+01, 1.000000e+00, 1.320992e+05, 0.000000e+00, 2.586385e+05
2.652787e+01, 1.000000e+00, 1.303242e+05, 0.000000e+00, 2.556120e+05
1.162709e+01, 1.000000e+00, 1.173986e+05, 0.000000e+00, 2.283382e+05
1.620653e+01, 1.000000e+00, 1.302948e+05, 0.000000e+00, 2.555291e+05
1.876503e+01, 1.000000e+00, 1.274143e+05, 0.000000e+00, 2.459252e+05
1.244280e+01, 1.000000e+00, 1.256305e+05, 0.000000e+00, 2.437938e+05
1.248044e+01, 1.000000e+00, 1.253453e+05, 0.000000e+00, 2.312672e+05
1.216331e+01, 1.000000e+00, 1.228114e+05, 0.000000e+00, 2.385018e+05
1.925135e+01, 1.000000e+00, 1.245606e+05, 0.000000e+00, 2.438698e+05
2.448040e+01, 1.000000e+00, 1.169846e+05, 0.000000e+00, 2.293843e+05
2.430685e+01, 1.000000e+00, 1.160089e+05, 0.000000e+00, 2.273126e+05
1.494976e+01, 1.000000e+00, 1.130043e+05, 0.000000e+00, 2.216163e+05
2.132278e+01, 1.000000e+00, 1.096322e+05, 0.000000e+00, 2.149902e+05
3.352435e+01, 1.000000e+00, 1.116337e+05, 0.000000e+00, 2.189788e+05
2.143009e+01, 1.000000e+00, 1.120615e+05, 0.000000e+00, 2.197694e+05
1.865307e+01, 1.000000e+00, 1.061948e+05, 0.000000e+00, 2.082468e+05
2.174951e+01, 1.000000e+00, 1.070713e+05, 0.000000e+00, 2.101832e+05
2.646160e+01, 1.000000e+00, 1.109776e+05, 0.000000e+00, 2.178380e+05
1.082791e+01, 1.000000e+00, 1.093304e+05, 0.000000e+00, 2.131959e+05
1.659428e+01, 1.000000e+00, 1.068236e+05, 0.000000e+00, 2.075674e+05
1.393350e+01, 1.000000e+00, 1.056277e+05, 0.000000e+00, 2.072277e+05
1.784220e+01, 1.000000e+00, 1.077487e+05, 0.000000e+00, 2.113715e+05
1.289750e+01, 1.000000e+00, 1.107965e+05, 0.000000e+00, 2.172934e+05
2.271376e+01, 1.000000e+00, 1.018146e+05, 0.000000e+00, 1.997182e+05
9.971209e+00, 1.000000e+00, 1.006803e+05, 0.000000e+00, 1.969639e+05
1.231458e+01, 1.000000e+00, 9.613504e+04, 0.000000e+00, 1.884873e+05
9.853890e+00, 1.000000e+00, 9.949573e+04, 0.000000e+00, 1.947411e+05
9.808689e+00, 1.000000e+00, 9.903927e+04, 0.000000e+00, 1.938846e+05
1.020597e+01, 1.000000e+00, 1.030511e+05, 0.000000e+00, 2.014121e+05
9.942131e+00, 1.000000e+00, 1.003809e+05, 0.000000e+00, 1.964130e+05
1.038352e+01, 1.000000e+00, 1.048444e+05, 0.000000e+00, 2.047761e+05
1.395674e+01, 1.000000e+00, 1.014541e+05, 0.000000e+00, 1.991885e+05
1.625081e+01, 1.000000e+00, 1.016190e+05, 0.000000e+00, 1.990103e+05
1.550099e+01, 1.000000e+00, 8.960656e+04, 0.000000e+00, 1.760893e+05
1.443539e+01, 1.000000e+00, 8.567068e+04, 0.000000e+00, 1.677776e+05
8.394244e+00, 1.000000e+00, 8.475743e+04, 0.000000e+00, 1.670848e+05
1.038229e+01, 1.000000e+00, 9.541794e+04, 0.000000e+00, 1.871193e+05
2.112536e+01, 1.000000e+00, 9.228966e+04, 0.000000e+00, 1.812425e+05
1.302804e+01, 1.000000e+00, 8.956595e+04, 0.000000e+00, 1.756596e+05
1.135541e+01, 1.000000e+00, 8.893466e+04, 0.000000e+00, 1.744185e+05
1.510613e+01, 1.000000e+00, 8.806717e+04, 0.000000e+00, 1.729984e+05
1.583495e+01, 1.000000e+00, 9.277774e+04, 0.000000e+00, 1.822338e+05
1.595589e+01, 1.000000e+00, 9.366309e+04, 0.000000e+00, 1.839733e+05
1.596380e+01, 1.000000e+00, 8.711172e+04, 0.000000e+00, 1.712675e+05
1.578578e+01, 1.000000e+00, 8.735764e+04, 0.000000e+00, 1.719807e+05
7.985312e+00, 1.000000e+00, 8.062856e+04, 0.000000e+00, 1.593367e+05
1.094157e+01, 1.000000e+00, 8.189103e+04, 0.000000e+00, 1.606569e+05
2.065366e+01, 1.000000e+00, 7.859955e+04, 0.000000e+00, 1.542961e+05
1.508742e+01, 1.000000e+00, 8.640233e+04, 0.000000e+00, 1.699062e+05
1.432887e+01, 1.000000e+00, 7.784980e+04, 0.000000e+00, 1.533561e+05
2.028797e+01, 1.000000e+00, 1.006118e+05, 0.000000e+00, 1.973948e+05
1.406438e+01, 1.000000e+00, 1.061250e+05, 0.000000e+00, 2.081304e+05
7.795380e+00, 1.000000e+00, 7.829533e+04, 0.000000e+00, 1.588265e+05
2.047212e+01, 1.000000e+00, 1.334036e+05, 0.000000e+00, 2.607483e+05
1.324511e+01, 1.000000e+00, 1.337237e+05, 0.000000e+00, 2.589953e+05
1.980299e+01, 1.000000e+00, 1.337074e+05, 0.000000e+00, 2.606103e+05
1.310156e+01, 1.000000e+00, 1.322875e+05, 0.000000e+00, 2.562753e+05
2.398288e+01, 1.000000e+00, 1.203059e+05, 0.000000e+00, 2.357371e+05
1.681243e+01, 1.000000e+00, 1.157138e+05, 0.000000e+00, 2.268448e+05
1.070487e+01, 1.000000e+00, 1.080882e+05, 0.000000e+00, 2.108649e+05
1.574087e+01, 1.000000e+00, 1.203455e+05, 0.000000e+00, 2.358186e+05
1.832090e+01, 1.000000e+00, 1.178786e+05, 0.000000e+00, 2.307479e+05
1.166934e+01, 1.000000e+00, 1.178237e+05, 0.000000e+00, 2.291388e+05
1.176100e+01, 1.000000e+00, 1.187521e+05, 0.000000e+00, 2.308756e+05
1.158333e+01, 1.000000e+00, 1.169580e+05, 0.000000e+00, 2.275091e+05
1.063059e+01, 1.000000e+00, 1.073382e+05, 0.000000e+00, 2.094574e+05
1.686214e+01, 1.000000e+00, 9.941622e+04, 0.000000e+00, 1.953229e+05
1.036241e+01, 1.000000e+00, 1.024531e+05, 0.000000e+00, 2.005322e+05
1.119581e+01, 1.000000e+00, 1.130451e+05, 0.000000e+00, 2.201666e+05
2.501079e+01, 1.000000e+00, 1.098305e+05, 0.000000e+00, 2.154206e+05
1.449540e+01, 1.000000e+00, 9.387443e+04, 0.000000e+00, 1.842074e+05
8.851141e+00, 1.000000e+00, 8.787585e+04, 0.000000e+00, 1.761001e+05
2.123456e+01, 1.000000e+00, 9.884876e+04, 0.000000e+00, 1.938775e+05
1.222396e+01, 1.000000e+00, 1.006736e+05, 0.000000e+00, 1.974542e+05
1.620667e+01, 1.000000e+00, 8.135583e+04, 0.000000e+00, 1.595975e+05
1.026731e+01, 1.000000e+00, 1.008977e+05, 0.000000e+00, 1.978465e+05
9.877503e+00, 1.000000e+00, 9.973434e+04, 0.000000e+00, 1.951885e+05
1.653551e+01, 1.000000e+00, 9.826930e+04, 0.000000e+00, 1.930523e+05
1.828964e+01, 1.000000e+00, 9.589877e+04, 0.000000e+00, 1.880897e+05
9.867164e+00, 1.000000e+00, 9.908431e+04, 0.000000e+00, 1.933046e+05
8.838397e+00, 1.250000e-01, 8.879480e+04, -8.750000e-01, 1.765813e+05
9.542793e+00, 1.250000e-01, 9.635567e+04, -8.750000e-01, 1.888489e+05
8.382118e+00, 1.250000e-01, 8.463626e+04, -8.750000e-01, 1.668562e+05
9.014751e+00, 1.250000e-01, 8.361747e+04, -8.750000e-01, 1.639892e+05
1.577789e+01, 1.250000e-01, 9.660300e+04, -8.750000e-01, 1.896539e+05
1.379717e+01, 1.250000e-01, 7.975633e+04, -8.750000e-01, 1.568436e+05
1.414370e+01, 1.250000e-01, 8.215551e+04, -8.750000e-01, 1.613058e+05
8.107860e+00, 1.250000e-01, 8.184271e+04, -8.750000e-01, 1.617223e+05
9.530621e+00, 1.250000e-01, 9.385931e+04, -8.750000e-01, 1.844413e+05
9.171320e+00, 1.250000e-01, 9.233682e+04, -8.750000e-01, 1.819806e+05
7.868438e+00, 1.250000e-01, 7.944962e+04, -8.750000e-01, 1.571234e+05
9.545189e+00, 1.250000e-01, 9.634174e+04, -8.750000e-01, 1.889028e+05
