4.283701e+11, 1.000000e+00, 4.325290e+15, 0.000000e+00, 8.482575e+15
4.322120e+11, 1.000000e+00, 4.364082e+15, 0.000000e+00, 8.558654e+15
4.199578e+11, 1.000000e+00, 4.240350e+15, 0.000000e+00, 8.315995e+15
4.240680e+11, 1.000000e+00, 4.281851e+15, 0.000000e+00, 8.397385e+15
4.315797e+11, 1.000000e+00, 4.357697e+15, 0.000000e+00, 8.546132e+15
4.213969e+11, 1.000000e+00, 4.254881e+15, 0.000000e+00, 8.344492e+15
4.248301e+11, 1.000000e+00, 4.289547e+15, 0.000000e+00, 8.412478e+15
4.090289e+11, 1.000000e+00, 4.130000e+15, 0.000000e+00, 8.099582e+15
4.171938e+11, 1.000000e+00, 4.212442e+15, 0.000000e+00, 8.261264e+15
4.123512e+11, 1.000000e+00, 4.163546e+15, 0.000000e+00, 8.165371e+15
3.717654e+11, 1.000000e+00, 3.753748e+15, 0.000000e+00, 7.361691e+15
4.129665e+11, 1.000000e+00, 4.169758e+15, 0.000000e+00, 8.177554e+15
4.038326e+11, 1.000000e+00, 4.077533e+15, 0.000000e+00, 7.996684e+15
3.983553e+11, 1.000000e+00, 4.022228e+15, 0.000000e+00, 7.888223e+15
3.962491e+11, 1.000000e+00, 4.000961e+15, 0.000000e+00, 7.846516e+15
3.885959e+11, 1.000000e+00, 3.923687e+15, 0.000000e+00, 7.694968e+15
3.953009e+11, 1.000000e+00, 3.991388e+15, 0.000000e+00, 7.827741e+15
3.732343e+11, 1.000000e+00, 3.768580e+15, 0.000000e+00, 7.390779e+15
3.680969e+11, 1.000000e+00, 3.716706e+15, 0.000000e+00, 7.289047e+15
3.595846e+11, 1.000000e+00, 3.630757e+15, 0.000000e+00, 7.120486e+15
3.483413e+11, 1.000000e+00, 3.517233e+15, 0.000000e+00, 6.897848e+15
3.544079e+11, 1.000000e+00, 3.578488e+15, 0.000000e+00, 7.017978e+15
3.576290e+11, 1.000000e+00, 3.611011e+15, 0.000000e+00, 7.081763e+15
3.374746e+11, 1.000000e+00, 3.407511e+15, 0.000000e+00, 6.682666e+15
3.421943e+11, 1.000000e+00, 3.455166e+15, 0.000000e+00, 6.776125e+15
3.523081e+11, 1.000000e+00, 3.557286e+15, 0.000000e+00, 6.976398e+15
3.486715e+11, 1.000000e+00, 3.520566e+15, 0.000000e+00, 6.904386e+15
3.407987e+11, 1.000000e+00, 3.441074e+15, 0.000000e+00, 6.748489e+15
3.377825e+11, 1.000000e+00, 3.410620e+15, 0.000000e+00, 6.688763e+15
3.433840e+11, 1.000000e+00, 3.467178e+15, 0.000000e+00, 6.799682e+15
3.527593e+11, 1.000000e+00, 3.561841e+15, 0.000000e+00, 6.985332e+15
3.260115e+11, 1.000000e+00, 3.291767e+15, 0.000000e+00, 6.455674e+15
3.221196e+11, 1.000000e+00, 3.252470e+15, 0.000000e+00, 6.378607e+15
3.088088e+11, 1.000000e+00, 3.118069e+15, 0.000000e+00, 6.115026e+15
3.187603e+11, 1.000000e+00, 3.218551e+15, 0.000000e+00, 6.312085e+15
3.173544e+11, 1.000000e+00, 3.204355e+15, 0.000000e+00, 6.284245e+15
3.291971e+11, 1.000000e+00, 3.323932e+15, 0.000000e+00, 6.518755e+15
3.215155e+11, 1.000000e+00, 3.246370e+15, 0.000000e+00, 6.366644e+15
3.341822e+11, 1.000000e+00, 3.374267e+15, 0.000000e+00, 6.617469e+15
3.241370e+11, 1.000000e+00, 3.272839e+15, 0.000000e+00, 6.418554e+15
3.251336e+11, 1.000000e+00, 3.282902e+15, 0.000000e+00, 6.438289e+15
2.896280e+11, 1.000000e+00, 2.924399e+15, 0.000000e+00, 5.735208e+15
2.794133e+11, 1.000000e+00, 2.821260e+15, 0.000000e+00, 5.532936e+15
2.755366e+11, 1.000000e+00, 2.782117e+15, 0.000000e+00, 5.456171e+15
3.067738e+11, 1.000000e+00, 3.097522e+15, 0.000000e+00, 6.074729e+15
2.974993e+11, 1.000000e+00, 3.003877e+15, 0.000000e+00, 5.891076e+15
2.893548e+11, 1.000000e+00, 2.921640e+15, 0.000000e+00, 5.729797e+15
2.871248e+11, 1.000000e+00, 2.899124e+15, 0.000000e+00, 5.685640e+15
2.860857e+11, 1.000000e+00, 2.888632e+15, 0.000000e+00, 5.665063e+15
2.988548e+11, 1.000000e+00, 3.017563e+15, 0.000000e+00, 5.917917e+15
3.012758e+11, 1.000000e+00, 3.042008e+15, 0.000000e+00, 5.965857e+15
2.825270e+11, 1.000000e+00, 2.852700e+15, 0.000000e+00, 5.594595e+15
2.822043e+11, 1.000000e+00, 2.849441e+15, 0.000000e+00, 5.588204e+15
2.645869e+11, 1.000000e+00, 2.671557e+15, 0.000000e+00, 5.239344e+15
2.663595e+11, 1.000000e+00, 2.689455e+15, 0.000000e+00, 5.274445e+15
2.556869e+11, 1.000000e+00, 2.581693e+15, 0.000000e+00, 5.063107e+15
2.788940e+11, 1.000000e+00, 2.816017e+15, 0.000000e+00, 5.522654e+15
2.545213e+11, 1.000000e+00, 2.569923e+15, 0.000000e+00, 5.040025e+15
3.224754e+11, 1.000000e+00, 3.256062e+15, 0.000000e+00, 6.385652e+15
3.384500e+11, 1.000000e+00, 3.417359e+15, 0.000000e+00, 6.701981e+15
2.541983e+11, 1.000000e+00, 2.566662e+15, 0.000000e+00, 5.033630e+15
4.243165e+11, 1.000000e+00, 4.284360e+15, 0.000000e+00, 8.402307e+15
4.226889e+11, 1.000000e+00, 4.267926e+15, 0.000000e+00, 8.370077e+15
4.226514e+11, 1.000000e+00, 4.267548e+15, 0.000000e+00, 8.369335e+15
4.176421e+11, 1.000000e+00, 4.216968e+15, 0.000000e+00, 8.270140e+15
3.819941e+11, 1.000000e+00, 3.857028e+15, 0.000000e+00, 7.564240e+15
3.685121e+11, 1.000000e+00, 3.720899e+15, 0.000000e+00, 7.297270e+15
3.444666e+11, 1.000000e+00, 3.478109e+15, 0.000000e+00, 6.821120e+15
3.825867e+11, 1.000000e+00, 3.863011e+15, 0.000000e+00, 7.575974e+15
3.741657e+11, 1.000000e+00, 3.777984e+15, 0.000000e+00, 7.409222e+15
3.720320e+11, 1.000000e+00, 3.756439e+15, 0.000000e+00, 7.366970e+15
3.762400e+11, 1.000000e+00, 3.798928e+15, 0.000000e+00, 7.450296e+15
3.723977e+11, 1.000000e+00, 3.760132e+15, 0.000000e+00, 7.374212e+15
3.423024e+11, 1.000000e+00, 3.456257e+15, 0.000000e+00, 6.778266e+15
3.185137e+11, 1.000000e+00, 3.216060e+15, 0.000000e+00, 6.307201e+15
3.271383e+11, 1.000000e+00, 3.303144e+15, 0.000000e+00, 6.477986e+15
3.591764e+11, 1.000000e+00, 3.626636e+15, 0.000000e+00, 7.112405e+15
3.504120e+11, 1.000000e+00, 3.538140e+15, 0.000000e+00, 6.938851e+15
3.018954e+11, 1.000000e+00, 3.048264e+15, 0.000000e+00, 5.978127e+15
2.858743e+11, 1.000000e+00, 2.886497e+15, 0.000000e+00, 5.660877e+15
3.168429e+11, 1.000000e+00, 3.199191e+15, 0.000000e+00, 6.274117e+15
3.227492e+11, 1.000000e+00, 3.258827e+15, 0.000000e+00, 6.391074e+15
2.635399e+11, 1.000000e+00, 2.660985e+15, 0.000000e+00, 5.218611e+15
3.232341e+11, 1.000000e+00, 3.263723e+15, 0.000000e+00, 6.400676e+15
3.190206e+11, 1.000000e+00, 3.221179e+15, 0.000000e+00, 6.317240e+15
3.148701e+11, 1.000000e+00, 3.179270e+15, 0.000000e+00, 6.235051e+15
3.079978e+11, 1.000000e+00, 3.109880e+15, 0.000000e+00, 6.098966e+15
3.177410e+11, 1.000000e+00, 3.208258e+15, 0.000000e+00, 6.291901e+15
2.869591e+11, 1.250000e-01, 2.897451e+15, -8.750000e-01, 5.682358e+15
3.094265e+11, 1.250000e-01, 3.124306e+15, -8.750000e-01, 6.127258e+15
2.739936e+11, 1.250000e-01, 2.766537e+15, -8.750000e-01, 5.425615e+15
2.708537e+11, 1.250000e-01, 2.734833e+15, -8.750000e-01, 5.363439e+15
3.101172e+11, 1.250000e-01, 3.131280e+15, -8.750000e-01, 6.140934e+15
2.598813e+11, 1.250000e-01, 2.624044e+15, -8.750000e-01, 5.146165e+15
2.661433e+11, 1.250000e-01, 2.687272e+15, -8.750000e-01, 5.270164e+15
2.656545e+11, 1.250000e-01, 2.682337e+15, -8.750000e-01, 5.260486e+15
3.018468e+11, 1.250000e-01, 3.047773e+15, -8.750000e-01, 5.977164e+15
2.973271e+11, 1.250000e-01, 3.002138e+15, -8.750000e-01, 5.887666e+15
2.578058e+11, 1.250000e-01, 2.603088e+15, -8.750000e-01, 5.105066e+15
3.093787e+11, 1.250000e-01, 3.123824e+15, -8.750000e-01, 6.126311e+15
