2.935480e+02, 1.000000e+00, 2.963980e+06, 0.000000e+00, 5.807559e+06
2.959325e+02, 1.000000e+00, 2.988056e+06, 0.000000e+00, 5.854599e+06
2.875415e+02, 1.000000e+00, 2.903332e+06, 0.000000e+00, 5.689064e+06
2.965164e+02, 1.000000e+00, 2.933176e+06, 0.000000e+00, 5.745192e+06
2.955149e+02, 1.000000e+00, 2.983840e+06, 0.000000e+00, 5.846361e+06
2.885288e+02, 1.000000e+00, 2.913301e+06, 0.000000e+00, 5.708542e+06
2.920483e+02, 1.000000e+00, 2.948838e+06, 0.000000e+00, 5.777973e+06
2.800435e+02, 1.000000e+00, 2.827624e+06, 0.000000e+00, 5.541146e+06
2.860810e+02, 1.000000e+00, 2.888521e+06, 0.000000e+00, 5.660252e+06
2.823229e+02, 1.000000e+00, 2.850639e+06, 0.000000e+00, 5.586113e+06
2.616113e+02, 1.000000e+00, 2.581003e+06, 0.000000e+00, 5.060810e+06
2.827450e+02, 1.000000e+00, 2.854901e+06, 0.000000e+00, 5.594440e+06
2.764785e+02, 1.000000e+00, 2.791628e+06, 0.000000e+00, 5.470816e+06
2.727207e+02, 1.000000e+00, 2.753685e+06, 0.000000e+00, 5.396683e+06
2.712757e+02, 1.000000e+00, 2.739094e+06, 0.000000e+00, 5.368177e+06
2.660250e+02, 1.000000e+00, 2.686078e+06, 0.000000e+00, 5.264594e+06
2.706252e+02, 1.000000e+00, 2.732526e+06, 0.000000e+00, 5.355344e+06
2.554857e+02, 1.000000e+00, 2.579661e+06, 0.000000e+00, 5.056677e+06
2.564087e+02, 1.000000e+00, 2.547606e+06, 0.000000e+00, 4.996264e+06
2.466097e+02, 1.000000e+00, 2.490040e+06, 0.000000e+00, 4.881575e+06
2.384076e+02, 1.000000e+00, 2.407223e+06, 0.000000e+00, 4.719766e+06
2.425697e+02, 1.000000e+00, 2.449248e+06, 0.000000e+00, 4.801875e+06
2.447796e+02, 1.000000e+00, 2.471561e+06, 0.000000e+00, 4.845471e+06
2.359116e+02, 1.000000e+00, 2.334627e+06, 0.000000e+00, 4.579649e+06
2.395675e+02, 1.000000e+00, 2.365831e+06, 0.000000e+00, 4.640363e+06
2.466390e+02, 1.000000e+00, 2.438077e+06, 0.000000e+00, 4.780874e+06
2.386341e+02, 1.000000e+00, 2.409510e+06, 0.000000e+00, 4.724235e+06
2.332328e+02, 1.000000e+00, 2.354972e+06, 0.000000e+00, 4.617680e+06
2.311635e+02, 1.000000e+00, 2.334079e+06, 0.000000e+00, 4.576857e+06
2.350065e+02, 1.000000e+00, 2.372881e+06, 0.000000e+00, 4.652670e+06
2.414386e+02, 1.000000e+00, 2.437827e+06, 0.000000e+00, 4.779561e+06
2.230878e+02, 1.000000e+00, 2.252537e+06, 0.000000e+00, 4.417542e+06
2.205013e+02, 1.000000e+00, 2.226421e+06, 0.000000e+00, 4.366516e+06
2.112599e+02, 1.000000e+00, 2.133109e+06, 0.000000e+00, 4.184204e+06
2.181560e+02, 1.000000e+00, 2.202762e+06, 0.000000e+00, 4.320248e+06
2.171479e+02, 1.000000e+00, 2.192562e+06, 0.000000e+00, 4.300362e+06
2.252734e+02, 1.000000e+00, 2.274605e+06, 0.000000e+00, 4.460658e+06
2.200033e+02, 1.000000e+00, 2.221392e+06, 0.000000e+00, 4.356691e+06
2.286935e+02, 1.000000e+00, 2.309138e+06, 0.000000e+00, 4.528128e+06
2.218017e+02, 1.000000e+00, 2.239552e+06, 0.000000e+00, 4.392171e+06
2.226084e+02, 1.000000e+00, 2.246936e+06, 0.000000e+00, 4.307597e+06
1.979979e+02, 1.000000e+00, 1.999202e+06, 0.000000e+00, 3.922575e+06
1.911739e+02, 1.000000e+00, 1.924787e+06, 0.000000e+00, 3.774812e+06
1.884585e+02, 1.000000e+00, 1.902882e+06, 0.000000e+00, 3.734386e+06
2.113395e+02, 1.000000e+00, 2.118771e+06, 0.000000e+00, 4.155246e+06
2.034136e+02, 1.000000e+00, 2.053879e+06, 0.000000e+00, 4.029415e+06
1.975327e+02, 1.000000e+00, 1.994504e+06, 0.000000e+00, 3.913398e+06
1.961592e+02, 1.000000e+00, 1.980688e+06, 0.000000e+00, 3.886303e+06
2.017407e+02, 1.000000e+00, 1.974849e+06, 0.000000e+00, 3.884526e+06
2.044564e+02, 1.000000e+00, 2.064414e+06, 0.000000e+00, 4.049988e+06
2.061174e+02, 1.000000e+00, 2.081185e+06, 0.000000e+00, 4.082755e+06
1.977571e+02, 1.000000e+00, 1.948590e+06, 0.000000e+00, 3.829332e+06
1.930330e+02, 1.000000e+00, 1.949071e+06, 0.000000e+00, 3.824630e+06
1.801344e+02, 1.000000e+00, 1.818833e+06, 0.000000e+00, 3.570171e+06
1.820082e+02, 1.000000e+00, 1.837752e+06, 0.000000e+00, 3.607136e+06
1.748402e+02, 1.000000e+00, 1.765377e+06, 0.000000e+00, 3.465728e+06
1.907619e+02, 1.000000e+00, 1.926140e+06, 0.000000e+00, 3.779827e+06
1.740405e+02, 1.000000e+00, 1.757302e+06, 0.000000e+00, 3.449952e+06
2.206965e+02, 1.000000e+00, 2.228392e+06, 0.000000e+00, 4.370367e+06
2.316215e+02, 1.000000e+00, 2.338702e+06, 0.000000e+00, 4.585892e+06
1.738189e+02, 1.000000e+00, 1.755065e+06, 0.000000e+00, 3.445581e+06
2.905326e+02, 1.000000e+00, 2.933534e+06, 0.000000e+00, 5.748073e+06
2.941637e+02, 1.000000e+00, 2.921492e+06, 0.000000e+00, 5.720616e+06
2.893895e+02, 1.000000e+00, 2.921991e+06, 0.000000e+00, 5.725521e+06
2.859527e+02, 1.000000e+00, 2.887290e+06, 0.000000e+00, 5.657722e+06
2.617844e+02, 1.000000e+00, 2.643260e+06, 0.000000e+00, 5.180936e+06
2.522462e+02, 1.000000e+00, 2.546952e+06, 0.000000e+00, 4.992769e+06
2.357493e+02, 1.000000e+00, 2.380381e+06, 0.000000e+00, 4.667323e+06
2.619023e+02, 1.000000e+00, 2.644451e+06, 0.000000e+00, 5.183263e+06
2.561249e+02, 1.000000e+00, 2.586116e+06, 0.000000e+00, 5.069288e+06
2.611047e+02, 1.000000e+00, 2.573654e+06, 0.000000e+00, 5.044089e+06
2.575480e+02, 1.000000e+00, 2.600485e+06, 0.000000e+00, 5.097362e+06
2.549120e+02, 1.000000e+00, 2.573868e+06, 0.000000e+00, 5.045359e+06
2.342645e+02, 1.000000e+00, 2.365389e+06, 0.000000e+00, 4.638032e+06
2.179698e+02, 1.000000e+00, 2.200861e+06, 0.000000e+00, 4.316576e+06
2.238609e+02, 1.000000e+00, 2.260343e+06, 0.000000e+00, 4.432793e+06
2.458413e+02, 1.000000e+00, 2.482281e+06, 0.000000e+00, 4.866415e+06
2.398282e+02, 1.000000e+00, 2.421567e+06, 0.000000e+00, 4.747792e+06
2.063756e+02, 1.000000e+00, 2.083817e+06, 0.000000e+00, 4.087849e+06
1.955509e+02, 1.000000e+00, 1.974494e+06, 0.000000e+00, 3.874301e+06
2.168297e+02, 1.000000e+00, 2.189349e+06, 0.000000e+00, 4.294084e+06
2.208497e+02, 1.000000e+00, 2.229938e+06, 0.000000e+00, 4.373388e+06
1.802279e+02, 1.000000e+00, 1.819777e+06, 0.000000e+00, 3.572015e+06
2.211881e+02, 1.000000e+00, 2.233355e+06, 0.000000e+00, 4.380065e+06
2.182921e+02, 1.000000e+00, 2.204115e+06, 0.000000e+00, 4.322934e+06
2.154440e+02, 1.000000e+00, 2.175357e+06, 0.000000e+00, 4.266747e+06
2.107291e+02, 1.000000e+00, 2.127750e+06, 0.000000e+00, 4.173733e+06
2.174156e+02, 1.000000e+00, 2.195264e+06, 0.000000e+00, 4.305643e+06
1.962951e+02, 1.250000e-01, 1.982009e+06, -8.750000e-01, 3.888984e+06
2.181425e+02, 1.250000e-01, 2.137477e+06, -8.750000e-01, 4.191941e+06
1.873999e+02, 1.250000e-01, 1.892193e+06, -8.750000e-01, 3.713501e+06
1.852457e+02, 1.250000e-01, 1.870442e+06, -8.750000e-01, 3.671004e+06
2.121832e+02, 1.250000e-01, 2.142432e+06, -8.750000e-01, 4.202419e+06
1.777179e+02, 1.250000e-01, 1.794433e+06, -8.750000e-01, 3.522498e+06
1.835900e+02, 1.250000e-01, 1.835430e+06, -8.750000e-01, 3.599572e+06
1.816787e+02, 1.250000e-01, 1.834426e+06, -8.750000e-01, 3.600636e+06
2.065091e+02, 1.250000e-01, 2.085140e+06, -8.750000e-01, 4.090483e+06
2.034083e+02, 1.250000e-01, 2.053831e+06, -8.750000e-01, 4.029311e+06
1.762939e+02, 1.250000e-01, 1.780055e+06, -8.750000e-01, 3.494407e+06
2.116765e+02, 1.250000e-01, 2.137316e+06, -8.750000e-01, 4.192424e+06
