8.483363e+04, 1.000000e+00, 8.565725e+08, 0.000000e+00, 1.679874e+09
8.559448e+04, 1.000000e+00, 8.642549e+08, 0.000000e+00, 1.694940e+09
8.316767e+04, 1.000000e+00, 8.397512e+08, 0.000000e+00, 1.646885e+09
8.398164e+04, 1.000000e+00, 8.479700e+08, 0.000000e+00, 1.663003e+09
8.546925e+04, 1.000000e+00, 8.629905e+08, 0.000000e+00, 1.692460e+09
8.345267e+04, 1.000000e+00, 8.426288e+08, 0.000000e+00, 1.652528e+09
8.413259e+04, 1.000000e+00, 8.494941e+08, 0.000000e+00, 1.665992e+09
8.100334e+04, 1.000000e+00, 8.178978e+08, 0.000000e+00, 1.604026e+09
8.262031e+04, 1.000000e+00, 8.342244e+08, 0.000000e+00, 1.636046e+09
8.166129e+04, 1.000000e+00, 8.245411e+08, 0.000000e+00, 1.617055e+09
7.362374e+04, 1.000000e+00, 7.433853e+08, 0.000000e+00, 1.457896e+09
8.178313e+04, 1.000000e+00, 8.257714e+08, 0.000000e+00, 1.619468e+09
7.997427e+04, 1.000000e+00, 8.075071e+08, 0.000000e+00, 1.583649e+09
7.888955e+04, 1.000000e+00, 7.965546e+08, 0.000000e+00, 1.562169e+09
7.847244e+04, 1.000000e+00, 7.923431e+08, 0.000000e+00, 1.553910e+09
7.695682e+04, 1.000000e+00, 7.770397e+08, 0.000000e+00, 1.523897e+09
7.828467e+04, 1.000000e+00, 7.904472e+08, 0.000000e+00, 1.550192e+09
7.391465e+04, 1.000000e+00, 7.463226e+08, 0.000000e+00, 1.463656e+09
7.289724e+04, 1.000000e+00, 7.360497e+08, 0.000000e+00, 1.443510e+09
7.121147e+04, 1.000000e+00, 7.190284e+08, 0.000000e+00, 1.410128e+09
6.898488e+04, 1.000000e+00, 6.965464e+08, 0.000000e+00, 1.366037e+09
7.018630e+04, 1.000000e+00, 7.086771e+08, 0.000000e+00, 1.389828e+09
7.082420e+04, 1.000000e+00, 7.151181e+08, 0.000000e+00, 1.402459e+09
6.683286e+04, 1.000000e+00, 6.748172e+08, 0.000000e+00, 1.323423e+09
6.776753e+04, 1.000000e+00, 6.842547e+08, 0.000000e+00, 1.341931e+09
6.977046e+04, 1.000000e+00, 7.044784e+08, 0.000000e+00, 1.381593e+09
6.905026e+04, 1.000000e+00, 6.972065e+08, 0.000000e+00, 1.367332e+09
6.749115e+04, 1.000000e+00, 6.814640e+08, 0.000000e+00, 1.336458e+09
6.689384e+04, 1.000000e+00, 6.754329e+08, 0.000000e+00, 1.324630e+09
6.800313e+04, 1.000000e+00, 6.866336e+08, 0.000000e+00, 1.346597e+09
6.985980e+04, 1.000000e+00, 7.053805e+08, 0.000000e+00, 1.383362e+09
6.456273e+04, 1.000000e+00, 6.518955e+08, 0.000000e+00, 1.278470e+09
6.379198e+04, 1.000000e+00, 6.441132e+08, 0.000000e+00, 1.263208e+09
6.115593e+04, 1.000000e+00, 6.174968e+08, 0.000000e+00, 1.211009e+09
6.312671e+04, 1.000000e+00, 6.373959e+08, 0.000000e+00, 1.250034e+09
6.284828e+04, 1.000000e+00, 6.345846e+08, 0.000000e+00, 1.244520e+09
6.519360e+04, 1.000000e+00, 6.582654e+08, 0.000000e+00, 1.290962e+09
6.367235e+04, 1.000000e+00, 6.429053e+08, 0.000000e+00, 1.260839e+09
6.618083e+04, 1.000000e+00, 6.682336e+08, 0.000000e+00, 1.310512e+09
6.419150e+04, 1.000000e+00, 6.481471e+08, 0.000000e+00, 1.271119e+09
6.438886e+04, 1.000000e+00, 6.501399e+08, 0.000000e+00, 1.275027e+09
5.735740e+04, 1.000000e+00, 5.791427e+08, 0.000000e+00, 1.135790e+09
5.533450e+04, 1.000000e+00, 5.587172e+08, 0.000000e+00, 1.095733e+09
5.456677e+04, 1.000000e+00, 5.509655e+08, 0.000000e+00, 1.080530e+09
6.075293e+04, 1.000000e+00, 6.134276e+08, 0.000000e+00, 1.203028e+09
5.891623e+04, 1.000000e+00, 5.948823e+08, 0.000000e+00, 1.166658e+09
5.730329e+04, 1.000000e+00, 5.785963e+08, 0.000000e+00, 1.134719e+09
5.686168e+04, 1.000000e+00, 5.741373e+08, 0.000000e+00, 1.125974e+09
5.665589e+04, 1.000000e+00, 5.720594e+08, 0.000000e+00, 1.121899e+09
5.918466e+04, 1.000000e+00, 5.975927e+08, 0.000000e+00, 1.171974e+09
5.966411e+04, 1.000000e+00, 6.024337e+08, 0.000000e+00, 1.181468e+09
5.595114e+04, 1.000000e+00, 5.649435e+08, 0.000000e+00, 1.107943e+09
5.588723e+04, 1.000000e+00, 5.642982e+08, 0.000000e+00, 1.106678e+09
5.239831e+04, 1.000000e+00, 5.290703e+08, 0.000000e+00, 1.037590e+09
5.274935e+04, 1.000000e+00, 5.326148e+08, 0.000000e+00, 1.044542e+09
5.063577e+04, 1.000000e+00, 5.112738e+08, 0.000000e+00, 1.002689e+09
5.523166e+04, 1.000000e+00, 5.576789e+08, 0.000000e+00, 1.093696e+09
5.040492e+04, 1.000000e+00, 5.089429e+08, 0.000000e+00, 9.981173e+08
6.386244e+04, 1.000000e+00, 6.448247e+08, 0.000000e+00, 1.264603e+09
6.702603e+04, 1.000000e+00, 6.767676e+08, 0.000000e+00, 1.327248e+09
5.034097e+04, 1.000000e+00, 5.082971e+08, 0.000000e+00, 9.968508e+08
8.403086e+04, 1.000000e+00, 8.484669e+08, 0.000000e+00, 1.663977e+09
8.370853e+04, 1.000000e+00, 8.452124e+08, 0.000000e+00, 1.657595e+09
8.370111e+04, 1.000000e+00, 8.451374e+08, 0.000000e+00, 1.657448e+09
8.270907e+04, 1.000000e+00, 8.351207e+08, 0.000000e+00, 1.637803e+09
7.564942e+04, 1.000000e+00, 7.638387e+08, 0.000000e+00, 1.498008e+09
7.297947e+04, 1.000000e+00, 7.368801e+08, 0.000000e+00, 1.445138e+09
6.821753e+04, 1.000000e+00, 6.887984e+08, 0.000000e+00, 1.350842e+09
7.576677e+04, 1.000000e+00, 7.650237e+08, 0.000000e+00, 1.500332e+09
7.409910e+04, 1.000000e+00, 7.481850e+08, 0.000000e+00, 1.467309e+09
7.367654e+04, 1.000000e+00, 7.439184e+08, 0.000000e+00, 1.458941e+09
7.450988e+04, 1.000000e+00, 7.523327e+08, 0.000000e+00, 1.475443e+09
7.374896e+04, 1.000000e+00, 7.446497e+08, 0.000000e+00, 1.460375e+09
6.778895e+04, 1.000000e+00, 6.844709e+08, 0.000000e+00, 1.342355e+09
6.307787e+04, 1.000000e+00, 6.369027e+08, 0.000000e+00, 1.249067e+09
6.478588e+04, 1.000000e+00, 6.541486e+08, 0.000000e+00, 1.282889e+09
7.113065e+04, 1.000000e+00, 7.182123e+08, 0.000000e+00, 1.408528e+09
6.939495e+04, 1.000000e+00, 7.006869e+08, 0.000000e+00, 1.374157e+09
5.978681e+04, 1.000000e+00, 6.036727e+08, 0.000000e+00, 1.183897e+09
5.661402e+04, 1.000000e+00, 5.716367e+08, 0.000000e+00, 1.121070e+09
6.274700e+04, 1.000000e+00, 6.335619e+08, 0.000000e+00, 1.242515e+09
6.391667e+04, 1.000000e+00, 6.453722e+08, 0.000000e+00, 1.265677e+09
5.219095e+04, 1.000000e+00, 5.269766e+08, 0.000000e+00, 1.033484e+09
6.401270e+04, 1.000000e+00, 6.463418e+08, 0.000000e+00, 1.267578e+09
6.317826e+04, 1.000000e+00, 6.379164e+08, 0.000000e+00, 1.251055e+09
6.235629e+04, 1.000000e+00, 6.296169e+08, 0.000000e+00, 1.234778e+09
6.099532e+04, 1.000000e+00, 6.158750e+08, 0.000000e+00, 1.207828e+09
6.292485e+04, 1.000000e+00, 6.353576e+08, 0.000000e+00, 1.246037e+09
5.682885e+04, 1.250000e-01, 5.738059e+08, -8.750000e-01, 1.125324e+09
6.127826e+04, 1.250000e-01, 6.187319e+08, -8.750000e-01, 1.213431e+09
5.426119e+04, 1.250000e-01, 5.478799e+08, -8.750000e-01, 1.074479e+09
5.363937e+04, 1.250000e-01, 5.416014e+08, -8.750000e-01, 1.062166e+09
6.141504e+04, 1.250000e-01, 6.201130e+08, -8.750000e-01, 1.216139e+09
5.146643e+04, 1.250000e-01, 5.196610e+08, -8.750000e-01, 1.019137e+09
5.270653e+04, 1.250000e-01, 5.321824e+08, -8.750000e-01, 1.043694e+09
5.260974e+04, 1.250000e-01, 5.312051e+08, -8.750000e-01, 1.041777e+09
5.977719e+04, 1.250000e-01, 6.035754e+08, -8.750000e-01, 1.183707e+09
5.888212e+04, 1.250000e-01, 5.945379e+08, -8.750000e-01, 1.165983e+09
5.105539e+04, 1.250000e-01, 5.155108e+08, -8.750000e-01, 1.010998e+09
6.126880e+04, 1.250000e-01, 6.186364e+08, -8.750000e-01, 1.213244e+09
