     0.00002   460.01276     2.30006
     0.00010   114.95899     1.14959
     0.00022    51.06014     0.76590
     0.00040    28.69548     0.57391
     0.00062    18.34387     0.45860
     0.00090    12.72071     0.38162
     0.00123     9.33020     0.32656
     0.00160     7.12975     0.28519
     0.00202     5.62119     0.25295
     0.00250     4.54212     0.22711
     0.00302     3.74378     0.20591
     0.00360     3.13664     0.18820
     0.00422     2.66414     0.17317
     0.00490     2.28926     0.16025
     0.00562     1.98687     0.14902
     0.00640     1.73942     0.13915
     0.00723     1.53436     0.13042
     0.00810     1.36254     0.12263
     0.00903     1.21714     0.11563
     0.01000     1.09301     0.10930
     0.01102     0.98620     0.10355
     0.01210     0.89364     0.09830
     0.01322     0.81293     0.09349
     0.01440     0.74213     0.08906
     0.01562     0.67968     0.08496
     0.01690     0.62433     0.08116
     0.01822     0.57503     0.07763
     0.01960     0.53095     0.07433
     0.02102     0.49138     0.07125
     0.02250     0.45573     0.06836
     0.02403     0.42349     0.06564
     0.02560     0.39426     0.06308
     0.02722     0.36766     0.06066
     0.02890     0.34341     0.05838
     0.03062     0.32123     0.05621
     0.03240     0.30089     0.05416
     0.03423     0.28221     0.05221
     0.03610     0.26501     0.05035
     0.03802     0.24914     0.04858
     0.04000     0.23447     0.04689
     0.04202     0.22088     0.04528
     0.04410     0.20827     0.04374
     0.04622     0.19656     0.04226
     0.04840     0.18566     0.04085
     0.05062     0.17550     0.03949
     0.05290     0.16602     0.03818
     0.05522     0.15715     0.03693
     0.05760     0.14885     0.03572
     0.06002     0.14108     0.03456
     0.06250     0.13379     0.03345
     0.06502     0.12694     0.03237
     0.06760     0.12050     0.03133
     0.07022     0.11445     0.03033
     0.07290     0.10876     0.02936
     0.07563     0.10339     0.02843
     0.07840     0.09832     0.02753
     0.08123     0.09354     0.02666
     0.08410     0.08903     0.02582
     0.08702     0.08476     0.02500
     0.09000     0.08072     0.02422
     0.09303     0.07690     0.02345
     0.09610     0.07328     0.02272
     0.09922     0.06985     0.02200
     0.10240     0.06659     0.02131
     0.10562     0.06351     0.02064
     0.10890     0.06057     0.01999
     0.11222     0.05779     0.01936
     0.11560     0.05515     0.01875
     0.11902     0.05263     0.01816
     0.12250     0.05024     0.01758
     0.12602     0.04796     0.01703
     0.12960     0.04579     0.01649
     0.13322     0.04373     0.01596
     0.13690     0.04176     0.01545
     0.14062     0.03989     0.01496
     0.14440     0.03811     0.01448
     0.14822     0.03641     0.01402
     0.15210     0.03478     0.01357
     0.15602     0.03323     0.01313
     0.16000     0.03176     0.01270
     0.16402     0.03035     0.01229
     0.16810     0.02900     0.01189
     0.17222     0.02772     0.01150
     0.17640     0.02649     0.01113
     0.18062     0.02532     0.01076
     0.18490     0.02420     0.01041
     0.18923     0.02313     0.01006
     0.19360     0.02211     0.00973
     0.19802     0.02113     0.00940
     0.20250     0.02020     0.00909
     0.20702     0.01931     0.00878
     0.21160     0.01845     0.00849
     0.21622     0.01764     0.00820
     0.22090     0.01686     0.00792
     0.22562     0.01611     0.00765
     0.23040     0.01540     0.00739
     0.23522     0.01472     0.00714
     0.24010     0.01406     0.00689
     0.24502     0.01344     0.00665
     0.25000     0.01284     0.00642
     0.25502     0.01227     0.00620
     0.26010     0.01172     0.00598
     0.26522     0.01120     0.00577
     0.27040     0.01070     0.00556
     0.27562     0.01022     0.00537
     0.28090     0.00976     0.00517
     0.28622     0.00932     0.00499
     0.29160     0.00891     0.00481
     0.29703     0.00850     0.00463
     0.30250     0.00812     0.00447
     0.30803     0.00775     0.00430
     0.31360     0.00740     0.00415
     0.31922     0.00707     0.00399
     0.32490     0.00674     0.00384
     0.33062     0.00644     0.00370
     0.33640     0.00614     0.00356
     0.34222     0.00586     0.00343
     0.34810     0.00559     0.00330
     0.35402     0.00534     0.00317
     0.36000     0.00509     0.00305
     0.36602     0.00485     0.00294
     0.37210     0.00463     0.00282
     0.37822     0.00441     0.00271
     0.38440     0.00421     0.00261
     0.39062     0.00401     0.00251
     0.39690     0.00382     0.00241
     0.40322     0.00364     0.00231
     0.40960     0.00347     0.00222
     0.41602     0.00331     0.00213
     0.42250     0.00315     0.00205
     0.42902     0.00300     0.00197
     0.43560     0.00286     0.00189
     0.44222     0.00272     0.00181
     0.44890     0.00259     0.00174
     0.45563     0.00247     0.00166
     0.46240     0.00235     0.00160
     0.46922     0.00223     0.00153
     0.47610     0.00213     0.00147
     0.48302     0.00202     0.00140
     0.49000     0.00192     0.00135
     0.49702     0.00183     0.00129
     0.50410     0.00174     0.00123
     0.51122     0.00165     0.00118
     0.51840     0.00157     0.00113
     0.52562     0.00149     0.00108
     0.53290     0.00142     0.00103
     0.54022     0.00135     0.00099
     0.54760     0.00128     0.00095
     0.55502     0.00121     0.00090
     0.56250     0.00115     0.00086
     0.57002     0.00109     0.00082
     0.57760     0.00104     0.00079
     0.58522     0.00098     0.00075
     0.59290     0.00093     0.00072
     0.60062     0.00088     0.00068
     0.60840     0.00084     0.00065
     0.61622     0.00079     0.00062
     0.62410     0.00075     0.00059
     0.63202     0.00071     0.00056
     0.64000     0.00067     0.00054
     0.64803     0.00064     0.00051
     0.65610     0.00060     0.00049
     0.66422     0.00057     0.00046
     0.67240     0.00054     0.00044
     0.68062     0.00051     0.00042
     0.68890     0.00048     0.00040
     0.69722     0.00045     0.00038
     0.70560     0.00042     0.00036
     0.71402     0.00040     0.00034
     0.72250     0.00038     0.00032
     0.73102     0.00035     0.00030
     0.73960     0.00033     0.00029
     0.74823     0.00031     0.00027
     0.75690     0.00029     0.00025
     0.76562     0.00027     0.00024
     0.77440     0.00026     0.00023
     0.78322     0.00024     0.00021
     0.79210     0.00022     0.00020
     0.80102     0.00021     0.00019
     0.81000     0.00019     0.00017
     0.81902     0.00018     0.00016
     0.82810     0.00017     0.00015
     0.83722     0.00015     0.00014
     0.84640     0.00014     0.00013
     0.85562     0.00013     0.00012
     0.86490     0.00012     0.00011
     0.87423     0.00011     0.00010
     0.88360     0.00010     0.00009
     0.89302     0.00009     0.00008
     0.90250     0.00008     0.00007
     0.91202     0.00007     0.00007
     0.92160     0.00006     0.00006
     0.93122     0.00005     0.00005
     0.94090     0.00004     0.00004
     0.95062     0.00004     0.00003
     0.96040     0.00003     0.00003
     0.97022     0.00002     0.00002
     0.98010     0.00001     0.00001
     0.99002     0.00001     0.00001
     1.00000     0.00000     0.00000
