     0.00002   371.83395     1.85917
     0.00010    92.92738     0.92927
     0.00022    41.27802     0.61917
     0.00040    23.20067     0.46401
     0.00062    14.83348     0.37084
     0.00090    10.28836     0.30865
     0.00123     7.54780     0.26417
     0.00160     5.76913     0.23077
     0.00202     4.54975     0.20474
     0.00250     3.67755     0.18388
     0.00302     3.03224     0.16677
     0.00360     2.54144     0.15249
     0.00422     2.15950     0.14037
     0.00490     1.85645     0.12995
     0.00562     1.61200     0.12090
     0.00640     1.41195     0.11296
     0.00723     1.24616     0.10592
     0.00810     1.10725     0.09965
     0.00903     0.98971     0.09402
     0.01000     0.88936     0.08894
     0.01102     0.80303     0.08432
     0.01210     0.72821     0.08010
     0.01322     0.66296     0.07624
     0.01440     0.60570     0.07268
     0.01562     0.55519     0.06940
     0.01690     0.51042     0.06635
     0.01822     0.47054     0.06352
     0.01960     0.43487     0.06088
     0.02102     0.40285     0.05841
     0.02250     0.37399     0.05610
     0.02403     0.34789     0.05392
     0.02560     0.32422     0.05187
     0.02722     0.30268     0.04994
     0.02890     0.28303     0.04812
     0.03062     0.26505     0.04638
     0.03240     0.24857     0.04474
     0.03423     0.23342     0.04318
     0.03610     0.21947     0.04170
     0.03802     0.20659     0.04028
     0.04000     0.19468     0.03894
     0.04202     0.18365     0.03765
     0.04410     0.17340     0.03641
     0.04622     0.16388     0.03523
     0.04840     0.15502     0.03410
     0.05062     0.14675     0.03302
     0.05290     0.13904     0.03198
     0.05522     0.13182     0.03098
     0.05760     0.12506     0.03002
     0.06002     0.11873     0.02909
     0.06250     0.11278     0.02820
     0.06502     0.10720     0.02734
     0.06760     0.10194     0.02651
     0.07022     0.09700     0.02570
     0.07290     0.09234     0.02493
     0.07563     0.08794     0.02418
     0.07840     0.08379     0.02346
     0.08123     0.07987     0.02276
     0.08410     0.07616     0.02209
     0.08702     0.07265     0.02143
     0.09000     0.06933     0.02080
     0.09303     0.06618     0.02019
     0.09610     0.06320     0.01959
     0.09922     0.06037     0.01902
     0.10240     0.05768     0.01846
     0.10562     0.05512     0.01791
     0.10890     0.05269     0.01739
     0.11222     0.05039     0.01688
     0.11560     0.04819     0.01638
     0.11902     0.04610     0.01590
     0.12250     0.04410     0.01544
     0.12602     0.04221     0.01498
     0.12960     0.04040     0.01454
     0.13322     0.03867     0.01411
     0.13690     0.03703     0.01370
     0.14062     0.03545     0.01330
     0.14440     0.03395     0.01290
     0.14822     0.03252     0.01252
     0.15210     0.03115     0.01215
     0.15602     0.02985     0.01179
     0.16000     0.02860     0.01144
     0.16402     0.02740     0.01110
     0.16810     0.02626     0.01077
     0.17222     0.02517     0.01044
     0.17640     0.02412     0.01013
     0.18062     0.02312     0.00983
     0.18490     0.02216     0.00953
     0.18923     0.02124     0.00924
     0.19360     0.02036     0.00896
     0.19802     0.01952     0.00869
     0.20250     0.01872     0.00842
     0.20702     0.01794     0.00816
     0.21160     0.01720     0.00791
     0.21622     0.01649     0.00767
     0.22090     0.01581     0.00743
     0.22562     0.01516     0.00720
     0.23040     0.01454     0.00698
     0.23522     0.01394     0.00676
     0.24010     0.01336     0.00655
     0.24502     0.01281     0.00634
     0.25000     0.01228     0.00614
     0.25502     0.01177     0.00595
     0.26010     0.01129     0.00576
     0.26522     0.01082     0.00557
     0.27040     0.01037     0.00539
     0.27562     0.00994     0.00522
     0.28090     0.00953     0.00505
     0.28622     0.00914     0.00489
     0.29160     0.00876     0.00473
     0.29703     0.00839     0.00457
     0.30250     0.00804     0.00442
     0.30803     0.00771     0.00428
     0.31360     0.00738     0.00414
     0.31922     0.00708     0.00400
     0.32490     0.00678     0.00386
     0.33062     0.00649     0.00373
     0.33640     0.00622     0.00361
     0.34222     0.00596     0.00349
     0.34810     0.00571     0.00337
     0.35402     0.00547     0.00325
     0.36000     0.00523     0.00314
     0.36602     0.00501     0.00303
     0.37210     0.00480     0.00293
     0.37822     0.00459     0.00283
     0.38440     0.00440     0.00273
     0.39062     0.00421     0.00263
     0.39690     0.00403     0.00254
     0.40322     0.00386     0.00245
     0.40960     0.00369     0.00236
     0.41602     0.00353     0.00228
     0.42250     0.00338     0.00219
     0.42902     0.00323     0.00212
     0.43560     0.00309     0.00204
     0.44222     0.00295     0.00196
     0.44890     0.00282     0.00189
     0.45563     0.00270     0.00182
     0.46240     0.00258     0.00175
     0.46922     0.00247     0.00169
     0.47610     0.00236     0.00163
     0.48302     0.00225     0.00156
     0.49000     0.00215     0.00150
     0.49702     0.00205     0.00145
     0.50410     0.00196     0.00139
     0.51122     0.00187     0.00134
     0.51840     0.00179     0.00129
     0.52562     0.00170     0.00124
     0.53290     0.00163     0.00119
     0.54022     0.00155     0.00114
     0.54760     0.00148     0.00109
     0.55502     0.00141     0.00105
     0.56250     0.00134     0.00101
     0.57002     0.00128     0.00097
     0.57760     0.00122     0.00093
     0.58522     0.00116     0.00089
     0.59290     0.00111     0.00085
     0.60062     0.00105     0.00082
     0.60840     0.00100     0.00078
     0.61622     0.00095     0.00075
     0.62410     0.00091     0.00072
     0.63202     0.00086     0.00069
     0.64000     0.00082     0.00066
     0.64803     0.00078     0.00063
     0.65610     0.00074     0.00060
     0.66422     0.00070     0.00057
     0.67240     0.00066     0.00054
     0.68062     0.00063     0.00052
     0.68890     0.00060     0.00049
     0.69722     0.00056     0.00047
     0.70560     0.00053     0.00045
     0.71402     0.00050     0.00043
     0.72250     0.00048     0.00041
     0.73102     0.00045     0.00038
     0.73960     0.00042     0.00036
     0.74823     0.00040     0.00035
     0.75690     0.00038     0.00033
     0.76562     0.00035     0.00031
     0.77440     0.00033     0.00029
     0.78322     0.00031     0.00027
     0.79210     0.00029     0.00026
     0.80102     0.00027     0.00024
     0.81000     0.00025     0.00023
     0.81902     0.00024     0.00021
     0.82810     0.00022     0.00020
     0.83722     0.00020     0.00018
     0.84640     0.00019     0.00017
     0.85562     0.00017     0.00016
     0.86490     0.00016     0.00015
     0.87423     0.00014     0.00013
     0.88360     0.00013     0.00012
     0.89302     0.00012     0.00011
     0.90250     0.00010     0.00010
     0.91202     0.00009     0.00009
     0.92160     0.00008     0.00008
     0.93122     0.00007     0.00007
     0.94090     0.00006     0.00006
     0.95062     0.00005     0.00005
     0.96040     0.00004     0.00004
     0.97022     0.00003     0.00003
     0.98010     0.00002     0.00002
     0.99002     0.00001     0.00001
     1.00000     0.00000     0.00000
