     0.00002   129.57550     0.64788
     0.00010    32.38815     0.32388
     0.00022    14.39049     0.21586
     0.00040     8.09134     0.16183
     0.00062     5.17572     0.12939
     0.00090     3.59197     0.10776
     0.00123     2.63702     0.09230
     0.00160     2.01723     0.08069
     0.00202     1.59233     0.07165
     0.00250     1.28839     0.06442
     0.00302     1.06351     0.05849
     0.00360     0.89248     0.05355
     0.00422     0.75939     0.04936
     0.00490     0.65378     0.04576
     0.00562     0.56858     0.04264
     0.00640     0.49885     0.03991
     0.00723     0.44107     0.03749
     0.00810     0.39264     0.03534
     0.00903     0.35167     0.03341
     0.01000     0.31668     0.03167
     0.01102     0.28658     0.03009
     0.01210     0.26048     0.02865
     0.01322     0.23772     0.02734
     0.01440     0.21774     0.02613
     0.01562     0.20012     0.02501
     0.01690     0.18449     0.02398
     0.01822     0.17056     0.02303
     0.01960     0.15811     0.02213
     0.02102     0.14692     0.02130
     0.02250     0.13683     0.02052
     0.02403     0.12770     0.01979
     0.02560     0.11942     0.01911
     0.02722     0.11188     0.01846
     0.02890     0.10499     0.01785
     0.03062     0.09869     0.01727
     0.03240     0.09291     0.01672
     0.03423     0.08759     0.01620
     0.03610     0.08269     0.01571
     0.03802     0.07816     0.01524
     0.04000     0.07397     0.01479
     0.04202     0.07008     0.01437
     0.04410     0.06647     0.01396
     0.04622     0.06311     0.01357
     0.04840     0.05998     0.01319
     0.05062     0.05705     0.01284
     0.05290     0.05431     0.01249
     0.05522     0.05175     0.01216
     0.05760     0.04935     0.01184
     0.06002     0.04710     0.01154
     0.06250     0.04498     0.01124
     0.06502     0.04298     0.01096
     0.06760     0.04110     0.01069
     0.07022     0.03933     0.01042
     0.07290     0.03765     0.01017
     0.07563     0.03607     0.00992
     0.07840     0.03457     0.00968
     0.08123     0.03316     0.00945
     0.08410     0.03181     0.00923
     0.08702     0.03054     0.00901
     0.09000     0.02933     0.00880
     0.09303     0.02818     0.00859
     0.09610     0.02708     0.00840
     0.09922     0.02604     0.00820
     0.10240     0.02505     0.00802
     0.10562     0.02411     0.00783
     0.10890     0.02321     0.00766
     0.11222     0.02235     0.00749
     0.11560     0.02153     0.00732
     0.11902     0.02074     0.00716
     0.12250     0.01999     0.00700
     0.12602     0.01927     0.00684
     0.12960     0.01859     0.00669
     0.13322     0.01793     0.00654
     0.13690     0.01730     0.00640
     0.14062     0.01669     0.00626
     0.14440     0.01611     0.00612
     0.14822     0.01556     0.00599
     0.15210     0.01502     0.00586
     0.15602     0.01451     0.00573
     0.16000     0.01402     0.00561
     0.16402     0.01355     0.00549
     0.16810     0.01309     0.00537
     0.17222     0.01265     0.00525
     0.17640     0.01223     0.00514
     0.18062     0.01183     0.00503
     0.18490     0.01144     0.00492
     0.18923     0.01106     0.00481
     0.19360     0.01070     0.00471
     0.19802     0.01035     0.00460
     0.20250     0.01001     0.00451
     0.20702     0.00969     0.00441
     0.21160     0.00937     0.00431
     0.21622     0.00907     0.00422
     0.22090     0.00878     0.00413
     0.22562     0.00850     0.00404
     0.23040     0.00823     0.00395
     0.23522     0.00797     0.00386
     0.24010     0.00771     0.00378
     0.24502     0.00747     0.00370
     0.25000     0.00723     0.00361
     0.25502     0.00700     0.00354
     0.26010     0.00678     0.00346
     0.26522     0.00657     0.00338
     0.27040     0.00636     0.00331
     0.27562     0.00616     0.00323
     0.28090     0.00596     0.00316
     0.28622     0.00578     0.00309
     0.29160     0.00559     0.00302
     0.29703     0.00542     0.00295
     0.30250     0.00525     0.00289
     0.30803     0.00508     0.00282
     0.31360     0.00492     0.00276
     0.31922     0.00477     0.00269
     0.32490     0.00462     0.00263
     0.33062     0.00447     0.00257
     0.33640     0.00433     0.00251
     0.34222     0.00419     0.00245
     0.34810     0.00406     0.00240
     0.35402     0.00393     0.00234
     0.36000     0.00381     0.00228
     0.36602     0.00369     0.00223
     0.37210     0.00357     0.00218
     0.37822     0.00345     0.00212
     0.38440     0.00334     0.00207
     0.39062     0.00324     0.00202
     0.39690     0.00313     0.00197
     0.40322     0.00303     0.00192
     0.40960     0.00293     0.00188
     0.41602     0.00284     0.00183
     0.42250     0.00275     0.00178
     0.42902     0.00266     0.00174
     0.43560     0.00257     0.00170
     0.44222     0.00248     0.00165
     0.44890     0.00240     0.00161
     0.45563     0.00232     0.00157
     0.46240     0.00224     0.00153
     0.46922     0.00217     0.00149
     0.47610     0.00210     0.00145
     0.48302     0.00203     0.00141
     0.49000     0.00196     0.00137
     0.49702     0.00189     0.00133
     0.50410     0.00182     0.00130
     0.51122     0.00176     0.00126
     0.51840     0.00170     0.00122
     0.52562     0.00164     0.00119
     0.53290     0.00158     0.00115
     0.54022     0.00153     0.00112
     0.54760     0.00147     0.00109
     0.55502     0.00142     0.00106
     0.56250     0.00137     0.00102
     0.57002     0.00132     0.00099
     0.57760     0.00127     0.00096
     0.58522     0.00122     0.00093
     0.59290     0.00117     0.00090
     0.60062     0.00113     0.00087
     0.60840     0.00108     0.00085
     0.61622     0.00104     0.00082
     0.62410     0.00100     0.00079
     0.63202     0.00096     0.00076
     0.64000     0.00092     0.00074
     0.64803     0.00088     0.00071
     0.65610     0.00085     0.00069
     0.66422     0.00081     0.00066
     0.67240     0.00078     0.00064
     0.68062     0.00074     0.00061
     0.68890     0.00071     0.00059
     0.69722     0.00068     0.00056
     0.70560     0.00065     0.00054
     0.71402     0.00061     0.00052
     0.72250     0.00059     0.00050
     0.73102     0.00056     0.00048
     0.73960     0.00053     0.00045
     0.74823     0.00050     0.00043
     0.75690     0.00048     0.00041
     0.76562     0.00045     0.00039
     0.77440     0.00043     0.00037
     0.78322     0.00040     0.00035
     0.79210     0.00038     0.00034
     0.80102     0.00035     0.00032
     0.81000     0.00033     0.00030
     0.81902     0.00031     0.00028
     0.82810     0.00029     0.00026
     0.83722     0.00027     0.00025
     0.84640     0.00025     0.00023
     0.85562     0.00023     0.00021
     0.86490     0.00021     0.00020
     0.87423     0.00019     0.00018
     0.88360     0.00018     0.00017
     0.89302     0.00016     0.00015
     0.90250     0.00014     0.00014
     0.91202     0.00013     0.00012
     0.92160     0.00011     0.00011
     0.93122     0.00010     0.00009
     0.94090     0.00008     0.00008
     0.95062     0.00007     0.00006
     0.96040     0.00005     0.00005
     0.97022     0.00004     0.00004
     0.98010     0.00003     0.00002
     0.99002     0.00001     0.00001
     1.00000     0.00000     0.00000
