     0.00002    48.36679     0.24183
     0.00010    12.09013     0.12090
     0.00022     5.37223     0.08058
     0.00040     3.02097     0.06042
     0.00062     1.93267     0.04832
     0.00090     1.34149     0.04024
     0.00123     0.98503     0.03448
     0.00160     0.75369     0.03015
     0.00202     0.59507     0.02678
     0.00250     0.48162     0.02408
     0.00302     0.39768     0.02187
     0.00360     0.33384     0.02003
     0.00422     0.28416     0.01847
     0.00490     0.24473     0.01713
     0.00562     0.21293     0.01597
     0.00640     0.18690     0.01495
     0.00723     0.16532     0.01405
     0.00810     0.14724     0.01325
     0.00903     0.13194     0.01253
     0.01000     0.11888     0.01189
     0.01102     0.10764     0.01130
     0.01210     0.09790     0.01077
     0.01322     0.08940     0.01028
     0.01440     0.08194     0.00983
     0.01562     0.07536     0.00942
     0.01690     0.06952     0.00904
     0.01822     0.06432     0.00868
     0.01960     0.05967     0.00835
     0.02102     0.05549     0.00805
     0.02250     0.05172     0.00776
     0.02403     0.04831     0.00749
     0.02560     0.04522     0.00723
     0.02722     0.04240     0.00700
     0.02890     0.03983     0.00677
     0.03062     0.03747     0.00656
     0.03240     0.03531     0.00636
     0.03423     0.03332     0.00616
     0.03610     0.03149     0.00598
     0.03802     0.02980     0.00581
     0.04000     0.02823     0.00565
     0.04202     0.02677     0.00549
     0.04410     0.02542     0.00534
     0.04622     0.02416     0.00520
     0.04840     0.02299     0.00506
     0.05062     0.02190     0.00493
     0.05290     0.02087     0.00480
     0.05522     0.01991     0.00468
     0.05760     0.01901     0.00456
     0.06002     0.01816     0.00445
     0.06250     0.01737     0.00434
     0.06502     0.01662     0.00424
     0.06760     0.01592     0.00414
     0.07022     0.01525     0.00404
     0.07290     0.01462     0.00395
     0.07563     0.01403     0.00386
     0.07840     0.01346     0.00377
     0.08123     0.01293     0.00368
     0.08410     0.01242     0.00360
     0.08702     0.01194     0.00352
     0.09000     0.01149     0.00345
     0.09303     0.01105     0.00337
     0.09610     0.01064     0.00330
     0.09922     0.01025     0.00323
     0.10240     0.00987     0.00316
     0.10562     0.00952     0.00309
     0.10890     0.00918     0.00303
     0.11222     0.00885     0.00297
     0.11560     0.00854     0.00290
     0.11902     0.00824     0.00284
     0.12250     0.00796     0.00279
     0.12602     0.00769     0.00273
     0.12960     0.00742     0.00267
     0.13322     0.00717     0.00262
     0.13690     0.00693     0.00257
     0.14062     0.00670     0.00251
     0.14440     0.00648     0.00246
     0.14822     0.00627     0.00241
     0.15210     0.00607     0.00237
     0.15602     0.00587     0.00232
     0.16000     0.00568     0.00227
     0.16402     0.00550     0.00223
     0.16810     0.00533     0.00218
     0.17222     0.00516     0.00214
     0.17640     0.00500     0.00210
     0.18062     0.00484     0.00206
     0.18490     0.00469     0.00202
     0.18923     0.00454     0.00198
     0.19360     0.00440     0.00194
     0.19802     0.00427     0.00190
     0.20250     0.00414     0.00186
     0.20702     0.00401     0.00183
     0.21160     0.00389     0.00179
     0.21622     0.00377     0.00175
     0.22090     0.00366     0.00172
     0.22562     0.00355     0.00169
     0.23040     0.00344     0.00165
     0.23522     0.00334     0.00162
     0.24010     0.00324     0.00159
     0.24502     0.00314     0.00156
     0.25000     0.00305     0.00153
     0.25502     0.00296     0.00149
     0.26010     0.00287     0.00146
     0.26522     0.00279     0.00143
     0.27040     0.00270     0.00141
     0.27562     0.00262     0.00138
     0.28090     0.00255     0.00135
     0.28622     0.00247     0.00132
     0.29160     0.00240     0.00130
     0.29703     0.00233     0.00127
     0.30250     0.00226     0.00124
     0.30803     0.00219     0.00122
     0.31360     0.00213     0.00119
     0.31922     0.00206     0.00117
     0.32490     0.00200     0.00114
     0.33062     0.00194     0.00112
     0.33640     0.00189     0.00109
     0.34222     0.00183     0.00107
     0.34810     0.00178     0.00105
     0.35402     0.00172     0.00103
     0.36000     0.00167     0.00100
     0.36602     0.00162     0.00098
     0.37210     0.00157     0.00096
     0.37822     0.00153     0.00094
     0.38440     0.00148     0.00092
     0.39062     0.00144     0.00090
     0.39690     0.00139     0.00088
     0.40322     0.00135     0.00086
     0.40960     0.00131     0.00084
     0.41602     0.00127     0.00082
     0.42250     0.00123     0.00080
     0.42902     0.00119     0.00078
     0.43560     0.00115     0.00076
     0.44222     0.00112     0.00074
     0.44890     0.00108     0.00073
     0.45563     0.00105     0.00071
     0.46240     0.00102     0.00069
     0.46922     0.00098     0.00067
     0.47610     0.00095     0.00066
     0.48302     0.00092     0.00064
     0.49000     0.00089     0.00062
     0.49702     0.00086     0.00061
     0.50410     0.00083     0.00059
     0.51122     0.00081     0.00058
     0.51840     0.00078     0.00056
     0.52562     0.00075     0.00055
     0.53290     0.00073     0.00053
     0.54022     0.00070     0.00052
     0.54760     0.00068     0.00050
     0.55502     0.00066     0.00049
     0.56250     0.00063     0.00047
     0.57002     0.00061     0.00046
     0.57760     0.00059     0.00045
     0.58522     0.00057     0.00043
     0.59290     0.00055     0.00042
     0.60062     0.00053     0.00041
     0.60840     0.00051     0.00040
     0.61622     0.00049     0.00038
     0.62410     0.00047     0.00037
     0.63202     0.00045     0.00036
     0.64000     0.00043     0.00035
     0.64803     0.00042     0.00033
     0.65610     0.00040     0.00032
     0.66422     0.00038     0.00031
     0.67240     0.00037     0.00030
     0.68062     0.00035     0.00029
     0.68890     0.00034     0.00028
     0.69722     0.00032     0.00027
     0.70560     0.00031     0.00026
     0.71402     0.00029     0.00025
     0.72250     0.00028     0.00024
     0.73102     0.00027     0.00023
     0.73960     0.00025     0.00022
     0.74823     0.00024     0.00021
     0.75690     0.00023     0.00020
     0.76562     0.00022     0.00019
     0.77440     0.00020     0.00018
     0.78322     0.00019     0.00017
     0.79210     0.00018     0.00016
     0.80102     0.00017     0.00015
     0.81000     0.00016     0.00014
     0.81902     0.00015     0.00014
     0.82810     0.00014     0.00013
     0.83722     0.00013     0.00012
     0.84640     0.00012     0.00011
     0.85562     0.00011     0.00010
     0.86490     0.00010     0.00009
     0.87423     0.00009     0.00009
     0.88360     0.00008     0.00008
     0.89302     0.00008     0.00007
     0.90250     0.00007     0.00007
     0.91202     0.00006     0.00006
     0.92160     0.00005     0.00005
     0.93122     0.00005     0.00004
     0.94090     0.00004     0.00004
     0.95062     0.00003     0.00003
     0.96040     0.00003     0.00002
     0.97022     0.00002     0.00002
     0.98010     0.00001     0.00001
     0.99002     0.00001     0.00001
     1.00000     0.00000     0.00000
