1.204496 0.929981 1
0.823610 1.156222 1
1.905463 1.997785 1
0.291002 0.576115 0
0.625713 0.901264 1
0.827497 0.095623 0
1.096377 0.646858 0
1.679537 -0.078117 0
0.814326 0.770058 0
0.347209 1.273401 1
1.534028 1.288661 1
1.493808 0.182197 0
0.774352 1.619577 1
1.807922 1.895218 1
1.115214 1.874652 1
1.084464 0.748524 0
0.518095 0.598161 0
0.884218 2.310911 1
0.018261 0.629825 0
1.801903 1.375262 1
1.552136 0.298093 0
0.908498 0.287431 0
1.344800 0.601940 0
0.584638 1.818283 1
1.762209 0.566772 0
1.734831 1.202647 0
0.287882 0.281340 0
1.975818 1.539949 1
1.937064 0.500353 0
1.246012 1.044967 0
0.239013 2.132502 1
1.488573 0.439169 0
1.780274 0.260088 0
1.804023 0.584100 0
1.485472 1.929547 1
1.403096 0.578581 0
1.136465 1.143252 1
0.959865 1.697675 1
1.177704 0.559241 0
1.748860 0.313932 0
0.261987 0.668015 0
0.343296 1.530086 1
0.243064 0.709385 0
1.941707 1.368441 1
0.246142 1.271721 1
1.422652 2.158567 1
1.894738 0.676317 0
1.954520 1.575068 1
1.710548 0.850686 0
1.801466 1.520373 1
1.594928 1.733716 1
1.998007 1.249695 1
1.250894 2.027145 1
1.307047 0.866089 1
0.893775 1.356364 1
1.602028 1.447579 1
1.426425 1.369233 1
0.674734 0.464855 0
1.482230 1.676151 1
0.625347 1.357246 1
1.299906 -0.031751 0
1.327574 1.834790 1
1.216541 0.259984 0
0.825186 0.198089 0
0.704578 1.403980 1
0.943241 0.678490 0
0.185273 0.541165 0
1.670477 1.175808 1
0.052532 0.323434 0
1.131788 1.655671 1
1.177446 0.463680 0
0.784523 1.235693 0
1.395277 0.984742 1
0.079436 1.576521 1
0.589250 0.405395 0
0.331021 0.629977 0
0.458690 1.174821 1
0.133291 1.282264 1
0.916566 1.736438 1
0.650439 1.052588 1
1.569722 1.516830 1
0.604173 0.282928 0
0.414389 1.452787 1
1.499077 0.719315 0
0.683226 1.300104 1
0.582131 1.384454 1
0.356201 1.997536 1
0.433471 1.162825 1
0.546068 1.830988 1
1.930941 0.402201 0
1.425598 1.962238 1
0.287761 0.198899 0
0.950213 0.239902 0
0.846450 1.058326 1
1.611206 0.575893 0
1.796005 0.195116 0
0.271667 0.838949 0
1.120908 1.892765 1
1.802973 1.648427 1
1.338692 1.584908 1
0.424681 1.637929 1
0.956624 1.193486 1
1.413023 0.836063 1
1.786961 1.869441 1
0.115078 0.229012 0
1.550592 1.183421 0
1.816756 0.884214 0
0.268822 1.146096 1
1.219735 1.157949 1
0.449014 1.720561 1
0.289277 0.917827 0
0.774617 1.014463 1
1.114249 1.052307 1
1.546156 0.422406 0
1.108165 0.922712 1
1.454543 0.201280 0
1.467779 1.930406 1
0.398954 1.667351 1
0.824894 0.386982 0
0.030602 0.156890 0
1.541277 1.150111 1
1.434465 0.840856 0
0.806847 1.631269 1
0.429044 1.855323 1
1.504579 1.200687 1
1.303801 0.501856 0
0.929027 0.896482 0
1.806616 0.919271 1
1.415503 0.418592 0
1.060675 0.749924 0
0.994970 1.737641 1
0.026906 0.947336 0
1.661148 1.557333 1
1.701911 1.395041 1
0.904984 0.175149 0
1.647255 0.035871 0
0.582074 0.237741 0
1.453985 1.593778 1
0.891737 0.015865 0
0.619188 0.753606 0
1.097971 1.701890 1
0.888848 1.320231 1
1.324338 0.038925 0
0.706893 0.637385 0
1.963020 0.629892 0
0.684811 1.118568 0
1.220504 1.950944 1
0.776031 0.924632 1
1.240719 0.446489 0
1.630637 0.264941 0
0.499852 0.328509 0
0.526657 1.576398 1
0.267660 1.141474 1
0.582246 1.633919 1
1.265719 1.828835 1
0.211768 0.204254 0
0.705023 -0.019690 0
1.483635 2.029693 1
1.790005 1.760498 1
0.181424 0.219770 0
1.686734 1.302366 1
1.419864 1.768226 1
1.365722 1.355344 1
1.157472 1.796333 1
1.211639 0.593767 0
0.296408 0.169737 0
1.824958 1.687830 1
1.300622 0.216398 0
1.513450 1.485327 1
0.673918 0.572123 0
0.495957 1.576950 1
0.109600 1.948829 1
1.513120 1.314077 1
0.046993 1.910329 1
0.357673 0.916150 1
1.587724 0.404548 0
0.384566 0.118980 0
1.985847 0.903997 1
1.190459 0.407400 0
0.113209 1.333371 1
0.083509 1.302318 1
0.875041 0.992720 1
1.103628 1.684291 1
0.771945 0.626251 0
1.945770 0.976798 0
0.212402 -0.032579 0
1.313005 1.067985 0
0.622895 1.707691 1
1.574274 1.053866 0
1.414441 0.823001 0
1.915315 1.623353 1
0.676344 1.246969 1
1.197592 0.660186 0
0.612083 0.754584 0
1.426351 1.626621 1
0.246309 1.271645 1
0.176742 -0.086732 0
0.947140 -0.030283 0
1.819555 1.167089 1
1.589590 0.250307 0
0.246219 0.521038 0
0.435787 1.339347 1
1.401600 0.800570 1
0.748226 1.231506 0
0.661130 1.179407 1
0.186631 0.672486 0
1.308712 1.408209 1
0.922441 0.805075 0
1.219315 0.631656 0
0.814728 0.889192 0
0.418135 1.452616 1
1.903759 1.969454 1
0.455361 1.703095 1
0.332890 1.653479 1
1.408388 0.266868 0
0.018477 0.475525 0
0.853475 1.142505 0
0.664264 0.951725 0
0.429326 1.855039 1
0.369391 0.919104 1
0.384434 0.984033 0
0.386059 1.343103 1
0.140409 0.371209 0
1.329589 0.511061 0
0.335713 0.979322 0
1.438305 1.534668 1
0.586495 0.390912 0
1.006654 1.857431 1
1.601441 1.995380 1
1.112556 1.950012 1
0.051784 0.443697 0
1.323978 0.650839 0
0.368426 0.477560 0
1.760304 0.357825 0
0.500669 0.126740 0
1.944701 1.111769 0
1.586599 1.775073 1
1.236290 1.424364 1
1.142497 -0.003618 0
0.556691 1.715037 1
1.949916 1.387803 1
0.071000 0.271329 0
0.732564 0.256732 0
0.329645 0.014175 0
0.815536 0.797084 0
1.481563 0.776368 0
1.383591 1.215966 1
1.884421 1.555895 1
0.279927 0.855345 1
1.725055 0.474231 0
0.523491 0.708070 0
0.339978 1.594865 1
0.934427 1.567513 1
0.933429 1.446968 1
0.859541 1.769643 1
1.029077 1.835010 1
1.670793 0.120310 0
0.439150 0.643453 0
1.214541 1.491035 1
0.922068 0.104370 0
0.573479 1.390894 1
1.086433 -0.003607 0
1.239600 2.047739 1
1.313974 1.918890 1
1.662516 -0.121513 0
1.990278 1.490787 1
1.253229 1.420672 1
0.469176 1.409113 1
1.724863 0.302646 0
0.355513 0.677585 0
0.013213 0.516542 0
0.308136 0.273511 0
0.643461 2.162692 1
0.486602 1.531560 1
0.171365 0.618837 0
1.787650 1.231586 1
1.698399 1.088450 1
1.109708 1.511031 1
0.045119 1.089971 0
0.695653 1.790256 1
0.461105 1.872172 1
1.039887 1.007456 1
0.100882 2.062832 1
1.161098 0.317235 0
0.667280 1.963650 1
1.290891 0.988078 1
0.318143 1.052454 1
1.326124 1.749112 1
0.006740 -0.106783 0
0.118659 0.543179 0
0.104755 0.776091 0
1.646183 1.136941 1
0.201341 1.208000 1
1.664212 -0.088068 0
1.547865 0.466500 0
0.677213 1.875984 1
0.504410 1.180318 1
0.679217 1.893357 1
1.527555 0.486969 0
0.438323 0.654655 0
0.940440 1.227884 1
0.041844 1.597511 1
1.128277 0.179428 0
1.982560 0.315441 0
0.364805 1.530198 1
1.033558 1.207546 1
0.413605 1.073765 0
0.339798 0.196995 0
1.571245 0.413111 0
1.600888 1.726221 1
1.557241 0.365729 0
1.192543 0.267779 0
0.729405 1.442445 1
1.699064 1.053376 0
1.720528 1.147020 0
1.683751 0.858595 1
1.054926 2.012626 1
0.910496 1.069272 0
0.696408 1.351390 1
1.019254 1.400495 1
1.897625 0.115377 0
0.785022 1.101646 1
0.667784 1.372182 1
0.957821 1.469498 1
1.577627 0.677100 0
0.088340 0.181253 0
0.309783 0.215375 0
1.311803 1.037666 1
1.899973 1.587572 1
0.085898 2.045264 1
1.384460 1.194491 0
0.949948 -0.028938 0
1.486679 1.712431 1
1.953706 1.336068 1
0.430642 0.734058 0
1.308144 0.353880 0
1.664992 1.930996 1
0.981464 1.757192 1
0.872655 0.144937 0
1.505771 0.696790 0
0.992308 1.275397 1
1.027792 1.194172 1
1.205033 2.164296 1
0.472914 0.211056 0
1.363991 0.646296 0
0.686178 1.135385 1
0.491990 1.776969 1
0.429260 0.390003 0
1.956608 1.567349 1
0.568527 0.252788 0
1.678511 -0.144410 0
1.627542 0.579459 0
1.798569 0.645546 0
0.606893 0.132153 0
0.336346 0.483886 0
0.814412 1.591980 1
0.274067 2.204420 1
0.089053 0.654804 0
1.537581 0.435493 0
1.915686 0.548455 0
1.853022 1.608109 1
0.672469 0.476073 0
0.582703 0.711413 0
0.470870 1.199010 1
1.642865 0.267435 0
1.076397 0.401871 0
0.571888 1.415674 1
0.421779 1.524904 1
0.847092 1.246760 1
1.828363 -0.267826 0
0.290672 0.925372 0
0.118916 1.248588 1
0.053473 0.169025 0
1.146584 1.131181 1
1.739094 1.740350 1
1.983947 0.747213 0
0.117102 1.402907 1
0.822460 1.037439 0
1.599709 0.461239 0
1.781045 1.437888 1
0.065819 1.789204 1
1.859982 0.329018 0
0.525479 1.005357 0
1.867020 1.202250 1
1.914922 0.009005 0
1.672305 2.101295 1
1.128398 1.267144 1
0.949471 0.690083 0
1.788075 0.395956 0
1.809876 1.842215 1
1.976616 0.291804 0
0.330671 1.588381 1
1.807236 1.687374 1
1.258258 0.347402 0
0.987830 0.847809 1
0.788297 0.195175 0
1.308575 0.095292 0
1.258935 1.285665 0
0.896407 0.055329 0
1.766455 1.025666 1
0.030201 1.915085 1
1.380853 0.888073 0
1.106619 1.312166 1
0.793783 1.661881 1
0.535922 0.920295 0
1.739390 2.027053 1
1.457114 1.528171 1
1.139262 -0.228231 0
0.110095 1.483732 1
0.826263 0.624286 0
0.798366 1.663970 1
1.804990 1.835697 1
0.481722 0.488162 0
0.843149 -0.142411 0
1.918748 1.375537 1
1.158651 0.392008 0
0.288959 -0.010611 0
1.845453 0.913203 0
1.517130 1.567177 1
0.854025 0.568985 0
1.701831 1.041688 1
0.289233 1.566202 1
1.072098 1.634069 1
1.514391 1.306358 1
0.581444 0.383150 0
0.440474 0.806966 0
0.137584 0.757735 0
1.114080 2.099535 1
1.981768 0.307456 0
1.603145 1.194450 1
1.504829 0.445810 0
0.588078 2.006467 1
0.758618 0.483395 0
1.678042 1.786370 1
1.855589 1.120779 1
1.468932 0.482605 0
1.376286 0.709231 0
0.691674 1.710575 1
0.169281 0.708848 0
1.336562 1.676184 1
1.475847 0.088277 0
1.244361 1.753973 1
0.285976 1.251710 1
0.761297 1.402548 1
0.729177 1.517783 1
0.051980 1.265487 1
1.666482 0.089543 0
1.332510 -0.022506 0
1.167755 1.085258 1
0.937089 1.025992 0
0.516597 0.506005 0
1.374378 0.417714 0
1.138695 -0.035186 0
1.807322 1.672357 1
0.959839 0.298015 0
1.644901 0.918580 1
0.059142 0.185775 0
0.308195 0.385718 0
1.780122 1.629511 1
0.341552 1.472428 1
0.781478 2.078223 1
0.442270 1.247387 1
1.599044 1.780785 1
0.879392 0.321078 0
0.016903 1.440626 1
0.593128 0.904266 0
1.204197 0.177599 0
1.503782 0.830246 0
0.745721 0.696718 0
1.891319 2.010123 1
1.198315 0.472940 0
1.863856 0.404056 0
0.988415 0.347103 0
0.890190 1.548272 1
0.806518 1.049180 0
0.661761 0.642051 0
0.697983 2.011420 1
0.864891 1.084204 1
0.362769 0.328365 0
0.172814 1.106129 0
0.999125 0.520288 0
0.167561 0.305685 0
1.252583 0.610588 0
0.320881 0.083071 0
1.317149 1.656891 1
0.336146 1.969001 1
0.553562 0.754087 0
0.033842 1.522636 1
0.684918 0.248879 0
0.030173 0.197022 0
0.049467 1.970015 1
1.193402 0.728426 0
0.451135 1.297756 1
1.003446 0.645922 0
1.834800 1.874159 1
1.416588 0.439544 0
0.144245 1.946705 1
1.529440 0.764560 0
0.363497 1.648666 1
1.997931 1.903049 1
0.047925 1.398211 1
0.963063 0.110739 0
0.968687 0.616510 0
0.056914 0.396927 0
0.026313 0.145159 0
0.445741 1.194735 0
1.233682 0.226032 0
1.323252 0.063744 0
0.335743 0.516819 0
1.944051 1.823644 1
1.240094 0.589969 0
1.417900 0.996437 0
0.475996 0.734666 0
0.655313 1.208077 1
1.366538 1.728076 1
0.064487 0.703573 0
0.983605 0.628885 0
1.889467 1.652159 1
1.412811 0.207799 0
1.161062 0.357513 0
1.145672 0.390544 0
0.212956 2.125704 1
0.090444 1.623868 1
1.756811 1.072494 0
1.702312 1.731029 1
1.804984 1.849464 1
0.463369 1.274838 1
1.318429 0.865906 0
0.923883 1.168606 1
1.716202 1.834719 1
1.391694 1.378567 1
1.364931 0.860358 0
1.825659 0.631793 0
0.744983 -0.159144 0
0.624475 0.985419 0
1.177376 0.152741 0
0.559728 1.262137 1
0.468031 0.539404 0
0.536349 0.602078 0
1.866070 0.161982 0
1.204227 0.197884 0
1.605696 1.969719 1
0.272441 0.706471 0
0.766825 2.119550 1
0.482779 0.266501 0
1.330057 1.585077 1
0.581707 1.012368 0
1.557989 0.782112 0
0.571791 0.723154 0
0.145193 0.525967 0
0.267367 1.804136 1
0.287045 1.183965 0
1.914401 0.462097 0
1.314157 1.990107 1
1.533064 0.381906 0
1.442671 0.342529 0
1.295121 0.578382 0
0.954419 1.398310 1
1.185738 1.070315 0
0.069834 1.469532 1
1.144302 0.941812 0
0.211917 0.627273 0
1.297829 1.190250 1
1.053708 0.197051 0
0.344277 0.890336 1
0.949276 0.326338 0
1.616648 0.106480 0
0.845101 0.869818 1
1.179365 1.589305 1
1.779252 1.400704 1
1.383116 0.704440 0
0.829154 0.758592 1
0.862080 0.854764 1
0.225247 2.042688 1
1.744207 1.173255 0
1.888488 0.971953 0
0.110934 0.249401 0
1.017136 0.590256 0
0.376954 0.968930 0
0.282923 0.839450 0
0.092758 1.096557 1
0.469621 1.109174 1
0.467697 0.058038 0
1.013900 -0.094959 0
1.309306 0.959285 0
1.678858 0.292941 0
0.919099 1.431932 1
0.643225 0.393323 0
0.015305 0.315369 0
1.872817 0.460958 0
1.678345 1.830285 1
1.101237 0.058863 0
1.036803 1.127958 1
0.018784 1.672113 1
0.002432 0.909048 1
1.862809 1.089313 1
1.786341 1.319872 1
1.750906 0.769605 0
0.124777 1.112615 1
0.641192 0.354577 0
1.097007 0.247918 0
1.413268 1.594170 1
1.771368 1.012259 0
0.046254 1.022798 1
0.454105 0.980816 0
0.243673 1.861039 1
0.657050 1.179047 1
0.829422 1.424770 1
0.280406 0.557041 0
0.845573 1.422861 1
1.923043 0.107129 0
0.308193 0.682262 0
1.542472 0.923337 1
1.430616 0.551870 0
0.601061 1.433395 1
0.911238 0.948125 0
1.433905 0.399402 0
1.533371 0.851017 0
1.267013 0.602066 0
0.717361 1.014925 1
0.224842 0.813077 0
1.247022 1.480398 1
1.455098 1.370711 1
0.256320 1.785484 1
1.789447 0.180980 0
1.900709 0.744962 0
0.324172 -0.260799 0
0.304573 1.353591 1
0.793439 1.809503 1
1.796615 1.015014 1
0.998878 0.526567 0
0.128394 0.445143 0
0.545469 1.724395 1
0.719263 0.989754 1
1.016338 0.684276 0
0.752177 0.796866 0
0.808117 1.127130 1
0.167370 1.916650 1
0.689649 0.525267 0
1.948296 0.566788 0
0.119189 0.995231 1
0.515534 1.228489 1
0.094658 0.229266 0
0.671761 2.145858 1
0.992134 1.346331 1
0.944575 1.373095 1
0.262889 0.468527 0
1.100899 0.881710 0
0.637676 1.908255 1
0.926212 0.856774 0
1.767784 1.074311 0
1.948655 0.724559 0
1.926804 1.233783 1
1.397913 1.698097 1
1.591590 0.162334 0
1.664434 0.509582 0
1.245849 0.613613 0
0.994106 1.721456 1
1.618677 0.760687 0
0.274577 0.826043 0
0.412694 1.496131 1
0.158947 0.220198 0
0.279247 1.472021 1
1.233196 0.994877 1
1.141997 1.907266 1
1.287359 0.056011 0
0.135454 0.928526 1
1.566171 0.552086 0
0.287727 -0.234530 0
0.569091 2.037323 1
0.300560 0.395831 0
0.430427 1.631608 1
1.342809 2.042981 1
0.457987 1.825866 1
1.503283 1.845029 1
1.319036 0.430027 0
0.876179 1.569944 1
0.103487 2.062674 1
0.213484 0.317913 0
0.695882 2.160872 1
1.424006 0.046770 0
1.789332 2.106442 1
1.294646 0.668127 0
1.658643 0.687546 0
0.301198 0.700142 0
0.319995 1.544451 1
0.677554 1.397496 1
0.300815 2.037931 1
1.450993 0.939513 0
0.188360 1.090779 0
1.330711 -0.068574 0
1.078817 0.704622 0
0.495363 1.562728 1
0.842580 1.517217 1
0.997910 0.510802 0
0.608258 1.159221 1
1.539700 1.259793 0
0.989784 0.642072 0
1.841889 0.839314 0
0.853754 1.517723 1
0.895256 0.687560 0
0.061617 1.430653 1
1.010016 1.949138 1
1.757872 1.102747 0
0.310654 0.922797 0
1.341432 0.423912 0
0.851362 1.474449 1
1.243066 0.019147 0
0.456657 1.423052 1
1.304792 1.134491 0
1.914172 0.817827 0
0.721703 0.654991 0
0.983037 1.254990 1
1.897652 1.815488 1
0.426143 0.581579 0
0.473602 2.074487 1
1.796291 0.409314 0
1.676052 1.588186 1
1.184462 1.583770 1
1.439059 0.898384 0
1.068206 1.666738 1
0.730985 1.342029 1
1.038273 0.995518 1
1.321571 0.763954 0
1.311450 0.479615 0
1.025664 1.467355 1
1.436779 0.752875 0
1.694585 2.071615 1
1.407182 0.979314 1
1.547241 0.564560 0
0.591167 0.331297 0
0.702672 1.473294 1
1.891793 0.488063 0
1.343571 1.246683 1
1.434893 0.391019 0
1.850240 0.811762 0
0.402246 1.429464 1
0.524430 1.472052 1
0.940724 0.280296 0
0.748220 2.043782 1
1.407074 0.715981 0
1.820710 0.403028 0
1.962848 1.136013 1
0.654595 1.487174 1
1.453746 2.061283 1
0.903635 0.453442 0
1.469027 1.920459 1
0.774569 1.401910 1
0.430094 1.543638 1
1.199807 1.612908 1
1.114882 0.513160 0
1.162188 0.921605 1
0.935430 0.597122 0
0.064247 1.665180 1
0.399174 1.794744 1
0.607404 0.240315 0
1.151167 0.764188 0
1.642963 1.854923 1
0.506692 0.759476 0
0.698603 0.276695 0
1.805138 0.861825 1
0.135088 0.371040 0
0.541045 1.162891 0
1.026964 0.950605 1
0.093148 1.564535 1
1.171693 1.941238 1
0.964539 0.152033 0
0.932452 1.253472 1
1.953621 0.749377 0
1.975293 1.517734 1
0.730241 0.060501 0
1.482192 0.398048 0
1.428198 0.605165 0
1.777413 0.373172 0
1.998306 1.099704 1
0.621511 1.191320 1
0.009945 0.311777 0
0.749508 1.854893 1
0.825438 1.880956 1
0.335612 0.475352 0
0.241245 1.894628 1
0.664539 1.459740 1
0.000220 2.065672 1
1.864651 0.571991 0
0.567249 1.572633 1
1.919291 0.549360 0
1.615946 1.538657 1
1.498486 1.569360 1
0.319071 1.563816 1
1.202700 1.206478 1
1.844321 0.302278 0
0.992184 0.948550 1
1.218949 2.072110 1
0.989640 0.483410 0
1.968236 1.247602 1
1.456222 -0.236611 0
1.526347 -0.155680 0
0.354995 1.397736 1
1.673743 0.436867 0
1.578582 0.915415 0
0.399054 1.369136 1
1.967525 0.357926 0
1.673127 1.348041 1
0.519739 1.518137 1
1.814093 0.301671 0
0.150636 2.204944 1
0.843449 -0.115979 0
1.572543 0.911438 0
0.869067 1.142251 1
1.997867 1.856173 1
1.432030 1.674949 1
0.706171 1.814561 1
0.855500 0.687343 0
1.505584 0.965065 0
1.242559 2.065094 1
0.761748 1.714277 1
0.022885 -0.182947 0
0.313325 1.161719 1
1.779525 1.353355 1
1.899043 1.282036 1
1.098688 2.078521 1
0.341139 2.004394 1
1.822492 1.927155 1
1.087334 1.203831 1
1.532987 1.159508 1
1.849304 0.827147 1
0.825775 0.336750 0
1.807189 1.726606 1
1.490928 -0.228402 0
1.777997 0.778733 1
0.324952 0.422993 0
0.403891 0.339384 0
0.097726 1.786364 1
1.032298 1.168898 1
1.702798 1.316933 1
0.634800 1.951888 1
1.087640 0.926111 0
0.762901 1.767338 1
0.404139 -0.021804 0
1.256649 1.848904 1
1.611072 1.083018 1
1.869783 1.615321 1
0.697164 0.392895 0
1.150991 0.577680 0
1.994030 1.680207 1
0.873275 1.324073 1
0.202140 1.013584 1
1.364404 0.193895 0
0.036969 0.368835 0
1.867897 1.971750 1
1.320038 1.087668 1
1.079572 0.574877 0
1.399440 0.150075 0
1.733508 1.418297 1
1.868587 1.436652 1
0.272095 0.238151 0
0.059470 -0.093599 0
0.258921 1.159261 1
1.246977 1.637829 1
1.638882 0.054066 0
0.433511 0.474961 0
0.377557 1.220772 1
0.024833 -0.059042 0
0.326499 1.314440 1
0.879278 1.187234 1
0.346539 1.809630 1
1.304840 1.123263 1
0.791477 1.526128 1
0.555522 1.017080 0
0.322580 0.192050 0
1.714946 0.529019 0
0.094072 0.452802 0
0.844052 0.588743 0
1.874643 0.334237 0
1.021795 1.255635 1
0.329604 -0.082990 0
1.698661 0.793911 1
1.495407 0.998661 1
0.111469 1.391641 1
1.613003 0.464717 0
1.518088 0.539446 0
1.514822 0.870663 0
1.956552 1.229263 1
1.714964 0.552172 0
0.794198 0.223544 0
1.704145 0.632689 0
0.997066 1.356321 1
0.199307 0.562948 0
1.146676 0.824835 0
1.642302 0.013101 0
1.396852 0.356164 0
0.310376 1.863427 1
0.462345 1.213225 1
0.751385 1.226024 0
0.584318 1.461940 1
1.015882 1.036783 1
1.967408 1.393556 1
1.347185 0.072851 0
1.454371 0.599253 0
1.714589 0.729739 0
0.368821 0.382635 0
0.433041 0.662253 0
0.916235 1.419856 1
0.949282 -0.051735 0
1.820645 0.877454 0
0.204443 1.791113 1
1.639782 1.391413 1
0.284975 1.016069 1
0.051277 1.096634 0
1.823933 1.166927 1
0.559768 1.697642 1
1.385125 -0.242867 0
1.594727 0.075537 0
0.039158 0.302522 0
0.732789 1.643024 1
0.196371 1.087365 1
0.387661 0.174006 0
1.868904 0.800564 0
0.086161 1.503560 1
1.315035 1.312841 1
0.111791 1.099645 1
1.727357 1.873038 1
1.621884 0.251050 0
0.483670 1.033958 0
0.831556 0.444346 0
1.193905 2.005413 1
0.498054 0.186735 0
0.935649 1.319947 1
0.393293 1.547321 1
1.788315 1.813828 1
0.073933 1.544034 1
1.896311 0.055228 0
1.887954 1.529087 1
1.498343 0.978514 0
0.828730 0.445447 0
1.017988 1.451640 1
0.778725 1.106776 1
1.240333 0.524688 0
0.713833 1.357907 1
0.750668 1.706098 1
1.207066 1.837078 1
1.545928 0.994323 0
1.398912 1.768757 1
0.902325 1.818516 1
1.613293 1.475370 1
0.492197 1.482712 1
1.999476 1.469739 1
0.271763 0.667080 0
0.561803 1.136947 0
0.681803 1.083022 0
0.349732 1.696846 1
0.751246 1.031079 1
1.290551 1.215276 1
0.436839 0.595486 0
1.947131 1.177842 0
0.251543 0.710175 0
0.088014 0.639466 0
1.184742 0.693393 0
1.022913 -0.062626 0
1.302311 0.670927 0
1.009923 1.525865 1
1.993870 1.536302 1
1.534815 -0.141564 0
1.191796 0.011504 0
1.637590 0.295388 0
0.420872 1.017694 0
1.436099 1.458482 1
0.239537 2.135468 1
0.944878 1.078631 1
1.308463 1.013201 0
1.346841 0.926585 1
0.880424 0.473777 0
1.637249 2.130006 1
0.054199 1.004388 1
0.413107 0.131333 0
0.341519 0.561388 0
1.523951 1.290618 1
1.745308 0.222577 0
1.015604 0.552192 0
1.114646 1.797530 1
0.490982 0.318983 0
1.480261 1.988318 1
0.884011 -0.158541 0
0.460611 1.508734 1
0.039358 1.667472 1
1.606384 0.674167 0
0.109945 0.335715 0
0.614376 0.710903 0
0.347444 1.684875 1
1.159265 1.118739 0
0.514836 1.191453 1
0.511214 0.933662 1
0.475650 1.783387 1
0.615352 1.060771 0
0.391397 0.669518 0
0.381088 -0.222385 0
1.433859 0.519992 0
0.561058 1.922923 1
1.802699 0.934905 0
1.342281 1.856026 1
