0.086042 0.998780 1
1.703160 1.161538 1
0.785817 1.925843 1
1.409496 0.497154 0
1.505954 0.945212 1
1.945923 0.125335 0
0.213389 0.536785 0
0.803910 0.032053 0
1.932737 0.765641 0
1.227257 1.248428 1
0.416493 1.302975 1
0.616952 0.158340 0
1.652840 1.613900 1
0.688602 1.846017 1
1.995715 1.866953 1
0.201577 0.810615 0
1.639276 0.536255 0
1.767739 2.200474 1
1.138652 0.684534 0
0.680759 1.481896 1
0.668810 0.259444 0
0.027901 0.193587 0
0.465843 0.582391 0
1.466432 1.768232 1
0.883715 0.512102 0
0.853535 1.103022 0
1.405700 0.258738 0
0.855665 1.515900 1
1.058512 0.577890 0
0.365254 0.976474 0
1.119310 2.081208 1
0.607039 0.403499 0
0.899003 0.212440 0
0.924234 0.483097 0
0.367396 1.888716 1
0.522437 0.674287 0
0.017673 1.221650 1
1.839416 1.677663 1
0.297890 0.488059 0
0.867121 0.312979 0
1.380397 0.717875 0
1.222866 1.472128 1
1.360709 0.794281 0
0.820787 1.474187 1
1.122128 1.292944 1
0.297332 2.071521 1
1.014033 0.681204 0
0.834084 1.617166 1
0.828016 0.743873 0
0.680847 1.505520 1
0.475784 1.660335 1
0.879435 1.163812 1
0.136477 2.015206 1
0.186514 0.934720 1
1.772209 1.319731 1
0.482601 1.529543 1
0.305653 1.409192 1
1.795774 0.503063 0
0.364158 1.603557 1
1.503029 1.302700 1
0.419911 0.080670 0
0.207040 1.757405 1
0.336559 0.251169 0
1.944274 0.208622 0
1.587187 1.392342 1
0.062784 0.747332 0
1.306253 0.554461 0
0.550502 1.168610 1
1.172436 0.322369 0
0.011122 1.563534 1
0.295698 0.537028 0
1.905212 1.123529 0
0.277793 1.078589 1
0.960039 1.676008 1
1.706670 0.467056 0
1.452194 0.696535 0
1.339459 1.186766 1
1.015793 1.251478 1
1.795225 1.708862 1
1.528209 1.079943 1
0.451582 1.501205 1
1.724705 0.354440 0
1.294269 1.432881 1
0.618411 0.813746 0
1.565162 1.273603 1
1.464716 1.462947 1
1.237477 1.905410 1
1.313832 1.264976 1
1.423028 1.874080 1
1.052499 0.475065 0
0.303280 1.884508 1
1.405630 0.237452 0
0.072236 0.210869 0
1.725753 1.069098 1
0.731794 0.583743 0
0.916813 0.233124 0
1.391415 0.764918 0
0.002187 1.840660 1
0.683715 1.732002 1
0.217654 1.579355 1
1.304246 1.733740 1
1.836081 1.233050 1
0.294249 0.896721 1
0.666017 1.860478 1
1.238057 0.227894 0
0.671898 1.116259 0
0.934896 0.842185 0
1.149646 1.168859 1
0.098442 1.248475 1
1.330104 1.722322 1
1.409003 0.944572 0
1.655414 1.046584 1
1.995391 1.125570 1
0.664987 0.365217 0
1.988186 1.027814 1
0.574603 0.170006 0
0.347727 1.846989 1
1.278968 1.589577 1
1.944214 0.340352 0
1.149695 0.254096 0
0.422008 1.183473 1
0.554121 0.803482 0
1.688836 1.624904 1
1.308052 1.764342 1
0.378911 1.221104 1
0.422765 0.421933 0
0.048643 0.883134 0
0.688165 0.981241 1
0.536983 0.349658 0
0.182835 0.686813 0
1.875682 1.681197 1
1.145901 0.868911 0
0.542044 1.615463 1
0.583135 1.286554 1
0.023610 0.171327 0
0.767976 0.089107 0
1.699664 0.317313 0
0.335068 1.687655 1
0.009884 0.050722 0
1.742812 0.769377 0
1.977695 1.691079 1
1.768746 1.343653 1
0.439197 0.025762 0
1.825106 0.692358 0
1.084996 0.587957 0
1.805263 1.032446 0
0.100125 1.925869 1
1.656854 1.003964 1
0.360234 0.558322 0
0.750836 0.230463 0
1.622710 0.259745 0
1.408100 1.509323 1
1.146377 1.221791 1
1.463553 1.571722 1
0.146000 1.797015 1
1.329264 0.191565 0
1.816582 0.026433 0
0.370745 2.008423 1
0.669455 1.790217 1
1.303290 0.295318 0
0.566793 1.211424 1
0.299354 1.781053 1
0.244733 1.427634 1
0.035837 1.710559 1
0.334209 0.705926 0
1.416322 0.189649 0
0.706522 1.792160 1
0.419891 0.273266 0
0.393150 1.400485 1
1.793016 0.509435 0
1.376086 1.484921 1
0.992875 1.910729 1
0.389248 1.300506 1
0.928455 1.901838 1
1.240018 0.970955 1
0.708271 0.507770 0
1.504845 0.213913 0
0.864658 1.001140 1
0.310989 0.373445 0
0.993688 1.289858 1
0.965498 1.325024 1
1.755837 1.059212 1
1.984435 1.707970 1
1.890791 0.536908 0
1.065032 0.942934 0
1.333617 0.012943 0
0.434353 0.979972 0
1.504682 1.620430 1
0.698394 0.963554 0
0.533037 0.806402 0
0.793760 1.569352 1
1.557116 1.328097 1
0.315996 0.620160 0
1.735056 0.746625 0
0.304721 1.692022 1
1.123192 1.284954 1
1.292240 0.005840 0
0.066443 -0.001819 0
0.699651 1.247114 1
0.706600 0.210244 0
1.365105 0.477723 0
1.316253 1.329015 1
0.281202 0.902373 1
1.866046 1.125100 0
1.541079 1.138143 1
1.303263 0.697634 0
0.187442 1.481885 1
0.039277 0.740534 0
0.339386 0.636461 0
1.934148 0.885620 0
1.297570 1.475328 1
0.784213 1.869698 1
1.333842 1.805833 1
1.211099 1.679827 1
0.527910 0.371746 0
1.139650 0.582468 0
1.975197 1.061819 0
1.786900 0.899046 0
1.308711 1.772404 1
1.250322 1.014467 1
1.502869 0.963018 0
1.264930 1.271071 1
1.260594 0.481828 0
0.449741 0.571307 0
1.456462 0.897233 0
0.318673 1.505032 1
1.704295 0.382533 0
1.887894 1.754069 1
0.480239 1.927836 1
1.991687 1.861882 1
1.172093 0.419074 0
0.444451 0.598806 0
1.490356 0.430415 0
0.878359 0.289634 0
1.623626 0.168577 0
1.063033 1.053472 0
0.466317 1.663411 1
0.115793 1.377079 1
0.263492 0.048763 0
1.438098 1.701667 1
0.828577 1.447375 1
1.191406 0.339020 0
1.855199 0.363809 0
1.452245 0.115329 0
1.934654 0.760441 0
0.601141 0.794713 0
0.265827 1.172922 1
0.762287 1.471749 1
1.157559 0.954732 1
0.845779 0.489164 0
1.642454 0.801208 0
1.218093 1.533945 1
1.813981 1.613868 1
1.813741 1.392482 1
1.740972 1.686321 1
1.905690 1.831963 1
0.793877 0.153990 0
1.560391 0.717067 0
0.089588 1.429389 1
0.042308 0.130485 0
1.453170 1.469780 1
0.202584 0.031595 0
0.120903 2.017096 1
0.193388 1.886828 1
0.779389 -0.065152 0
0.869774 1.426271 1
0.131975 1.502235 1
1.351661 1.301637 1
0.842847 0.347570 0
1.477203 0.679259 0
1.132222 0.407855 0
1.427255 0.283562 0
1.513707 2.107516 1
1.367415 1.429851 1
1.291411 0.605893 0
0.666053 1.184222 1
0.577956 1.090553 1
1.989973 1.450308 1
1.163392 1.019312 0
1.575973 1.854950 1
1.342586 1.855663 1
1.921102 1.008024 1
0.982630 1.963478 1
0.280940 0.381501 0
1.546630 1.936062 1
0.168768 1.090513 1
1.198380 1.065826 1
0.206872 1.834471 1
1.120500 -0.035207 0
1.236974 0.586491 0
1.222583 0.791469 0
0.526824 1.214490 1
1.080715 1.140822 1
0.784942 -0.053825 0
0.667444 0.393056 0
1.554485 1.842231 1
1.385968 1.126750 1
1.559169 1.900827 1
0.644410 0.394536 0
1.557917 0.744686 0
1.822079 1.331135 1
0.919410 1.693462 1
0.245926 0.263666 0
1.099531 0.287462 0
1.245087 1.477866 1
1.915257 1.254142 1
1.533275 0.963053 0
1.460207 0.270978 0
0.691829 0.395248 0
0.478279 1.793096 1
0.678110 0.450388 0
0.311500 0.206664 0
1.607921 1.553699 1
0.815476 0.982128 0
0.838729 1.092446 0
0.562978 0.949462 1
1.931128 1.935405 1
0.032584 1.038376 0
1.578078 1.407681 1
1.902093 1.462491 1
1.019156 0.110129 0
1.665390 1.209593 1
1.548052 1.279351 1
1.837014 1.513267 1
0.701676 0.777308 0
1.214263 0.117174 0
1.428601 0.294122 0
0.195509 1.144086 1
0.778116 1.520671 1
0.961011 2.017962 1
0.505162 1.110023 0
0.072116 0.052344 0
0.369361 1.755487 1
0.833112 1.437652 1
1.547261 0.645462 0
0.427873 0.418066 0
0.544130 1.848635 1
1.860513 1.734236 1
1.994496 0.216261 0
0.626079 0.766691 0
1.873209 1.265304 1
1.907679 1.142298 1
0.084310 2.089059 1
1.593842 0.240328 0
0.483886 0.539610 0
1.567742 1.239062 1
1.373851 1.724044 1
1.550789 0.340678 0
0.835872 1.473623 1
1.691938 0.184764 0
0.806690 -0.092790 0
0.749858 0.486606 0
0.918195 0.590757 0
1.727953 0.233459 0
1.457157 0.475844 0
1.696727 1.631457 1
1.159814 2.131343 1
1.208547 0.585790 0
0.657243 0.539984 0
1.036377 0.635321 0
0.734304 1.673995 1
1.793831 0.397049 0
1.703055 0.774498 0
1.352868 1.171384 1
0.763145 0.185096 0
0.194417 0.448259 0
1.449914 1.313231 1
1.300974 1.543463 1
1.723843 1.327461 1
0.948566 -0.160834 0
1.411091 0.835408 0
1.004736 1.348744 1
1.174846 0.125532 0
0.025133 1.086232 1
0.617813 1.706193 1
1.106887 0.670278 0
1.001831 1.435467 1
1.943195 1.006837 0
0.720777 0.568625 0
0.662162 1.352509 1
0.948172 1.814617 1
0.981034 0.220524 0
1.645330 0.959146 0
0.749118 1.204012 1
1.033953 0.030366 0
0.551487 2.023213 1
0.010993 1.251292 1
0.068709 0.733294 0
0.910089 0.314170 0
0.691780 1.744258 1
1.093667 0.340635 0
1.207985 1.643914 1
0.687109 1.605967 1
0.377653 0.358952 0
1.866723 0.952157 1
1.905885 0.168018 0
0.428831 0.180835 0
0.378497 1.182174 0
0.014704 0.091476 0
0.645324 1.027640 1
0.909943 1.891790 1
0.500065 0.910396 0
1.987087 1.237390 1
1.673997 1.641993 1
1.655356 0.820863 0
0.620532 1.976878 1
0.338865 1.536400 1
0.263031 -0.131691 0
0.993485 1.569229 1
1.944992 0.556335 0
1.679203 1.626960 1
0.683796 1.739661 1
1.599984 0.485842 0
1.961691 -0.041789 0
0.797732 1.394184 1
0.277377 0.463179 0
1.406108 0.086381 0
0.966517 0.845049 0
0.399902 1.648113 1
1.974058 0.496546 0
0.582652 1.076472 1
1.166139 1.484283 1
1.951196 1.723965 1
0.392480 1.239919 1
1.702595 0.299571 0
1.559641 0.797309 0
1.258678 0.809235 0
1.988722 2.055659 1
1.102920 0.390943 0
0.482053 1.196802 1
0.624842 0.450727 0
1.468119 1.968224 1
1.879200 0.480005 0
0.557204 1.789159 1
0.736587 1.104213 1
0.588847 0.557927 0
0.496072 0.614817 0
1.567212 1.677416 1
1.288544 0.650855 0
0.214964 1.594746 1
0.597751 0.085554 0
0.125172 1.726222 1
1.166035 1.236402 1
1.640837 1.360195 1
1.606448 1.594011 1
0.931682 1.372751 1
0.789797 0.087333 0
0.454089 0.031998 0
0.048647 1.060187 1
0.057617 0.925165 0
1.636777 0.566586 0
0.493724 0.307254 0
0.260172 0.022921 0
0.686834 1.637590 1
0.081736 0.376311 0
0.522526 0.991180 1
1.179924 0.195324 0
1.429948 0.484546 0
0.654338 1.545348 1
1.220402 1.564415 1
1.670516 2.052699 1
1.322373 1.227394 1
0.475994 1.843238 1
1.999380 0.375097 0
0.897866 1.493200 1
1.714381 0.853495 0
0.326041 0.151552 0
0.623361 0.792468 0
1.866880 0.610654 0
0.775748 1.975792 1
0.318393 0.504740 0
0.981326 0.465862 0
0.111781 0.300266 0
1.771588 1.476811 1
1.926098 1.025819 0
1.783514 0.621316 0
1.579180 1.919695 1
1.745041 1.129039 1
1.483243 0.318257 0
1.292825 0.994672 0
0.118785 0.625961 0
1.289165 0.380088 0
0.372609 0.528726 0
1.441121 0.086596 0
0.196770 1.749403 1
1.215487 1.953780 1
1.672980 0.776376 0
0.913159 1.450839 1
1.805161 0.359529 0
1.148505 0.162095 0
0.928961 1.949789 1
0.315604 0.763866 0
1.331232 1.409382 1
0.124717 0.696254 0
0.717059 1.795733 1
0.537093 0.423667 0
1.024110 1.962031 1
0.650855 0.790002 0
1.244860 1.686518 1
0.874479 1.903459 1
0.924676 1.333572 1
0.083636 0.178306 0
0.088426 0.622379 0
1.174859 0.490904 0
1.144671 0.193989 0
1.565306 1.084248 0
0.355866 0.222022 0
0.443615 0.046514 0
1.455802 0.411288 0
0.823868 1.817479 1
0.359959 0.595599 0
0.537045 0.938481 0
1.597108 0.749407 0
1.534269 1.299546 1
0.247455 1.650788 1
1.187921 0.709346 0
0.103547 0.699596 0
0.771090 1.713253 1
0.534585 0.242709 0
0.280437 0.422482 0
0.262607 0.488971 0
1.090059 2.056240 1
0.975237 1.694752 1
0.877703 1.027341 0
0.582357 1.780442 1
0.684619 1.778208 1
1.344251 1.384671 1
0.437182 0.766461 0
1.804249 1.122015 1
0.596841 1.838384 1
0.271461 1.474423 1
0.481960 0.827902 0
0.944650 0.712224 0
1.863880 -0.054395 0
1.744682 0.928809 0
0.293096 0.170334 0
1.440288 1.189886 1
1.587932 0.540701 0
1.656577 0.495216 0
0.989587 0.259955 0
0.324079 0.267420 0
0.484953 1.951333 1
1.392346 0.665087 0
1.652262 2.021754 1
1.603232 0.354390 0
0.208925 1.662519 1
1.700959 0.909898 0
0.678543 0.739914 0
1.690960 0.734372 0
1.264746 0.528115 0
1.144029 1.732038 1
1.407402 1.110208 0
1.033935 0.494914 0
0.193893 1.931877 1
0.652453 0.445706 0
0.564440 0.258221 0
0.413795 0.659119 0
1.835279 1.334910 1
0.307044 1.011597 0
0.950902 1.400653 1
0.264714 0.838276 0
1.333352 0.546043 0
0.179142 1.294016 1
0.175650 0.185716 0
1.223606 0.950757 1
0.069655 0.426420 0
0.737014 0.162957 0
1.725381 0.921386 1
0.060066 1.675012 1
0.656208 1.405305 1
0.503776 0.699420 0
1.708156 0.854596 1
1.743140 0.943837 1
1.104872 1.989246 1
0.863673 1.078600 0
1.011117 0.888407 0
1.232824 0.247730 0
0.138795 0.578428 0
1.497631 0.887897 0
1.402706 0.870465 0
0.970851 1.122854 1
1.349013 1.109950 1
1.587362 0.166381 0
0.133295 -0.034699 0
0.427865 0.909181 0
0.799393 0.283561 0
1.799110 1.495734 1
1.762630 0.475292 0
1.131564 0.212112 0
0.990600 0.570164 0
0.558651 1.810045 1
0.220235 0.050618 0
1.917624 1.190010 1
0.897202 1.762804 1
0.883226 0.944380 1
0.742689 1.145681 1
0.665455 1.232329 1
0.871353 0.729495 0
1.005432 1.131235 1
1.761399 0.314110 0
0.214009 0.333893 0
0.290829 1.518716 1
0.893856 0.974189 0
0.924222 1.112991 1
1.575213 0.895480 0
1.124232 1.883399 1
1.536740 1.207480 1
1.710082 1.522783 1
1.401778 0.614923 0
1.723636 1.472970 1
1.042746 0.192313 0
1.429255 0.733578 0
0.424514 0.980726 1
0.551252 0.516005 0
1.481476 1.400525 1
0.028819 0.846972 0
0.555046 0.475036 0
0.652872 0.746281 0
0.387293 0.573866 0
1.597019 1.068484 1
1.341464 0.765264 0
0.127575 1.452994 1
0.336919 1.393393 1
1.134527 1.764981 1
0.907219 0.136715 0
1.021355 0.729106 0
1.443885 -0.157304 0
1.181417 1.402973 1
1.673239 1.761559 1
0.677514 1.037333 1
0.118570 0.613593 0
1.249768 0.403080 0
1.425951 1.637933 1
1.598381 1.041521 1
0.137511 0.631766 0
1.870612 0.858402 0
1.687545 1.162058 1
1.049399 1.943904 1
1.810891 0.495864 0
1.067578 0.470338 0
0.999877 1.096205 1
1.396265 1.318195 1
1.215497 0.288619 0
1.550234 2.091679 1
1.872058 1.258529 1
1.823745 1.323589 1
1.379669 0.410646 0
0.220488 0.857122 0
1.517803 1.820777 1
0.045001 0.832854 0
0.889720 1.013635 0
1.070536 0.706530 0
0.806149 1.325690 1
0.277147 1.801967 1
0.709441 0.181228 0
0.783780 0.519584 0
0.365347 0.581868 0
1.872937 1.734873 1
0.739224 0.657463 0
1.394538 0.776514 0
1.292092 1.407306 1
1.279757 0.308127 0
1.152802 1.457780 1
0.114562 1.004156 1
0.025100 1.862790 1
0.406657 0.109662 0
1.016481 1.027004 1
0.686918 0.440936 0
1.398843 -0.123176 0
1.446455 1.996327 1
1.418123 0.356293 0
1.310586 1.525028 1
0.225713 1.964675 1
1.340313 1.809444 1
0.386780 1.827843 1
0.440252 0.402260 0
1.755150 1.490255 1
0.983109 2.030942 1
1.332940 0.247993 0
1.578388 2.087365 1
0.543151 0.112266 0
0.669664 2.035752 1
0.414606 0.585414 0
0.777816 0.591253 0
1.421729 0.728029 0
1.200190 1.444890 1
1.557423 1.423869 1
1.183280 2.011933 1
0.570652 0.912072 0
1.307638 1.051975 0
0.451604 0.027280 0
0.196593 0.775017 0
1.376671 1.615525 1
1.720904 1.423363 1
0.118722 0.509366 0
1.487332 1.246059 1
0.659211 1.156418 0
0.111464 0.736538 0
0.959080 0.773943 0
1.733346 1.503451 1
0.016436 0.578874 0
0.940530 1.379867 1
1.886759 1.858281 1
0.879506 1.053059 0
1.430697 0.868824 0
0.462342 0.529386 0
1.730141 1.488879 1
0.362789 0.069131 0
1.336590 1.462021 1
0.424567 1.076685 0
1.037176 0.776471 0
1.845828 0.708211 0
1.862787 1.229790 1
0.779579 1.740844 1
1.545806 0.673110 0
1.350413 2.038510 1
0.914780 0.395728 0
0.559550 1.636315 1
0.064468 1.601519 1
0.558663 0.863164 0
1.947105 1.715732 1
1.612107 1.240268 1
1.918738 1.096828 1
0.441795 0.699148 0
0.431326 0.512224 0
1.910489 1.528046 1
0.558116 0.650739 0
0.575601 1.999456 1
0.289546 1.040219 1
0.667226 0.501555 0
1.709859 0.431583 0
1.586042 1.462191 1
1.011145 0.575007 0
0.223649 1.350886 1
0.555196 0.469395 0
0.968365 0.756211 0
1.281924 1.335468 1
1.405297 1.453392 1
0.059725 0.387868 0
1.627962 2.026008 1
0.525812 0.797748 0
0.943767 0.393433 0
0.840848 1.095813 1
1.532904 1.463154 1
0.332059 2.010123 1
0.025776 0.454830 0
0.350402 1.930278 1
1.654955 1.339278 1
1.310324 1.591034 1
0.081383 1.648394 1
0.231890 0.408679 0
0.042238 1.007830 1
0.052734 0.619365 0
0.945747 1.596532 1
1.277932 1.781586 1
1.728613 0.299723 0
0.272815 0.804017 0
0.520293 1.789550 1
1.626720 0.772342 0
1.815794 0.213541 0
0.685704 0.923616 1
1.254212 0.443295 0
1.660143 1.087144 0
1.907687 1.027450 1
0.975209 1.494920 1
0.050373 1.937539 1
0.088572 0.133805 0
1.810682 1.229215 1
1.074910 0.685390 0
0.857232 1.604197 1
1.850673 0.081244 0
0.602622 0.509639 0
0.548532 0.541634 0
0.897130 0.285070 0
0.879065 1.113251 1
1.499694 1.172184 1
1.128707 0.339505 0
1.633976 1.839727 1
1.707903 1.783591 1
1.455521 0.447083 0
1.117247 1.822581 1
1.543693 1.432260 1
0.878418 1.958912 1
0.982285 0.549027 0
1.447325 1.470986 1
1.039600 0.547140 0
0.493231 1.613318 1
0.381331 1.525195 1
1.198445 1.451836 1
0.083559 1.202338 1
0.964840 0.228743 0
1.871034 1.001856 1
0.097039 2.000143 1
0.112513 0.406172 0
0.848449 1.343809 1
0.571400 -0.143318 0
0.650804 -0.097881 0
1.234619 1.430752 1
0.793651 0.364833 0
0.702411 0.819766 0
1.279190 1.285048 1
1.085627 0.398423 0
0.552559 1.316321 1
1.400178 1.519773 1
0.936480 0.318896 0
1.027628 2.125807 1
1.961035 -0.022510 0
0.693488 0.814652 0
1.749496 1.144330 1
0.876063 1.849411 1
0.311431 1.690380 1
1.588953 1.876897 1
1.975346 0.772199 0
0.625841 0.865713 0
0.124691 2.001780 1
1.639950 1.657953 1
1.143435 -0.093396 0
1.193449 1.243319 1
0.659134 1.391419 1
0.779948 1.190750 1
1.975713 1.998873 1
1.224293 1.961691 1
0.700206 1.946526 1
1.966617 1.205727 1
0.414814 1.261208 1
0.731014 0.889200 1
1.945891 0.328869 0
0.686923 1.715927 1
0.613467 -0.151074 0
0.657162 0.889502 1
1.445418 0.328294 0
1.525611 0.367177 0
0.980149 1.704319 1
1.913613 1.137015 1
0.583969 1.284839 1
1.513351 1.936814 1
0.205721 0.845255 0
1.642127 1.667747 1
1.527712 0.060476 0
0.135819 1.861498 1
0.490676 1.149259 1
0.749487 1.582852 1
1.820651 0.362949 0
0.270172 0.670981 0
0.873790 1.622192 1
1.750476 1.345043 1
1.082282 1.107443 1
0.482976 0.253404 0
1.157053 0.263331 0
0.749251 1.969882 1
0.198530 1.106589 1
0.201591 0.651840 0
0.519452 0.250306 0
0.614242 1.340096 1
0.750560 1.341888 1
1.389131 0.172370 0
1.184380 -0.004183 0
1.136812 1.173036 1
0.126286 1.532623 1
0.756588 0.087382 0
1.555670 0.385125 0
1.257092 1.290729 1
1.144207 -0.007019 0
1.206509 1.285939 1
1.761006 1.155639 1
1.226836 1.847200 1
0.185985 1.191764 1
1.671243 1.583041 1
1.675973 1.002731 0
1.444744 0.139443 0
0.837052 0.547443 0
1.214088 0.357357 0
1.964890 0.534137 0
0.994210 0.444669 0
1.905079 1.309138 1
1.453252 -0.020926 0
0.578085 0.898215 1
0.374359 1.025968 1
0.995612 1.497291 1
0.735170 0.410810 0
0.637484 0.617100 0
0.635157 0.912659 0
0.835766 1.187801 1
0.834634 0.619715 0
1.909953 0.254182 0
0.823703 0.559413 0
1.879155 1.374554 1
1.322459 0.567043 0
0.267719 0.865974 0
0.758941 0.022858 0
0.515754 0.463887 0
1.190055 1.804364 1
1.340321 1.172808 1
1.870454 1.131162 0
1.464032 1.406471 1
1.895620 1.061009 1
0.847527 1.462773 1
0.469505 0.100343 0
0.575245 0.694874 0
0.831652 0.822781 0
1.489547 0.347884 0
1.552136 0.724966 0
1.797677 1.456952 1
0.070283 0.008343 0
0.940500 0.863199 0
1.081061 1.807321 1
0.517006 1.300480 1
1.165408 1.082315 1
1.174561 1.029492 0
0.703667 1.160812 1
1.438984 1.778607 1
0.499711 -0.132893 0
0.712807 0.146556 0
1.160109 0.210727 0
1.611499 1.675879 1
1.076597 1.106807 1
1.508561 0.230386 0
0.988829 0.754310 0
0.967835 1.510851 1
0.195055 1.217413 1
0.991500 1.165873 1
0.605021 1.759872 1
0.741802 0.320857 0
1.603306 0.998226 0
1.949631 0.519326 0
0.070724 2.003217 1
1.617857 0.172046 0
1.816630 1.340302 1
1.273312 1.506112 1
0.666564 1.786713 1
0.954781 1.461255 1
1.016196 0.128626 0
0.766812 1.434502 1
0.617878 0.947049 0
1.946341 0.433346 0
1.899743 1.511938 1
1.656877 1.160853 1
0.360006 0.514695 0
1.594010 1.461721 1
1.632261 1.785370 1
0.087072 1.799187 1
0.667720 0.932388 0
0.278178 1.800887 1
1.780808 1.759051 1
0.495512 1.414116 1
1.372560 1.483328 1
0.880575 1.467922 1
1.392211 0.640027 0
1.683626 1.069581 0
1.802964 0.998104 0
1.228333 1.595823 1
1.630655 1.024872 1
0.168171 1.231108 1
1.553316 0.578740 0
1.066899 1.079573 0
1.368696 0.739571 0
1.204978 0.576412 0
0.304162 0.685096 0
0.145751 -0.035269 0
0.421145 0.681056 0
1.889350 1.539067 1
0.874682 1.509195 1
0.655975 -0.057953 0
0.310681 0.094406 0
0.759014 0.235076 0
1.540037 1.009824 0
0.317074 1.528097 1
1.121307 2.059723 1
1.824669 1.072092 1
0.427973 0.961625 0
0.226526 1.027173 1
0.001419 0.434223 0
0.513774 2.060732 1
0.935826 1.036422 1
1.534943 0.230851 0
1.463024 0.481054 0
0.403826 1.204496 1
0.864827 0.322169 0
0.137954 0.640173 0
1.993234 1.868324 1
1.607872 0.251058 0
0.362717 1.876192 1
0.003696 -0.106406 0
1.340803 1.466447 1
0.919377 1.603733 1
0.728456 0.673471 0
1.231956 0.314251 0
1.731663 0.641415 0
1.227532 1.669924 1
0.277671 1.039860 0
1.395714 1.259369 1
1.390976 0.966822 1
1.356012 1.684248 1
1.736005 1.006865 0
1.511296 0.697294 0
1.513915 -0.141877 0
0.553985 0.561288 0
1.441682 1.878287 1
0.917713 0.865423 0
0.223271 1.747536 1
