1.067171 1.061878 1
0.682654 1.165760 1
1.765596 1.860538 1
0.428561 0.424517 0
0.485999 0.985290 1
0.965227 0.153573 0
1.230859 0.436376 0
1.825831 0.132670 0
0.952666 0.761482 0
0.207277 1.226313 1
1.397414 1.314613 1
1.638708 0.136683 0
0.632029 1.609474 1
1.668890 1.800131 1
0.976407 1.859602 1
1.220084 0.866960 0
0.659560 0.478994 0
0.750791 2.099728 1
0.158275 0.734116 0
1.659831 1.578878 1
1.687198 0.223296 0
1.047570 0.107280 0
1.486449 0.564554 0
0.447071 1.722937 1
1.904610 0.462563 0
1.872453 1.011655 0
0.424403 0.237991 0
1.835571 1.493440 1
0.079315 0.648516 0
1.385073 0.914666 0
0.099238 2.032643 1
1.626270 0.371482 0
1.918731 0.170084 0
1.944497 0.391256 0
1.347993 1.850981 1
1.541529 0.761541 0
0.998061 1.292793 1
0.819471 1.660779 1
1.318009 0.423271 0
1.886061 0.312050 0
0.399419 0.763713 0
0.202568 1.419313 1
0.379392 0.870799 0
1.800549 1.570126 1
0.099772 1.309886 1
1.274787 1.988162 1
0.034029 0.686241 0
1.814479 1.654764 1
1.847340 0.646147 0
1.660759 1.492206 1
1.456365 1.593466 1
1.860071 1.084651 1
1.119254 2.003512 1
1.166286 0.997353 1
0.751287 1.287056 1
1.461712 1.604874 1
1.285167 1.446499 1
0.816758 0.537172 0
1.345310 1.536887 1
0.481607 1.252867 1
1.440377 0.182873 0
1.186952 1.686801 1
1.356189 0.241972 0
0.963680 0.217853 0
0.568870 1.382220 1
1.082800 0.809305 0
0.327125 0.567121 0
1.530003 1.162317 1
0.192397 0.321290 0
0.991243 1.480282 1
1.314939 0.603212 0
0.925315 1.021355 0
1.259520 1.163322 1
1.940198 1.767143 1
0.724939 0.522276 0
0.472925 0.757598 0
0.320581 1.197555 1
1.997239 1.224394 1
0.774708 1.683925 1
0.507066 1.104985 1
1.433261 1.487884 1
0.745082 0.419107 0
0.274321 1.415177 1
1.637961 0.899601 0
0.546205 1.249549 1
0.446515 1.534531 1
0.217120 1.822483 1
0.294227 1.358062 1
0.401189 1.912993 1
0.073295 0.541895 0
1.282508 1.813079 1
0.424162 0.272834 0
1.093286 0.183050 0
0.705260 1.079285 1
1.752544 0.590413 0
1.937423 0.268364 0
0.411109 0.697527 0
0.982926 1.794630 1
1.664628 1.808428 1
1.196828 1.575043 1
0.284122 1.821249 1
0.816113 1.269586 1
1.274565 0.951973 1
1.645679 1.850913 1
0.259914 0.227846 0
1.692887 1.056048 0
1.953923 0.804494 0
0.129614 1.190177 1
1.077330 1.330112 1
0.310914 1.724556 1
0.429371 0.968424 0
0.635642 1.075447 1
0.976261 1.192203 1
1.684048 0.314836 0
0.968395 1.123687 1
1.594658 0.141347 0
1.328014 1.771958 1
0.258737 1.518360 1
0.964272 0.297369 0
0.169404 0.342591 0
1.402543 1.214902 1
1.573887 0.769669 0
0.669625 1.619397 1
0.287514 1.681862 1
1.355820 1.240077 1
1.442474 0.349022 0
1.067849 0.870598 0
1.669163 1.037500 1
1.557743 0.286917 0
1.204100 0.629118 0
0.855692 1.631157 1
0.165314 0.798019 0
1.522006 1.669683 1
1.563892 1.187906 1
1.042791 0.167674 0
1.788406 0.138045 0
0.718444 0.389973 0
1.315191 1.773509 1
1.029319 0.083048 0
0.764162 0.782927 0
0.957395 1.682319 1
0.749012 1.364860 1
1.455194 0.015819 0
0.844456 0.742971 0
0.105976 0.549760 0
0.825463 0.953665 0
1.079596 1.903886 1
0.637250 1.077057 1
1.379915 0.660279 0
1.770946 0.198533 0
0.644451 0.196267 0
0.388893 1.447563 1
0.125672 1.294930 1
0.443977 1.514949 1
1.126682 1.767983 1
0.348128 0.181417 0
0.832129 0.070196 0
1.354337 1.987734 1
1.649320 1.817059 1
0.324057 0.364327 0
1.546403 1.128936 1
1.278233 1.792886 1
1.224869 1.494268 1
1.014220 1.632147 1
1.355921 0.807412 0
0.436290 0.208226 0
1.687130 1.886751 1
1.439328 0.324648 0
1.372152 1.322874 1
0.812914 0.451312 0
0.356118 1.400903 1
1.975133 1.877326 1
1.367166 1.286855 1
1.908957 1.894374 1
0.221574 1.020918 1
1.728553 0.601835 0
0.525257 0.301400 0
1.844130 1.089479 1
1.330579 0.343051 0
1.973724 1.250543 1
1.947208 1.346395 1
0.736246 1.120364 1
0.964187 1.729198 1
0.910284 0.455271 0
0.084275 0.912802 0
0.352810 0.054324 0
1.455077 0.899371 0
0.485492 1.540841 1
1.721103 0.880944 0
1.552356 0.791494 0
1.772569 1.519641 1
0.537603 1.401788 1
1.335465 0.583600 0
0.756614 0.740350 0
1.283902 1.751797 1
0.101407 1.296870 1
0.310757 0.091439 0
1.086449 0.025487 0
1.679492 1.319180 1
1.725124 0.173461 0
0.384877 0.438557 0
0.296469 1.319430 1
1.261357 0.994843 1
0.884736 1.028499 0
0.520822 1.100689 1
0.321137 0.720429 0
1.165619 1.549098 1
1.057290 0.681957 0
1.359611 0.640336 0
0.953524 0.882393 0
0.277139 1.495898 1
1.764598 1.779460 1
0.312463 1.898737 1
0.190827 1.703124 1
1.547732 0.467755 0
0.160144 0.679981 0
0.996522 0.988004 0
0.808242 0.852252 0
0.288393 1.696450 1
0.230389 1.100518 1
0.521833 0.943822 0
0.244131 1.205891 1
0.280362 0.582463 0
1.469722 0.626120 0
0.476895 0.822293 0
1.298870 1.478679 1
0.723254 0.374313 0
0.868808 1.659315 1
1.459943 1.866606 1
0.971722 1.781260 1
0.192326 0.395948 0
1.464768 0.551067 0
0.511045 0.387314 0
1.897181 0.227798 0
0.645067 0.208162 0
0.081962 1.001106 0
1.447504 1.561261 1
1.095909 1.336589 1
1.283436 0.095822 0
0.418432 1.689785 1
1.807760 1.501918 1
0.211579 0.400248 0
0.876318 0.461429 0
0.473287 0.207331 0
0.953983 0.728307 0
1.621323 0.811509 0
1.246391 1.132770 1
1.741222 1.395065 1
0.136356 1.045345 1
1.866393 0.504211 0
0.661908 0.885392 0
0.196998 1.477913 1
0.793572 1.656390 1
0.793807 1.342332 1
0.722000 1.610420 1
0.882868 1.829063 1
1.815075 0.184164 0
0.580904 0.784761 0
1.067432 1.373430 1
1.062444 0.154779 0
0.432939 1.541343 1
1.221030 0.063897 0
1.101829 1.987974 1
1.172643 1.857799 1
1.798346 -0.012597 0
1.849254 1.368045 1
1.110823 1.575534 1
0.333110 1.203670 1
1.861951 0.387543 0
0.498660 0.681508 0
0.151394 0.308497 0
0.446736 0.292422 0
0.489366 2.054937 1
0.347952 1.337760 1
0.311459 0.593437 0
1.645743 1.141261 1
1.557842 1.091859 1
0.969387 1.396082 1
0.182237 0.955858 0
0.556161 1.914983 1
0.323617 1.838443 1
0.901677 1.009161 1
1.963882 1.872977 1
1.300912 0.441157 0
0.526029 1.909677 1
1.147758 1.184148 1
0.178036 1.077487 1
1.187482 1.912028 1
0.137717 0.030916 0
0.255844 0.625511 0
0.242246 0.805695 0
1.507518 1.284758 1
0.060339 1.079197 1
1.805190 -0.023810 0
1.687015 0.326615 0
0.532535 1.812492 1
0.366323 1.078711 1
0.539211 1.907251 1
1.662276 0.310856 0
0.577605 0.825838 0
0.803410 1.425082 1
1.898467 1.780485 1
1.265052 0.340961 0
0.117916 0.262334 0
0.225171 1.430173 1
0.896148 1.296200 1
0.552898 0.862245 0
0.480075 0.338474 0
1.711624 0.379488 0
1.456905 1.854800 1
1.698416 0.527495 0
1.331276 0.150766 0
0.587143 1.655591 1
1.833166 0.918075 0
1.857918 1.042536 0
1.542326 1.032167 1
0.909453 1.863685 1
1.053841 1.010398 0
0.559174 1.459320 1
0.883980 1.520789 1
0.040301 0.106378 0
0.645755 1.306888 1
0.528386 1.194842 1
0.816342 1.552634 1
1.724093 0.868685 0
0.237557 0.060129 0
0.447739 0.365446 0
1.178783 1.240863 1
1.757022 1.459568 1
1.938309 1.991807 1
1.525535 1.033515 0
1.093252 0.125557 0
1.350642 1.794870 1
1.812680 1.530836 1
0.564320 0.564884 0
1.447980 0.476816 0
1.523635 1.772225 1
0.840372 1.712575 1
1.016266 0.280298 0
1.646543 0.831258 0
0.853741 1.255931 1
0.888110 1.094755 1
1.063853 2.016593 1
0.614999 0.266481 0
1.503656 0.442802 0
0.548369 1.333740 1
0.354746 1.675753 1
0.571279 0.295900 0
1.815458 1.388243 1
0.713912 0.124425 0
1.831252 -0.041549 0
1.771383 0.402082 0
1.938162 0.539779 0
0.747960 0.327494 0
0.477417 0.467407 0
0.677510 1.667435 1
0.142267 2.060806 1
0.228558 0.522039 0
1.677078 0.634689 0
0.057220 0.714057 0
1.714841 1.734531 1
0.814869 0.324945 0
0.722960 0.831848 0
0.334036 1.146358 1
1.782628 0.110475 0
1.214073 0.490644 0
0.428696 1.220235 1
0.280040 1.559972 1
0.702206 1.401666 1
1.968426 -0.063235 0
0.431432 0.753489 0
1.988198 1.439948 1
0.196143 0.087576 0
1.003768 1.044616 1
1.597280 1.676024 1
0.128631 0.600308 0
1.984248 1.465426 1
0.963724 0.980091 0
1.742049 0.666084 0
1.642544 1.275029 1
1.929118 1.838136 1
0.001054 0.121998 0
0.665368 0.917625 0
1.730559 1.204565 1
0.053919 0.052599 0
1.531228 1.950990 1
0.992538 1.235244 1
1.088152 0.772647 0
1.931474 0.239117 0
1.672999 1.655394 1
0.112357 0.385507 0
0.186837 1.695115 1
1.667466 1.532061 1
1.397248 0.370062 0
0.845963 1.048073 1
0.925321 0.143958 0
1.448862 0.258290 0
1.398155 1.087989 0
1.033828 0.124617 0
1.624700 1.029365 1
1.889765 1.871062 1
1.519641 0.930684 0
0.967507 1.168348 1
0.653964 1.623148 1
0.675181 0.729976 0
1.600812 1.932762 1
1.319776 1.543330 1
1.285864 -0.042745 0
1.974622 1.646207 1
0.964240 0.492847 0
0.659447 1.593445 1
1.662926 1.652864 1
0.619248 0.485323 0
0.981082 0.051832 0
1.777408 1.411840 1
1.296274 0.528088 0
0.425223 0.175635 0
1.986534 0.782917 0
1.381830 1.721768 1
0.993631 0.430916 0
1.563254 1.108443 1
0.145002 1.408745 1
0.930507 1.805712 1
1.371603 1.179179 1
0.724387 0.223913 0
0.579741 0.787194 0
0.278738 0.854921 0
0.965195 2.012312 1
0.124101 0.466436 0
1.461167 1.198609 1
1.645228 0.455122 0
0.448385 1.933135 1
0.899763 0.477599 0
1.536745 1.792506 1
1.717441 1.089884 1
1.608344 0.625927 0
1.515648 0.528556 0
0.544909 1.646393 1
0.308403 0.597171 0
1.194075 1.520544 1
1.618048 0.085940 0
1.106155 1.701662 1
0.146120 1.222585 1
0.620113 1.321300 1
0.585203 1.663556 1
1.911897 1.470671 1
1.811230 0.085485 0
1.473978 0.082712 0
1.028959 1.037063 1
1.077404 0.832470 0
0.656005 0.620188 0
1.513839 0.206821 0
1.280257 0.078559 0
1.666837 1.606014 1
1.102529 0.448716 0
1.500789 1.056778 1
0.199839 0.204223 0
0.451883 0.573843 0
1.631113 1.468780 1
0.200053 1.648181 1
0.654615 2.027421 1
0.302553 1.209105 1
1.454215 1.899521 1
1.019536 0.425241 0
1.878398 1.540827 1
0.735004 0.807314 0
1.347271 0.128718 0
1.643108 0.758073 0
0.887117 0.531461 0
1.758266 1.942305 1
1.338303 0.533956 0
1.999621 0.522331 0
1.133639 0.258100 0
0.752334 1.411800 1
0.946341 1.004691 0
0.805226 0.602869 0
0.559073 1.835327 1
0.725171 1.169979 1
0.503375 0.309378 0
0.313028 0.894163 0
1.138751 0.722393 0
0.309596 0.447519 0
1.392467 0.454807 0
0.461414 0.090810 0
1.177069 1.833867 1
0.195778 1.940371 1
0.692489 0.796530 0
1.892395 1.385503 1
0.825177 0.460512 0
0.167713 0.131329 0
1.908849 1.930521 1
1.336539 0.795462 0
0.311203 1.511098 1
1.145337 0.741636 0
1.698100 1.723757 1
1.557742 0.409488 0
0.003462 1.975739 1
1.671735 0.813139 0
0.225533 1.720489 1
1.852543 1.903482 1
1.902757 1.275842 1
1.102866 0.239454 0
1.109034 0.628155 0
0.193648 0.576333 0
0.164134 0.238847 0
0.585050 0.983393 0
1.376656 0.218622 0
1.463917 0.030837 0
0.475926 0.315277 0
1.803850 1.812608 1
1.380194 0.600458 0
1.556485 0.885056 0
0.617905 0.763083 0
0.513629 1.382701 1
1.228157 1.580279 1
0.210025 0.714072 0
1.123736 0.763848 0
1.751372 1.768866 1
1.555385 0.274752 0
1.299875 0.482124 0
1.280659 0.577968 0
0.069162 1.993288 1
1.957513 1.758432 1
1.898504 0.986537 0
1.562309 1.826020 1
1.664185 1.713012 1
0.324621 1.485134 1
1.457064 0.675169 0
0.784044 1.079389 1
1.577230 1.840525 1
1.251916 1.561478 1
1.500500 0.798379 0
1.964787 0.786097 0
0.884592 0.043872 0
0.764646 0.877409 0
1.310865 0.186967 0
0.420685 1.123847 1
0.608922 0.542013 0
0.675829 0.398482 0
0.011276 0.348808 0
1.344280 0.329898 0
1.464207 1.933410 1
0.412429 0.627664 0
0.635925 1.933816 1
0.623299 0.434063 0
1.188826 1.733335 1
0.720616 0.816588 0
1.698331 0.702210 0
0.710446 0.746320 0
0.284568 0.530799 0
0.121458 1.668313 1
0.427589 1.043223 0
0.053444 0.525142 0
1.173437 1.878574 1
1.672141 0.503862 0
1.584489 0.181296 0
1.432919 0.732228 0
0.815480 1.276807 1
1.328204 0.958690 0
1.931498 1.337977 1
1.284266 0.743732 0
0.353794 0.472317 0
1.160000 1.387791 1
1.196615 0.175681 0
0.203159 1.006707 1
1.089514 0.516321 0
1.757368 0.214353 0
0.705988 0.968415 1
1.040631 1.752455 1
1.634383 1.408487 1
1.524380 0.694478 0
0.687513 0.942344 1
0.723394 1.024535 1
0.084439 1.941731 1
1.883100 0.992326 0
0.032483 0.811853 0
0.254021 0.246397 0
1.159632 0.568951 0
0.517598 0.814798 0
0.423303 0.898482 0
1.949649 1.146566 1
0.328961 1.111914 1
0.607908 0.266751 0
1.153352 0.021995 0
1.447121 0.865050 0
1.820045 0.275054 0
0.778730 1.553362 1
0.782579 0.549763 0
0.149409 0.118306 0
0.009651 0.669581 0
1.539005 1.791145 1
1.240249 0.041509 0
0.898234 1.246601 1
1.876528 1.845234 1
1.863758 0.977293 1
1.722181 1.197241 1
1.644973 1.151859 1
1.891428 0.693812 0
1.985613 1.147708 1
0.780589 0.277892 0
1.232651 0.412433 0
1.269564 1.449766 1
1.915669 0.940746 0
1.902621 1.194748 1
0.595919 0.818268 0
0.104757 1.902799 1
0.516470 1.233849 1
0.691301 1.611910 1
0.422206 0.668441 0
0.702905 1.519296 1
0.061814 0.269239 0
0.449333 0.779919 0
1.406114 1.033296 1
1.571971 0.483618 0
0.461685 1.371127 1
1.047500 0.754899 0
1.575972 0.543722 0
1.672318 0.651442 0
1.407390 0.548299 0
0.577027 1.116378 1
0.359800 0.721420 0
1.107919 1.428036 1
1.317657 1.415215 1
0.113517 1.747147 1
1.925909 0.098863 0
0.041794 0.714625 0
0.463582 -0.059623 0
0.159692 1.448865 1
0.653087 1.717710 1
1.657781 1.057198 1
1.138556 0.693841 0
0.270789 0.364331 0
0.406269 1.559569 1
0.578156 1.089051 1
1.157862 0.584108 0
0.890241 0.915305 0
0.667396 1.193514 1
0.029950 1.969659 1
0.831019 0.469049 0
0.086476 0.382597 0
1.980427 1.188410 1
0.376450 1.399596 1
0.236144 0.342734 0
0.529580 2.042244 1
0.851762 1.178576 1
0.802938 1.278696 1
0.397917 0.358364 0
1.240533 0.833967 0
0.498399 1.742047 1
1.063306 0.811738 0
1.910799 0.958977 0
0.091966 0.689465 0
1.785867 1.410381 1
1.256631 1.896292 1
1.728513 0.198417 0
1.803198 0.529323 0
1.385079 0.552899 0
0.851729 1.746558 1
1.758848 0.562836 0
0.414039 0.730935 0
0.271815 1.326775 1
0.299972 0.388015 0
0.129419 1.445099 1
1.095136 1.012732 1
1.006410 1.822168 1
1.426597 0.157417 0
1.997175 1.117731 1
1.707305 0.339397 0
0.415492 -0.023317 0
0.425592 1.956482 1
0.437038 0.320156 0
0.290534 1.427564 1
1.206903 1.891774 1
0.321591 1.793937 1
1.368789 1.813039 1
1.460813 0.377459 0
0.734127 1.417146 1
1.962379 1.999742 1
0.352590 0.183832 0
0.558788 2.019580 1
1.562958 0.172520 0
1.648775 1.968104 1
1.434545 0.510006 0
1.796990 0.503042 0
0.441795 0.753341 0
0.180688 1.355104 1
0.537459 1.447871 1
0.164854 1.987190 1
1.590474 0.886879 0
0.326804 1.016537 0
1.471659 0.116573 0
1.215050 0.839954 0
0.357689 1.663432 1
0.700219 1.338378 1
1.139416 0.508651 0
0.467263 1.325202 1
1.678921 1.062064 0
1.132461 0.821485 0
1.977213 0.714149 0
0.713232 1.489607 1
1.037698 0.479299 0
1.919652 1.334037 1
0.866234 1.774192 1
1.900572 1.007640 0
0.450464 0.819804 0
1.482923 0.625649 0
0.709583 1.502031 1
1.383284 0.115445 0
0.316485 1.497574 1
1.444450 1.024101 0
0.058459 0.737548 0
0.868222 0.755044 0
0.842682 1.207525 1
1.759880 1.673119 1
0.565313 0.757620 0
0.329568 2.004072 1
1.933924 0.382575 0
1.541049 1.679144 1
1.044391 1.619549 1
1.578466 0.831022 0
0.926788 1.760534 1
0.592278 1.147952 1
0.898922 1.188811 1
1.462001 0.639503 0
1.451214 0.542401 0
0.893027 1.581873 1
1.578925 0.557465 0
1.555998 1.934676 1
1.271159 1.096033 1
1.687154 0.443617 0
0.728945 0.523040 0
0.568344 1.450990 1
0.030883 0.654001 0
1.203070 1.445971 1
1.575338 0.541244 0
1.987257 0.706090 0
0.261967 1.249504 1
0.385787 1.436847 1
1.079124 0.486502 0
0.608863 2.011084 1
1.545383 0.872458 0
1.965641 0.384504 0
1.819784 1.059471 1
0.511822 1.440064 1
1.311673 1.963119 1
1.047055 0.455417 0
1.331829 1.938510 1
0.634560 1.282957 1
0.290206 1.633718 1
1.061383 1.680896 1
1.250147 0.313675 0
1.022563 1.086812 1
1.071779 0.639892 0
1.926458 1.534136 1
0.258056 1.769406 1
0.749338 0.354471 0
1.293310 0.840727 0
1.498922 1.730568 1
0.647079 0.783961 0
0.833422 0.156697 0
1.666099 0.979819 1
0.273090 0.509464 0
0.679595 1.017654 0
0.888271 1.097646 1
1.956383 1.431060 1
1.029477 1.934134 1
1.110491 0.117907 0
0.790090 1.207557 1
0.095690 0.627054 0
1.838894 1.682438 1
0.870855 0.098269 0
1.622819 0.611101 0
1.568873 0.483421 0
1.916764 0.205206 0
1.859842 1.125428 1
0.478587 1.155092 1
0.147839 0.364731 0
0.616421 1.825448 1
0.688862 1.693154 1
0.475404 0.421560 0
0.094125 1.756195 1
0.523383 1.407122 1
1.857933 1.860043 1
0.001121 0.527794 0
0.426834 1.378201 1
0.059580 0.545021 0
1.471153 1.681409 1
1.362708 1.485252 1
0.178477 1.350030 1
1.064437 1.199232 1
1.985165 0.161831 0
0.850574 1.050741 1
1.076141 1.934594 1
1.133897 0.336040 0
1.828353 1.432055 1
1.588829 -0.057615 0
1.673692 -0.044306 0
0.214375 1.461344 1
1.813669 0.298885 0
1.724127 0.732118 0
0.259278 1.208420 1
0.104806 0.434952 0
1.532899 1.286288 1
0.380423 1.520529 1
1.957544 0.334301 0
0.007038 2.050505 1
0.979713 0.060249 0
1.713794 0.726572 0
0.729630 1.145800 1
1.854840 1.844274 1
1.290692 1.704920 1
0.570288 1.933297 1
0.995139 0.849720 0
1.645960 0.775127 0
1.105629 1.944340 1
0.618771 1.606257 1
0.163461 -0.006494 0
0.173221 1.317748 1
1.638417 1.426431 1
1.760280 1.107047 1
0.954391 1.926397 1
0.205365 1.921287 1
1.679123 1.964388 1
0.945993 1.207603 1
1.395833 1.353645 1
1.711750 0.945962 1
0.965929 0.322611 0
1.666732 1.706849 1
1.633849 -0.077654 0
1.636712 0.990849 1
0.466054 0.242110 0
0.546774 0.392228 0
1.960406 1.629068 1
0.894722 1.108070 1
1.564517 1.256049 1
0.492755 1.922535 1
1.225434 0.771337 0
0.621602 1.576294 1
0.548063 0.136843 0
1.115570 1.872725 1
1.470632 1.210647 1
1.729349 1.552997 1
0.842634 0.336096 0
1.290289 0.756123 0
1.853951 1.568728 1
0.729014 1.363997 1
0.062103 1.193015 1
1.503005 0.307696 0
0.177226 0.166946 0
1.731296 1.967047 1
1.177039 1.124022 1
1.222400 0.722025 0
1.539661 0.341907 0
1.595200 1.268219 1
1.732469 1.256174 1
0.407566 0.113004 0
0.205908 0.076775 0
0.115409 1.185612 1
1.106014 1.436183 1
1.775749 0.118258 0
0.576564 0.302551 0
0.237023 1.354255 1
0.164059 0.038112 0
0.186806 1.259213 1
0.741908 1.125942 1
0.207202 1.881403 1
1.166981 1.253758 1
0.650983 1.635779 1
0.696388 0.989815 0
0.466251 0.091664 0
1.858400 0.564040 0
0.234059 0.270288 0
0.985051 0.483940 0
0.013625 0.546095 0
0.886798 1.356996 1
0.475909 0.037290 0
1.557787 0.993748 1
1.353331 1.050204 1
1.977605 1.593391 1
1.755936 0.361814 0
1.656981 0.687006 0
1.655236 0.950907 0
1.814741 1.148902 1
1.853583 0.680343 0
0.927259 0.281420 0
1.843322 0.492255 0
0.859684 1.390250 1
0.344557 0.570588 0
1.287356 0.902693 0
1.777114 0.032673 0
1.535377 0.562224 0
0.169343 1.750220 1
0.319188 1.136159 1
0.889673 1.044471 0
0.444061 1.356319 1
0.875712 1.082692 1
1.827528 1.525756 1
1.490463 0.124180 0
1.595325 0.782226 0
1.850220 0.907490 0
0.510023 0.316052 0
0.571679 0.781954 0
0.778430 1.491215 1
1.090792 0.063434 0
1.960398 0.849294 0
0.060816 1.822197 1
1.496160 1.217040 1
0.145798 1.142591 1
0.196777 0.968017 0
1.683921 1.155575 1
0.418131 1.852199 1
1.519309 -0.032903 0
1.732339 0.212106 0
0.180815 0.127279 0
0.591400 1.705095 1
0.056836 1.124688 1
0.529199 0.281764 0
0.008467 0.712287 0
1.949029 1.517083 1
1.174337 1.129759 1
1.971486 1.224719 1
1.583187 1.656989 1
1.761918 0.384177 0
0.622949 0.965767 0
0.968240 0.587074 0
1.049262 2.001132 1
0.637570 0.159863 0
0.797562 1.358671 1
0.253400 1.468313 1
1.645548 1.761814 1
1.935313 1.385851 1
0.036384 0.195903 0
1.746677 1.348911 1
1.637746 0.917669 0
0.965163 0.423008 0
0.880863 1.567476 1
0.636197 1.210149 1
1.379695 0.506222 0
0.573238 1.555451 1
0.613925 1.857940 1
1.067487 1.764778 1
1.688709 0.876031 0
1.257626 1.829710 1
0.759760 1.702966 1
1.476296 1.358373 1
0.352768 1.483738 1
1.861363 1.466345 1
0.412713 0.616488 0
0.704918 1.008121 0
0.823620 0.921404 0
0.207566 1.503709 1
0.610214 1.019672 1
1.146729 1.244799 1
0.571318 0.563798 0
0.086712 0.989816 0
0.386829 0.766226 0
0.223273 0.519637 0
1.324082 0.677002 0
1.166279 -0.008815 0
1.440322 0.689596 0
0.869190 1.549093 1
1.855094 1.484060 1
1.676656 0.014014 0
1.329867 0.169976 0
1.779508 0.179274 0
0.559411 1.002320 0
1.298362 1.591118 1
0.101954 1.991461 1
0.804449 1.066192 1
1.447667 0.914977 0
1.206462 1.119234 1
1.022460 0.398396 0
1.493502 1.993578 1
1.917238 1.066125 1
0.556140 0.321589 0
0.483358 0.406716 0
1.384035 1.127229 1
1.884913 0.412836 0
1.159450 0.720158 0
0.972445 1.932905 1
0.625273 0.189067 0
1.344415 1.773557 1
1.021872 -0.054683 0
0.321020 1.427978 1
1.899592 1.545622 1
1.750555 0.672563 0
0.253227 0.294655 0
0.750625 0.578569 0
0.207612 1.656067 1
1.296878 0.967594 0
0.375996 1.321225 1
0.370916 0.996957 1
0.336279 1.594678 1
0.756549 0.957762 0
0.531577 0.722752 0
0.540271 -0.068827 0
1.574037 0.598415 0
0.422294 1.837309 1
1.934781 0.801436 0
1.203556 1.648950 1
