1.628798 0.903955 1
1.248830 1.153900 1
0.329802 2.024855 1
1.866551 0.605967 0
1.050564 0.884732 1
0.403558 0.084673 0
0.672321 0.688716 0
1.252239 -0.120506 0
0.389983 0.772186 0
0.772165 1.282960 1
1.957516 1.283155 1
1.067075 0.191318 0
1.200191 1.622018 1
0.232654 1.913505 1
1.540288 1.877812 1
0.660625 0.724763 0
0.092465 0.621397 0
1.307882 2.352818 1
1.593073 0.609193 0
0.226934 1.334690 1
1.128834 0.312708 0
0.483966 0.323005 0
0.919330 0.609481 0
1.008659 1.837282 1
1.336539 0.587619 0
1.310345 1.240169 0
1.863904 0.289588 0
0.400930 1.549016 1
1.511287 0.471007 0
0.821397 1.071041 0
0.663675 2.151822 1
1.064249 0.452769 0
1.355794 0.278310 0
1.378911 0.622611 0
1.909132 1.945220 1
0.978387 0.542277 0
1.561043 1.113416 1
1.385358 1.705963 1
0.752817 0.586251 0
1.324622 0.314304 0
1.837728 0.649250 0
0.768490 1.552184 1
1.819183 0.676981 0
0.367208 1.328406 1
0.673017 1.263152 1
1.849980 2.190479 1
1.470168 0.674652 0
0.379692 1.558909 1
1.286817 0.890974 0
0.227068 1.526004 1
0.019693 1.762188 1
0.422124 1.282241 1
1.673384 2.031932 1
1.732382 0.840196 1
1.319512 1.370221 1
0.026856 1.416756 1
1.851673 1.354192 1
0.249358 0.450357 0
1.906127 1.703710 1
1.051439 1.378136 1
0.875309 -0.074070 0
1.752739 1.864210 1
0.791295 0.262932 0
0.400360 0.194048 0
1.128517 1.408358 1
0.518661 0.652192 0
1.759930 0.536383 0
0.095130 1.178287 1
1.627434 0.323753 0
1.557039 1.690819 1
0.753340 0.435710 0
0.359043 1.278191 0
1.819369 0.948992 1
0.503927 1.538810 1
0.165466 0.381524 0
1.905519 0.604910 0
0.883551 1.170489 1
0.556944 1.294137 1
1.342461 1.747061 1
1.076529 1.042230 1
1.994171 1.522680 1
0.178897 0.255750 0
0.839495 1.460443 1
1.074402 0.683616 0
1.107433 1.310332 1
1.006187 1.354933 1
0.779699 2.032727 1
0.858643 1.124189 1
0.972202 1.814521 1
1.505252 0.374646 0
1.852199 1.991653 1
1.863786 0.184384 0
0.524162 0.251057 0
1.271686 1.054388 1
1.186057 0.572704 0
1.370543 0.180879 0
1.846825 0.867000 0
1.545488 1.912637 1
0.227874 1.616899 1
1.764099 1.587496 1
0.849714 1.601609 1
1.381871 1.178626 1
1.837383 0.812869 1
0.212538 1.872568 1
1.688775 0.229590 0
1.125055 1.209097 0
1.392724 0.900246 0
0.693367 1.137669 1
1.645145 1.123603 1
0.873689 1.719982 1
1.864609 0.907556 0
1.199130 1.002331 1
1.538839 1.024544 1
1.121584 0.444318 0
1.533203 0.882914 1
1.029245 0.213050 0
1.893041 1.962405 1
0.823819 1.696808 1
0.400430 0.404742 0
1.606186 0.120147 0
1.966010 1.137785 1
1.009559 0.855048 0
1.230787 1.633770 1
0.854727 1.889635 1
1.932166 1.192941 1
0.879293 0.532160 0
0.503965 0.901528 0
0.230974 0.895615 1
0.989973 0.444826 0
0.635102 0.773652 0
1.419447 1.759120 1
1.602108 0.977300 0
0.085503 1.535501 1
0.126525 1.436030 1
0.480498 0.176430 0
1.221757 0.016045 0
0.158099 0.207775 0
1.878486 1.558161 1
0.467942 0.002864 0
0.192165 0.747224 0
1.522997 1.705569 1
1.314045 1.311448 1
0.901179 0.044112 0
0.282751 0.616649 0
1.537197 0.645671 0
0.259583 1.151160 0
1.645450 1.960652 1
1.200724 0.894734 1
0.815809 0.404168 0
1.205591 0.278150 0
0.073623 0.354294 0
0.950894 1.601611 1
0.693138 1.111042 1
1.006417 1.657644 1
1.690649 1.841062 1
1.787789 0.209450 0
0.283834 -0.036154 0
1.905375 2.037356 1
0.215237 1.749257 1
1.755553 0.191203 0
0.111932 1.337357 1
1.844572 1.763061 1
1.791433 1.328182 1
1.582981 1.829080 1
0.785801 0.551168 0
1.871657 0.162635 0
0.249086 1.648153 1
0.875727 0.194677 0
1.938466 1.517902 1
0.249587 0.595687 0
0.920932 1.611659 1
0.533372 1.963437 1
1.939830 1.318600 1
0.471050 1.913748 1
0.781800 0.895296 1
1.162251 0.365474 0
1.959519 0.083312 0
0.411637 0.867152 1
0.764955 0.420345 0
0.537802 1.349768 1
0.507936 1.293675 1
1.299628 0.967682 1
1.527986 1.675198 1
0.347452 0.660264 0
1.520933 0.989581 0
1.786947 -0.050484 0
0.887348 1.101293 0
1.046914 1.740880 1
1.147595 1.088005 0
0.990106 0.829429 0
0.340782 1.643600 1
1.100930 1.216059 1
0.773405 0.675262 0
0.185686 0.757346 0
1.852041 1.601813 1
0.672695 1.266474 1
1.754126 -0.120843 0
0.522643 -0.041196 0
0.244715 1.136629 1
1.166181 0.265694 0
1.821809 0.537615 0
0.860517 1.343285 1
1.826841 0.762100 1
0.324258 1.271809 0
1.085976 1.195213 1
1.763046 0.662922 0
1.733841 1.380152 1
0.498536 0.829832 0
0.794380 0.629697 0
0.390060 0.890498 0
0.843324 1.444032 1
0.328276 2.007845 1
0.880867 1.664181 1
0.759070 1.643344 1
0.983677 0.226960 0
1.592962 0.434862 0
0.427804 1.173100 0
0.237951 0.971934 0
0.854731 1.886050 1
0.793685 0.882698 1
1.960022 0.991988 0
0.811581 1.370536 1
1.714897 0.329071 0
0.904385 0.488163 0
1.910531 1.010353 0
1.863497 1.546093 1
0.162594 0.393907 0
1.431587 1.896385 1
0.027270 2.020415 1
1.538133 1.983037 1
1.626806 0.452926 0
0.898706 0.670531 0
1.942336 0.495455 0
1.336252 0.383659 0
0.074155 0.111291 0
1.520405 1.134114 0
0.012139 1.817226 1
1.662002 1.443107 1
0.716926 -0.023606 0
0.981019 1.720125 1
0.375450 1.365078 1
1.645799 0.245599 0
0.306248 0.215994 0
1.903395 -0.024319 0
0.390785 0.810729 0
1.056845 0.769433 0
1.807214 1.232287 1
0.310413 1.587973 1
0.706051 0.817624 1
1.299619 0.468915 0
0.098978 0.672869 0
0.765733 1.617838 1
1.359225 1.549526 1
1.358267 1.467548 1
1.284074 1.801365 1
1.455262 1.836212 1
1.244072 0.106997 0
0.013499 0.615734 0
1.642089 1.514195 1
0.496962 0.094629 0
0.998888 1.361044 1
0.663485 -0.016934 0
1.664073 2.059295 1
1.739041 1.930940 1
1.239130 -0.142408 0
0.415567 1.515358 1
1.678539 1.389899 1
0.892971 1.449977 1
1.300852 0.285509 0
1.929833 0.676889 0
1.588564 0.557607 0
1.883314 0.269414 0
1.073652 2.183021 1
0.911277 1.570175 1
1.746481 0.623693 0
0.213569 1.249376 1
0.123487 1.087487 1
1.534357 1.534244 1
1.620925 1.117050 0
1.120775 1.766071 1
0.885297 1.877667 1
1.464296 1.007210 1
0.525046 2.100273 1
0.736318 0.293192 0
1.092284 1.973851 1
1.716751 0.949309 1
0.742765 1.047318 1
1.751058 1.716702 1
1.585076 -0.133617 0
1.694650 0.526702 0
1.681135 0.769834 0
0.070923 1.107476 1
0.626865 1.233361 1
1.239201 -0.101519 0
1.122946 0.494309 0
1.103292 1.889030 1
0.928590 1.200857 1
1.104043 1.890367 1
1.103793 0.521928 0
0.013308 0.620366 0
1.364905 1.188738 1
0.467903 1.561061 1
0.704586 0.147644 0
1.558978 0.326118 0
0.789640 1.550104 1
1.457797 1.189815 1
1.988816 1.115582 0
1.914318 0.168874 0
1.145794 0.420087 0
0.026817 1.701298 1
1.131799 0.333916 0
0.768185 0.290782 0
1.154837 1.400087 1
1.275712 1.080619 0
1.296412 1.167755 0
0.109043 0.824011 1
1.481853 2.041661 1
0.484607 1.080957 0
1.120805 1.330243 1
1.442790 1.377152 1
1.472224 0.117118 0
1.210028 1.060542 1
1.092822 1.407451 1
1.383080 1.452678 1
1.151170 0.639205 0
1.660672 0.205996 0
1.885162 0.185361 0
1.735412 0.997245 1
0.325720 1.612980 1
0.513226 2.055651 1
0.959126 1.226548 0
0.523945 -0.060205 0
1.910291 1.695826 1
0.378836 1.297879 1
0.007103 0.767511 0
0.883313 0.329893 0
0.090179 1.961949 1
1.406916 1.765450 1
0.447144 0.117838 0
1.080666 0.670735 0
1.416882 1.279113 1
1.452894 1.213856 1
1.630236 2.191576 1
0.047796 0.199859 0
0.938901 0.686827 0
1.110328 1.096156 1
0.916061 1.797063 1
0.003325 0.408590 0
0.381951 1.602843 1
0.142415 0.278769 0
1.249782 -0.162574 0
1.201493 0.614599 0
1.373903 0.665901 0
0.180978 0.094499 0
1.910998 0.486761 0
1.238340 1.577173 1
0.696035 2.230916 1
1.664269 0.680765 0
1.112731 0.395753 0
1.490536 0.515229 0
0.277596 1.583200 1
0.247010 0.506026 0
0.157481 0.687713 0
0.895037 1.209524 1
1.217461 0.298924 0
0.652726 0.384308 0
0.997868 1.454742 1
0.847079 1.517824 1
1.273760 1.216188 1
1.403276 -0.308420 0
1.865661 0.959467 0
0.541543 1.210883 1
1.627906 0.186018 0
1.572062 1.148177 1
0.164731 1.753497 1
1.557314 0.776263 0
0.539731 1.390573 1
0.397110 1.049283 0
1.174182 0.420407 0
0.205500 1.469898 1
0.490135 1.779525 1
1.434262 0.370223 0
0.100619 1.022959 0
0.291131 1.201391 1
1.490166 0.002156 0
0.097711 2.130587 1
1.552012 1.272942 1
0.524784 0.673328 0
1.362388 0.426768 0
0.233912 1.879463 1
1.553152 0.273624 0
0.756913 1.567265 1
0.232373 1.718262 1
0.833430 0.343218 0
1.413263 0.808419 1
0.364732 0.205896 0
0.883648 0.062293 0
0.834105 1.324967 0
0.472221 0.041674 0
0.191969 1.024924 1
0.455428 1.923887 1
0.956221 0.879526 0
1.531299 1.339827 1
1.218644 1.669253 1
0.111322 0.958192 0
0.163549 2.046827 1
1.881379 1.525195 1
0.712814 -0.264834 0
0.533227 1.451181 1
0.401826 0.649807 0
1.222713 1.677833 1
0.230394 1.872378 1
0.057332 0.489500 0
0.419057 -0.180080 0
0.344552 1.368560 1
0.734108 0.364965 0
1.865588 -0.047321 0
1.419825 0.938931 0
1.940640 1.536293 1
0.428833 0.596822 0
0.126586 1.028674 1
0.716079 1.597070 1
1.497738 1.600549 1
1.940330 1.331360 1
0.156383 0.414823 0
0.016139 0.810170 0
1.712008 0.738011 0
1.541104 2.115179 1
1.556565 0.275756 0
0.028485 1.193259 1
1.079884 0.443876 0
1.013121 2.020952 1
0.333323 0.484633 0
0.103397 1.785498 1
0.280195 1.127157 1
1.043991 0.453908 0
0.951436 0.744967 0
1.118755 1.723143 1
1.744758 0.730742 0
1.762255 1.707099 1
1.049562 0.089739 0
1.669279 1.764907 1
0.710868 1.257514 1
1.186321 1.418610 1
1.155398 1.488595 1
0.477306 1.224929 1
1.239637 0.090304 0
0.906484 -0.042906 0
1.592241 1.094868 1
0.511718 1.064238 0
0.091027 0.483206 0
0.949804 0.459745 0
0.712941 -0.056173 0
0.232614 1.685619 1
0.533732 0.268383 0
0.070831 0.890818 1
1.633743 0.182156 0
1.882771 0.348363 0
0.207774 1.661817 1
0.767128 1.437645 1
1.201878 2.087974 1
0.867356 1.254816 1
0.025406 1.756748 1
0.454595 0.300561 0
0.441549 1.420788 1
0.167556 0.923851 0
0.778303 0.187932 0
1.078976 0.844528 0
0.319989 0.729123 0
0.314721 2.022151 1
0.773220 0.460831 0
1.439762 0.380553 0
0.561428 0.364652 0
1.314413 1.575279 1
0.381937 1.057999 0
0.236527 0.650112 0
1.122284 2.045978 1
1.289708 1.067252 1
1.937586 0.332476 0
1.747961 1.148437 0
0.574267 0.480464 0
1.741736 0.277375 0
0.827532 0.641714 0
1.896069 0.081686 0
1.742620 1.621782 1
0.761660 1.975561 1
0.128865 0.745323 0
0.459064 1.549854 1
0.259875 0.207100 0
1.606150 0.210190 0
0.474814 1.977389 1
0.767267 0.714698 0
0.875988 1.255247 1
0.577752 0.626713 0
0.258552 1.903775 1
0.991498 0.445385 0
0.569022 1.940691 1
1.103813 0.754977 0
0.787879 1.634244 1
0.424714 1.902744 1
0.474264 1.422978 1
0.537285 0.085358 0
0.543981 0.614383 0
1.632726 0.361153 0
1.602376 0.127231 0
0.020961 1.236706 0
0.807408 0.227594 0
0.898029 0.070077 0
1.910685 0.556738 0
0.369059 1.826282 1
0.815250 0.587967 0
0.993311 1.018193 0
0.050668 0.729030 0
1.080719 1.173184 1
1.791305 1.757359 1
1.638247 0.701134 0
0.558695 0.602100 0
0.313567 1.628640 1
0.987090 0.194346 0
0.736360 0.333140 0
0.722194 0.353101 0
0.639839 2.152294 1
0.513021 1.596663 1
1.331523 1.089756 0
0.127450 1.712664 1
0.230086 1.876389 1
0.887840 1.233125 1
0.894361 0.903757 0
1.348664 1.186354 1
0.140980 1.833216 1
1.816934 1.341917 1
0.941216 0.872769 0
1.400963 0.601046 0
0.321527 -0.198357 0
0.199275 1.006940 0
0.754267 0.146721 0
0.984378 1.289286 1
0.043242 0.538954 0
0.110512 0.642607 0
1.439570 0.124591 0
0.779275 0.171511 0
0.030886 1.977054 1
1.847441 0.722062 0
1.189453 2.155995 1
0.057857 0.233109 0
1.755839 1.555955 1
0.156970 1.051287 0
1.132504 0.798152 0
0.147231 0.719131 0
1.720474 0.525412 0
0.693309 1.831827 1
1.861903 1.212032 0
1.489480 0.449859 0
1.739004 2.012405 1
1.108376 0.357937 0
1.016744 0.374787 0
0.870507 0.547795 0
1.378990 1.422274 1
0.760301 1.092763 0
0.494352 1.495721 1
0.718835 0.980911 0
1.786287 0.658108 0
1.722333 1.150844 1
0.628183 0.201544 0
0.769641 0.867729 1
0.524070 0.287863 0
1.191685 0.084775 0
1.270202 0.850195 1
1.604353 1.556793 1
0.205417 1.398740 1
0.957841 0.706259 0
1.254575 0.722079 1
1.286397 0.821046 1
0.650594 2.063491 1
1.319302 1.209111 0
1.462473 1.003516 0
1.685113 0.249927 0
0.591301 0.594813 0
1.951632 0.999897 0
1.857831 0.827786 0
0.518704 1.086491 1
0.894871 1.109290 1
0.042591 0.017708 0
0.588946 -0.116713 0
0.884931 0.978496 0
1.253531 0.296358 0
1.344118 1.407622 1
0.218341 0.362144 0
1.591808 0.354603 0
1.448925 0.419579 0
0.103322 1.837857 1
0.677026 0.061118 0
1.461459 1.104584 1
0.444633 1.637318 1
0.426897 0.895717 1
0.287670 1.068239 1
0.211488 1.353297 1
1.325447 0.785125 0
0.549315 1.105270 1
0.215863 0.370054 0
0.673497 0.214959 0
1.839467 1.622817 1
1.345363 1.026991 0
0.472205 0.988480 1
0.028606 1.013452 0
0.668492 1.852289 1
1.082094 1.168281 1
1.254425 1.387660 1
1.854871 0.535044 0
1.271363 1.404060 1
1.497578 0.074519 0
1.882550 0.662758 0
1.966676 0.901615 1
1.005441 0.565536 0
1.025815 1.445855 1
0.487293 0.986449 0
1.008472 0.370631 0
1.108387 0.890726 0
0.841765 0.612842 0
1.142679 0.994493 1
1.801535 0.831220 0
1.671559 1.490343 1
1.878947 1.362119 1
0.682189 1.793917 1
1.365530 0.198568 0
1.475669 0.751105 0
1.899102 -0.298865 0
0.731212 1.334658 1
1.218319 1.827643 1
0.221026 1.006574 1
0.574065 0.493665 0
1.702595 0.460980 0
0.970470 1.757335 1
1.144773 0.970361 1
0.590706 0.704001 0
0.328417 0.773519 0
1.233396 1.113773 1
0.591229 1.906644 1
0.264042 0.536216 0
1.523256 0.603280 0
0.543852 0.956979 1
0.940045 1.194186 1
1.669356 0.206738 0
1.097594 2.166814 1
1.416998 1.379654 1
1.369869 1.391895 1
1.839532 0.490699 0
0.676212 0.891273 0
1.062923 1.941638 1
0.501533 0.866174 0
1.341796 1.097454 0
1.522969 0.731661 0
0.352234 1.198845 1
1.823181 1.658726 1
1.167671 0.155052 0
1.239690 0.505871 0
0.821085 0.625594 0
1.419392 1.716538 1
1.193159 0.799654 0
1.849441 0.845117 0
0.837999 1.529876 1
1.733587 0.186923 0
0.707401 1.477838 1
1.657709 0.991284 1
1.565545 1.924063 1
0.863017 0.035425 0
0.559988 0.891578 1
1.140833 0.594167 0
1.867755 -0.277473 0
0.995514 2.052007 1
1.876941 0.411005 0
0.855224 1.671976 1
1.766195 2.072231 1
0.881923 1.832032 1
1.926752 1.851978 1
0.893702 0.440661 0
1.301469 1.599782 1
0.528151 2.074007 1
1.788519 0.344186 0
1.119149 2.188182 1
0.999084 0.022354 0
0.213343 2.132396 1
0.869725 0.699321 0
1.233808 0.723975 0
1.875807 0.689306 0
0.745148 1.582420 1
1.102707 1.387462 1
0.725044 2.047316 1
1.026187 0.949870 0
1.763445 1.105646 0
0.905039 -0.103689 0
0.654563 0.678050 0
0.919844 1.542423 1
1.268411 1.552902 1
0.572628 0.511694 0
1.033890 1.126375 1
1.114900 1.298948 0
0.564115 0.606033 0
1.418053 0.864150 0
1.278920 1.523045 1
0.470036 0.728661 0
0.487010 1.450049 1
1.437068 1.983346 1
1.332172 1.121502 0
1.885455 0.943315 0
0.916060 0.383923 0
1.276860 1.469024 1
0.818442 0.000262 0
0.881575 1.408425 1
0.879890 1.156397 0
1.487656 0.833213 0
0.295001 0.634401 0
1.408135 1.264584 1
0.321755 1.844063 1
0.001408 0.547070 0
0.900441 2.087650 1
1.372010 0.414050 0
0.099198 1.569115 1
1.609438 1.577568 1
1.014217 0.911772 0
1.494009 1.648194 1
1.155165 1.380924 1
1.463027 0.957034 1
0.896782 0.788333 0
0.886488 0.467253 0
1.448395 1.444041 1
1.011239 0.791673 0
0.119018 2.099357 1
1.831067 0.956315 1
1.122334 0.588185 0
0.166739 0.293251 0
1.126324 1.477232 1
1.467207 0.455026 0
1.768252 1.206855 1
1.009755 0.361431 0
1.426137 0.833081 0
0.827495 1.465189 1
0.948994 1.479263 1
0.516224 0.239723 0
1.173405 2.051164 1
0.982509 0.684957 0
1.394420 0.406493 0
0.388711 1.151269 1
1.080385 1.495800 1
1.879686 2.080113 1
0.477344 0.453014 0
1.893673 1.916953 1
1.199073 1.425810 1
0.854970 1.525498 1
1.623852 1.599098 1
0.691267 0.552793 0
1.587238 0.888966 1
0.511759 0.588857 0
0.488317 1.691068 1
0.824940 1.799919 1
0.181668 0.218059 0
0.725369 0.749057 0
0.069338 1.879469 1
0.081804 0.754310 0
0.274531 0.300753 0
0.229960 0.838306 1
1.710279 0.343604 0
0.116455 1.191593 0
1.451667 0.921621 1
0.517001 1.590757 1
1.597111 1.942526 1
0.537466 0.158836 0
1.358328 1.262690 1
1.528001 0.773444 0
0.399634 1.484956 1
0.305121 0.051861 0
1.057069 0.355766 0
1.002986 0.629117 0
1.352576 0.406569 0
0.423012 1.094587 1
1.047432 1.198565 1
1.585430 0.301248 0
1.172533 1.860324 1
1.249027 1.917030 1
1.910659 0.486199 0
0.667923 1.921417 1
1.089942 1.470032 1
0.426441 2.105598 1
1.440723 0.580602 0
0.991747 1.611137 1
1.494138 0.550078 0
0.042122 1.510162 1
1.922152 1.586022 1
0.744534 1.606218 1
1.627470 1.207756 1
1.418958 0.330448 0
1.417904 0.928446 1
1.645090 2.099007 1
0.563564 0.513138 0
0.393000 1.210964 1
1.033498 -0.271637 0
1.099803 -0.177233 0
0.780363 1.385252 1
1.248661 0.464410 0
1.151692 0.951644 0
0.824035 1.401014 1
1.543442 0.342297 0
0.098707 1.360079 1
0.944387 1.517513 1
1.388080 0.295227 0
0.577655 2.234094 1
0.419663 -0.152543 0
1.147117 0.948310 0
1.293816 1.141424 1
0.423638 1.859206 1
1.857186 1.668997 1
1.130094 1.790884 1
0.430656 0.655157 0
1.080468 1.002780 0
1.666414 2.088652 1
1.187391 1.735529 1
1.597665 -0.215301 0
0.737948 1.130754 1
0.204591 1.339210 1
0.323929 1.316479 1
1.525373 2.108952 1
0.764851 2.020030 1
0.248541 1.919494 1
1.512438 1.203072 1
1.957386 1.120990 1
0.273420 0.803657 1
0.401075 0.340068 0
0.232225 1.730545 1
1.064162 -0.257184 0
0.203323 0.736763 1
1.899816 0.459003 0
1.978058 0.329055 0
0.521080 1.817506 1
1.456806 1.181192 1
0.127201 1.329410 1
1.060563 1.957473 1
0.663773 0.956638 0
1.188108 1.804965 1
1.976861 -0.052583 0
1.682076 1.843826 1
0.036386 1.058138 1
0.294936 1.627642 1
0.270352 0.404344 0
0.726554 0.542301 0
0.419606 1.701880 1
1.299809 1.316145 1
0.627055 0.978129 1
0.940371 0.171256 0
1.611949 0.408699 0
0.292810 1.972425 1
1.745459 1.080404 1
0.653612 0.545685 0
0.974525 0.112399 0
0.158441 1.447641 1
0.292886 1.472609 1
1.848516 0.263112 0
1.631490 -0.127557 0
0.684959 1.153923 1
1.672065 1.677695 1
1.214910 0.041496 0
0.007535 0.509111 0
0.802816 1.194300 1
1.600303 -0.080104 0
0.751599 1.325127 1
1.303636 1.199019 1
0.771416 1.795396 1
1.729406 1.097213 1
1.216735 1.504598 1
0.130374 1.022445 0
1.896642 0.212171 0
1.289094 0.522200 0
1.669082 0.488917 0
0.418722 0.609486 0
1.449542 0.292474 0
1.445304 1.235154 1
1.903118 -0.105475 0
0.123957 0.754419 1
1.920708 0.988165 1
0.534629 1.351627 1
1.186892 0.485197 0
1.093376 0.509693 0
1.089682 0.854747 0
0.381840 1.245105 1
1.290029 0.526267 0
0.370900 0.211509 0
1.279305 0.660242 0
1.420927 1.349369 1
1.773020 0.561370 0
0.720981 0.809260 0
1.218731 0.010079 0
0.972464 0.315542 0
0.735280 1.885556 1
0.888211 1.228438 1
0.326750 1.262085 0
1.009431 1.482768 1
1.441120 1.027389 1
0.392185 1.367217 1
0.920884 0.062116 0
1.028674 0.562812 0
1.290796 0.694579 0
1.943471 0.395827 0
0.008418 0.638294 0
1.340780 1.405864 1
0.523959 -0.073962 0
1.395736 0.882956 0
0.631536 1.785339 1
0.066370 1.425821 1
0.709876 0.991070 1
1.624834 1.121987 0
0.249148 1.169280 1
0.984879 1.666923 1
0.963739 -0.284497 0
1.171135 0.048785 0
1.613756 0.337457 0
1.158793 1.630771 1
0.621299 1.079977 1
1.962145 0.152408 0
1.443866 0.818328 0
0.510348 1.500780 1
1.740258 1.348806 1
0.536930 1.074295 1
0.153295 1.915754 1
1.197110 0.224574 0
0.058797 1.047391 0
0.407407 0.415818 0
1.620469 2.006341 1
0.072963 0.192384 0
1.360280 1.312276 1
0.818262 1.562871 1
0.214096 1.824264 1
0.498563 1.575417 1
1.471770 0.027887 0
0.313542 1.565323 1
1.073595 0.990237 0
0.404967 0.450088 0
1.442134 1.428880 1
1.204700 1.086230 1
0.815459 0.528596 0
1.138558 1.318579 1
1.175272 1.675893 1
1.632190 1.851501 1
1.120096 1.017699 0
1.824149 1.756209 1
1.327834 1.840479 1
0.037088 1.498938 1
0.916987 1.482598 1
0.424108 1.470523 1
1.846584 0.677589 0
0.136043 1.162623 0
0.256255 1.115393 0
0.775403 1.734938 1
1.176458 1.033401 1
1.716693 1.209113 1
0.013247 0.601996 0
1.522240 1.215008 0
1.827741 0.698845 0
1.664300 0.663805 0
0.760093 0.696361 0
0.596278 -0.073056 0
0.877788 0.666793 0
1.435006 1.520168 1
0.418467 1.546503 1
1.108861 -0.174692 0
0.767055 -0.020105 0
1.211973 0.317865 0
1.996174 1.020577 0
1.860909 1.432241 1
0.663387 2.164199 1
1.369913 1.081108 1
0.883583 1.032831 0
1.771986 0.888486 1
0.454943 0.488569 0
0.064731 2.155109 1
0.478620 0.992436 1
1.987157 0.093659 0
1.915755 0.591609 0
1.948895 1.323505 1
1.320797 0.185061 0
0.589534 0.518788 0
1.540357 1.771011 1
0.067369 0.344813 0
1.904096 2.030582 1
0.458095 -0.177244 0
0.885553 1.524793 1
0.464409 1.691521 1
1.180624 0.674628 0
1.684109 0.343834 0
0.190254 0.737661 0
0.772642 1.690148 1
0.734994 1.148611 0
0.939268 1.165666 1
0.936338 0.921065 1
0.900501 1.821122 1
0.190073 1.081149 0
1.966573 0.658906 0
1.949590 -0.253458 0
1.008843 0.504365 0
0.986274 1.939764 1
1.379837 0.961024 0
1.766489 1.896888 1
