1.908280 0.886809 1
1.529030 1.152308 1
0.609165 2.042454 1
1.586931 0.625660 0
1.330468 0.873849 1
0.124449 0.077530 0
0.392892 0.716367 0
0.970518 -0.148577 0
0.110349 0.773676 0
1.052088 1.289312 1
0.236409 1.279703 1
0.785713 0.197372 0
1.480810 1.623718 1
0.512524 1.925424 1
1.820423 1.880006 1
0.381412 0.709060 0
1.812021 0.636835 0
1.587002 2.380427 1
1.312868 0.595598 0
0.506799 1.307999 1
0.850025 0.322423 0
0.204303 0.346341 0
0.638981 0.614492 0
1.287914 1.849736 1
1.056146 0.601404 0
1.030691 1.264790 0
1.584614 0.294918 0
0.681045 1.554987 1
1.230677 0.451653 0
0.541675 1.088272 0
0.943306 2.164719 1
0.784710 0.461716 0
1.076131 0.290365 0
1.098865 0.647983 0
0.188088 1.955611 1
0.698641 0.518342 0
1.840820 1.093792 1
1.665807 1.711652 1
0.472965 0.604038 0
1.045153 0.314512 0
1.558231 0.636960 0
1.048649 1.566807 1
1.539972 0.655624 0
0.647558 1.302047 1
0.954304 1.257540 1
0.131543 2.211267 1
1.190506 0.673551 0
0.659847 1.548269 1
1.007713 0.917531 0
0.507533 1.529702 1
0.299648 1.780970 1
0.701465 1.303662 1
1.951681 2.035178 1
0.012646 0.823146 1
1.600045 1.379374 1
0.306889 1.396560 1
0.131833 1.344275 1
1.969117 0.440785 0
0.185327 1.721774 1
1.332196 1.391929 1
0.595754 -0.101848 0
0.032749 1.883696 1
0.511067 0.264859 0
0.120353 0.191430 0
1.407819 1.411225 1
0.238997 0.634820 0
1.479692 0.533287 0
0.374841 1.179808 1
1.347322 0.323985 0
1.837001 1.713953 1
0.474032 0.417221 0
0.078662 1.306190 0
0.098805 0.925495 1
0.783509 1.513972 1
1.886296 0.365828 0
1.625178 0.588395 0
1.163499 1.167683 1
0.835960 1.301989 1
1.623230 1.754102 1
1.357313 1.035416 1
0.273822 1.526494 1
1.898656 0.237823 0
1.119574 1.465486 1
0.794653 0.660055 0
1.386957 1.317169 1
1.285586 1.335560 1
1.058397 2.055735 1
1.138840 1.098800 1
1.252897 1.803625 1
1.224786 0.356491 0
0.133439 2.011031 1
1.584579 0.174843 0
0.243421 0.258498 0
1.551818 1.051838 1
0.905903 0.570643 0
1.090116 0.171654 0
1.566945 0.885448 0
1.825316 1.925737 1
0.507908 1.596219 1
0.044370 1.589232 1
1.129712 1.577664 1
1.662014 1.168878 1
0.116920 0.797491 1
0.493021 1.874644 1
1.407858 0.229965 0
0.844693 1.226003 0
1.113408 0.910781 0
0.973074 1.132093 1
1.925393 1.100986 1
1.153436 1.719547 1
1.584828 0.900781 0
1.478768 0.994382 1
1.818527 1.006260 1
0.841844 0.458741 0
1.813261 0.856708 1
0.748931 0.220721 0
0.173251 1.983473 1
1.103722 1.716168 1
0.120888 0.416560 0
1.326556 0.096189 0
0.245794 1.129617 1
0.729607 0.864403 0
1.510008 1.635433 1
1.135281 1.911991 1
0.213938 1.187766 1
0.599589 0.552119 0
0.223890 0.904742 0
0.510551 0.879980 1
0.709654 0.462112 0
0.354843 0.789156 0
1.698972 1.773215 1
1.322187 0.997044 0
0.365000 1.521112 1
0.406309 1.462988 1
0.200864 0.177248 0
0.941311 0.003122 0
1.878843 0.188195 0
0.158149 1.534680 1
0.188884 -0.005597 0
1.910688 0.742981 0
1.803048 1.707858 1
1.594208 1.305699 1
0.622350 0.047620 0
0.003299 0.603046 0
1.256635 0.655998 0
1.979423 1.172574 0
1.925335 1.967096 1
1.480541 0.875046 1
0.535807 0.376288 0
0.925562 0.286922 0
1.792771 0.371168 0
1.230344 1.618215 1
0.973474 1.091060 1
1.285713 1.673300 1
1.970517 1.849173 1
1.508409 0.212897 0
0.006446 -0.046621 0
0.183094 2.042272 1
0.495393 1.741766 1
1.474908 0.172470 0
0.392171 1.360538 1
0.124214 1.759499 1
0.071959 1.310376 1
1.863332 1.850749 1
0.505284 0.523149 0
1.591906 0.158127 0
0.528508 1.622004 1
0.595768 0.180349 0
0.218458 1.539510 1
1.970163 0.611268 0
1.200928 1.634474 1
0.812528 1.972996 1
0.221027 1.321619 1
0.750320 1.916059 1
1.061246 0.881441 1
0.881868 0.339735 0
1.679540 0.059957 0
0.692247 0.843007 1
0.484603 0.428873 0
0.817467 1.360575 1
0.787619 1.288001 1
1.579320 0.951224 1
1.807543 1.669247 1
0.067788 0.682667 0
1.241015 0.998004 0
1.506786 -0.062546 0
0.606888 1.123259 0
1.326221 1.762739 1
0.866471 1.110492 0
0.710573 0.833720 0
0.621018 1.656815 1
1.380562 1.195588 1
0.493964 0.685193 0
1.904735 0.758987 0
0.132488 1.585469 1
0.953673 1.262938 1
1.475813 -0.142972 0
0.243002 -0.048569 0
0.524907 1.116601 1
0.887343 0.275920 0
1.542226 0.548551 0
1.140265 1.345913 1
0.107007 0.736764 1
0.044990 1.298349 0
1.365823 1.205574 1
1.484043 0.656622 0
0.013914 1.361561 1
0.219219 0.846337 0
0.514489 0.628390 0
0.110324 0.891283 0
1.123440 1.438413 1
0.607806 2.033290 1
1.161149 1.638532 1
1.039916 1.636587 1
0.703937 0.200498 0
1.312687 0.408016 0
0.147366 1.193243 0
1.956977 0.985308 0
1.135101 1.906437 1
1.073097 0.858716 1
1.680355 0.997288 0
1.091919 1.388663 1
1.434466 0.301312 0
0.624227 0.473044 0
1.630464 1.030728 0
0.143742 1.553690 1
1.883387 0.395832 0
1.711691 1.921969 1
0.307902 2.036616 1
1.818574 2.004696 1
1.346825 0.458950 0
0.618501 0.683507 0
1.661534 0.507242 0
1.056993 0.400724 0
1.793070 0.101248 0
1.240896 1.148889 0
0.292605 1.844805 1
1.942577 1.455525 1
0.436527 -0.036838 0
1.260574 1.723476 1
0.655811 1.350027 1
1.365689 0.228608 0
0.025417 0.189154 0
1.622492 -0.049866 0
0.110915 0.819671 0
0.777044 0.764905 0
0.086178 1.242990 1
0.591078 1.609163 1
0.986860 0.792773 1
1.019290 0.465464 0
1.819336 0.649696 0
1.046231 1.632938 1
1.638955 1.537615 1
1.638191 1.481020 1
1.563776 1.822328 1
1.736012 1.837015 1
0.962766 0.098026 0
1.733053 0.597500 0
1.923799 1.529465 1
0.216863 0.088213 0
1.279290 1.341364 1
0.385032 -0.025765 0
1.943729 2.066915 1
0.019090 1.938761 1
0.960329 -0.156050 0
0.695789 1.531583 1
1.958899 1.369756 1
1.172126 1.476948 1
1.021528 0.274256 0
1.649339 0.676357 0
1.308729 0.584724 0
1.603352 0.266689 0
1.357533 2.196263 1
1.191057 1.595589 1
1.466626 0.626936 0
0.494219 1.261105 1
0.403506 1.086808 1
1.814207 1.549686 1
1.341487 1.134974 0
1.400941 1.750156 1
1.164649 1.881154 1
1.743878 1.007012 1
0.804454 2.124602 1
0.456561 0.277426 0
1.372141 1.980478 1
1.997331 0.923822 1
1.022450 1.043955 1
0.031137 1.695334 1
1.307587 -0.151207 0
1.415401 0.515764 0
1.402116 0.765577 0
0.350754 1.088037 1
0.907300 1.250113 1
0.959300 -0.110691 0
0.842958 0.512605 0
1.384013 1.897704 1
1.207989 1.214389 1
1.383873 1.888413 1
0.824600 0.544909 0
1.733280 0.597715 0
1.644560 1.162953 1
0.748607 1.537016 1
0.425582 0.126805 0
1.279971 0.333150 0
1.069532 1.563254 1
1.737264 1.178157 1
1.708960 1.143103 0
1.633901 0.150372 0
0.865448 0.424684 0
0.307428 1.685235 1
0.851514 0.313002 0
0.488589 0.305941 0
1.435081 1.372182 1
0.996870 1.098611 0
1.017030 1.181420 0
0.389248 0.801118 1
1.763249 2.060727 1
0.204035 1.088644 0
1.400410 1.316354 1
1.721700 1.361800 1
1.191888 0.118106 0
1.490037 1.033469 1
1.372896 1.430678 1
1.663230 1.441513 1
0.870232 0.614201 0
1.378895 0.222336 0
1.605404 0.165580 0
0.014476 0.970579 1
0.606170 1.629706 1
0.794847 2.062651 1
0.678896 1.247635 0
0.243318 -0.080810 0
0.189200 1.684893 1
0.658908 1.272754 1
1.728157 0.789589 0
0.603382 0.314201 0
0.370214 1.982296 1
1.687256 1.770750 1
0.166873 0.099953 0
0.800589 0.653639 0
1.696562 1.281503 1
1.732942 1.226802 1
1.910337 2.209165 1
1.767888 0.192509 0
0.658832 0.713547 0
1.389748 1.070317 1
1.195420 1.810378 1
1.722654 0.420805 0
0.662153 1.626179 1
1.861786 0.295856 0
0.967200 -0.174096 0
0.920698 0.637734 0
1.094120 0.679128 0
1.900302 0.069897 0
1.630750 0.488635 0
1.517683 1.567445 1
0.973768 2.247993 1
1.384408 0.697866 0
0.832837 0.369580 0
1.210455 0.493328 0
0.557390 1.566862 1
1.966824 0.525768 0
1.877302 0.672229 0
1.174490 1.216469 1
0.937145 0.319656 0
0.373769 0.372695 0
1.278555 1.480503 1
1.127289 1.513171 1
1.554961 1.195970 1
1.123218 -0.335164 0
1.585719 0.981836 0
0.819945 1.186095 1
1.347593 0.197265 0
1.852376 1.159315 1
0.445184 1.762157 1
1.276071 0.795377 0
0.818061 1.382381 1
0.116852 1.057174 0
0.893739 0.393503 0
0.485101 1.490906 1
0.769723 1.773192 1
1.153765 0.397399 0
1.820742 1.034563 0
0.570546 1.200743 1
1.210194 -0.001934 0
0.377984 2.149777 1
1.830996 1.276690 1
0.245009 0.662153 0
1.081984 0.446950 0
0.513218 1.904009 1
1.274287 0.261763 0
1.037771 1.553391 1
0.512412 1.738585 1
0.553504 0.340486 0
1.693546 0.782457 1
0.085795 0.213014 0
0.603824 0.040444 0
0.554213 1.350869 0
0.192797 0.032710 0
0.472325 1.024424 1
0.735641 1.929606 1
0.676467 0.873873 0
1.810959 1.357893 1
1.498503 1.674079 1
1.831634 0.983237 0
0.442861 2.060080 1
0.160923 1.523399 1
0.431860 -0.288950 0
0.811838 1.429737 1
0.122253 0.666577 0
1.502163 1.686837 1
0.510655 1.896656 1
1.777720 0.490470 0
0.139790 -0.204658 0
0.625222 1.363855 1
0.454420 0.347080 0
1.586801 -0.071531 0
1.139373 0.955846 0
0.219576 1.515922 1
0.148681 0.615355 0
0.406438 1.020178 1
0.997518 1.617395 1
1.778268 1.578600 1
0.220971 1.347625 1
1.876453 0.435506 0
1.736602 0.812144 0
1.431617 0.724979 0
1.822281 2.125284 1
1.276490 0.254951 0
0.308690 1.192378 1
0.799915 0.442607 0
1.293165 2.030482 1
0.053084 0.485384 0
0.383647 1.784983 1
0.559891 1.131377 1
0.764057 0.434987 0
0.671545 0.768438 0
1.400212 1.731510 1
1.465035 0.745125 0
0.042735 1.727489 1
0.768526 0.090771 0
1.949284 1.772211 1
0.990726 1.261379 1
1.466295 1.429195 1
1.436169 1.469253 1
0.757512 1.198243 1
0.958277 0.090771 0
0.625674 -0.056354 0
1.871867 1.101279 1
0.231390 1.089488 0
1.810460 0.468197 0
0.670105 0.487426 0
0.432437 -0.069671 0
0.512805 1.694360 1
0.252845 0.248843 0
0.351478 0.872483 1
1.353480 0.179838 0
1.602544 0.323741 0
0.489658 1.683176 1
1.047612 1.414719 1
1.478553 2.094385 1
1.147494 1.259629 1
0.306275 1.740928 1
0.174860 0.287047 0
0.721362 1.407768 1
1.887174 0.936841 0
0.497691 0.194737 0
0.799115 0.853967 0
0.039560 0.750477 0
0.593852 2.029880 1
0.493147 0.452772 0
1.160313 0.365085 0
0.280018 0.376101 0
1.593789 1.593041 1
0.102314 1.063817 0
1.956470 0.655382 0
1.401917 2.068719 1
1.569521 1.056099 1
1.657460 0.335259 0
1.468077 1.176253 0
0.294338 0.454438 0
1.461126 0.258712 0
0.547481 0.662168 0
1.616330 0.080916 0
0.023026 1.598616 1
1.041983 1.980126 1
1.849117 0.739469 0
0.739221 1.567780 1
1.979900 0.179689 0
1.326913 0.218845 0
0.755123 1.982113 1
0.486465 0.705538 0
1.155910 1.227129 1
0.297214 0.613989 0
0.537605 1.923254 1
0.711446 0.449221 0
0.848787 1.936677 1
0.823362 0.748715 0
1.067438 1.624712 1
0.706054 1.902512 1
0.755156 1.439366 1
0.256520 0.068706 0
0.264236 0.612975 0
1.353215 0.337540 0
1.323201 0.115535 0
1.741137 1.264313 0
0.526456 0.228614 0
0.617888 0.074120 0
1.630629 0.583040 0
0.649075 1.828192 1
0.535358 0.586693 0
0.713631 1.032494 0
1.770506 0.725352 0
1.360986 1.150196 1
0.071210 1.776547 1
1.357552 0.699469 0
0.278770 0.584493 0
0.592957 1.613056 1
0.706644 0.185518 0
0.456580 0.317136 0
0.443331 0.328429 0
0.921342 2.169886 1
0.791310 1.578638 1
1.051338 1.101178 0
0.407632 1.700724 1
0.510172 1.894150 1
1.167490 1.205593 1
0.615070 0.928693 0
1.628540 1.198066 1
0.420821 1.832228 1
0.097094 1.317761 1
0.662131 0.880978 0
1.121119 0.580829 0
0.042931 -0.224068 0
1.919110 1.021134 0
0.475527 0.142957 0
1.264136 1.307171 1
1.763321 0.538642 0
1.829867 0.669384 0
1.158738 0.099863 0
0.499228 0.154233 0
0.311110 1.982054 1
1.567413 0.732202 0
1.467649 2.179816 1
1.777980 0.210926 0
0.036413 1.536996 1
1.877140 1.076905 0
0.852121 0.808745 0
1.867545 0.716509 0
1.440645 0.525048 0
0.973848 1.850074 1
1.581798 1.230460 0
1.209481 0.441811 0
0.018791 2.027162 1
0.828610 0.342184 0
0.736118 0.396082 0
0.590736 0.527646 0
1.658693 1.438039 1
0.480035 1.107613 0
0.774010 1.512996 1
0.438435 1.006603 0
1.505900 0.678453 0
0.002009 1.124869 1
0.347948 0.204528 0
1.049941 0.852925 1
0.243884 0.262377 0
0.911825 0.070370 0
1.550281 0.837215 1
1.884428 1.535482 1
0.486132 1.397364 1
0.677626 0.707430 0
1.534854 0.697990 1
1.565903 0.798868 1
0.930927 2.077353 1
1.039342 1.232703 0
1.181810 1.024272 0
1.404542 0.250212 0
0.310653 0.597828 0
1.671447 1.020296 0
1.577677 0.820239 0
0.799403 1.079816 1
1.175009 1.109471 1
1.762354 -0.008669 0
0.308850 -0.130691 0
0.605364 0.991176 0
0.973242 0.298592 0
1.624156 1.391582 1
1.938332 0.341664 0
1.312816 0.380405 0
1.169655 0.392292 0
0.383345 1.842810 1
0.397650 0.062463 0
1.741232 1.089220 1
0.725227 1.614374 1
0.706517 0.886893 1
0.567532 1.054431 1
0.491534 1.375338 1
1.045142 0.795408 0
0.828957 1.100319 1
1.935600 0.380274 0
0.394515 0.193139 0
0.120286 1.641693 1
1.064699 1.036745 0
0.752916 0.965898 1
1.748260 1.035012 0
0.948461 1.846453 1
1.362088 1.161265 1
1.534478 1.363263 1
1.574526 0.520546 0
1.551903 1.391663 1
1.217093 0.053008 0
1.602072 0.649917 0
0.246168 0.887418 1
0.725341 0.574502 0
1.305652 1.454072 1
0.207989 1.011732 0
0.728231 0.351677 0
0.828359 0.916877 0
0.561545 0.619967 0
1.422935 0.981033 1
1.522757 0.843229 0
1.951113 1.496880 1
0.158102 1.356387 1
0.962744 1.799679 1
1.086230 0.210132 0
1.195750 0.755213 0
1.618927 -0.323561 0
1.012419 1.322092 1
1.498142 1.839563 1
0.500579 1.001064 1
0.294173 0.472071 0
1.421961 0.471526 0
1.250476 1.779024 1
1.425139 0.957660 1
0.310323 0.716913 0
0.049358 0.758092 0
1.513603 1.104931 1
0.870432 1.900155 1
1.983618 0.543403 0
1.243226 0.627312 0
0.823605 0.931794 1
1.219621 1.171574 1
1.389121 0.191926 0
1.378206 2.180809 1
1.696873 1.401632 1
1.650057 1.404312 1
1.560691 0.505417 0
0.396440 0.897648 0
1.343123 1.963718 1
0.221713 0.872415 0
1.061081 1.112717 0
1.242487 0.736447 0
0.632568 1.175838 1
0.103402 1.632773 1
0.888482 0.150193 0
0.959908 0.503397 0
0.541249 0.633484 0
1.699500 1.713434 1
0.912724 0.825328 0
1.569342 0.857753 0
1.118225 1.552105 1
1.453336 0.165116 0
0.989715 1.481743 1
1.937440 0.988876 1
1.844570 1.935109 1
0.583600 0.021890 0
0.839661 0.867348 1
0.860608 0.621891 0
1.591561 -0.305949 0
1.276558 2.061405 1
1.597956 0.421039 0
1.135059 1.698568 1
0.044968 2.091330 1
1.161252 1.836114 1
0.205717 1.856713 1
0.613519 0.447730 0
1.581583 1.619296 1
0.807777 2.081473 1
1.508481 0.361383 0
1.397795 2.205932 1
0.718953 0.006476 0
0.492404 2.149265 1
0.589822 0.719762 0
0.953937 0.747905 0
1.595483 0.682087 0
1.025330 1.607477 1
1.382834 1.380871 1
1.004675 2.053366 1
0.746338 0.956673 0
1.483459 1.115546 0
0.624415 -0.126416 0
0.375070 0.660620 0
1.199465 1.529027 1
1.548981 1.576426 1
0.292453 0.512280 0
1.314387 1.104802 1
0.835031 1.324736 0
0.283638 0.582285 0
1.138813 0.880530 0
1.559014 1.526611 1
0.189874 0.755649 0
0.767250 1.462852 1
1.718676 2.005855 1
1.051693 1.133832 0
1.605276 0.956836 0
0.635835 0.357623 0
1.557196 1.465451 1
0.538763 -0.012174 0
1.161449 1.398864 1
0.599960 1.170812 0
1.206582 0.843311 0
0.013812 0.620769 0
1.688201 1.270888 1
0.601162 1.862957 1
1.721620 0.524363 0
1.181837 2.096167 1
1.092483 0.417117 0
0.377826 1.556234 1
1.889427 1.573429 1
0.734324 0.920571 0
1.774678 1.636037 1
1.434560 1.406603 1
1.742828 0.931683 1
0.617040 0.804369 0
0.606565 0.459122 0
1.726750 1.428580 1
0.730895 0.817280 0
0.398589 2.117768 1
0.110231 0.941152 1
0.842474 0.603744 0
1.887108 0.268137 0
1.405420 1.479743 1
1.187531 0.433209 0
0.048007 1.180573 1
0.729696 0.342028 0
1.146767 0.847190 0
1.107718 1.488730 1
1.228666 1.484051 1
0.236592 0.213103 0
1.453445 2.056211 1
0.702713 0.664539 0
1.113541 0.408750 0
0.669263 1.161364 1
1.360945 1.501316 1
0.160368 2.092237 1
0.196380 0.452790 0
0.173506 1.914879 1
1.478666 1.441534 1
1.134878 1.513528 1
1.903127 1.589826 1
0.412206 0.578920 0
1.867277 0.867471 1
0.232732 0.583474 0
0.767494 1.708068 1
1.105491 1.803355 1
1.901092 0.203509 0
0.444813 0.739021 0
0.350346 1.895556 1
1.801903 0.750832 0
1.995032 0.316567 0
0.509876 0.822772 1
1.430344 0.325423 0
1.836748 1.210429 0
1.731452 0.902597 1
0.796081 1.607958 1
1.877325 1.943353 1
0.255968 0.163320 0
1.638933 1.268755 1
1.247570 0.789282 0
0.679297 1.463418 1
0.025063 0.045960 0
0.776979 0.327974 0
0.722822 0.644888 0
1.072770 0.428572 0
0.702827 1.091219 1
1.328147 1.203279 1
1.305750 0.294352 0
1.451219 1.863795 1
1.527982 1.940476 1
1.630699 0.493372 0
0.949031 1.938896 1
1.370232 1.476768 1
0.707504 2.131719 1
1.161433 0.586314 0
1.271271 1.636569 1
1.214034 0.550519 0
0.322877 1.491324 1
0.201179 1.596867 1
1.024922 1.634118 1
1.907309 1.208478 1
1.138699 0.349070 0
1.698481 0.915234 1
1.925958 2.116562 1
0.282963 0.532768 0
0.672794 1.186846 1
0.755103 -0.294553 0
0.819047 -0.191472 0
1.060689 1.377020 1
0.968619 0.482666 0
0.870342 0.975498 0
1.104017 1.422038 1
1.264122 0.331962 0
0.379209 1.367988 1
1.224086 1.517092 1
1.107380 0.291035 0
0.859294 2.253033 1
0.140589 -0.176991 0
0.866819 0.972650 0
1.573632 1.140888 1
0.704173 1.861336 1
0.137255 1.665051 1
1.409437 1.775216 1
0.150734 0.633872 0
0.800404 1.027591 0
1.945564 2.104026 1
1.467763 1.749490 1
1.317548 -0.236135 0
1.017586 1.110329 1
0.484688 1.329950 1
0.603981 1.339185 1
1.806747 2.128976 1
1.044003 2.030350 1
0.529195 1.914305 1
1.792435 1.202553 1
0.237056 1.095704 1
0.552772 0.788153 1
0.121408 0.342355 0
0.512175 1.733046 1
0.782743 -0.276085 0
0.483527 0.709100 1
1.619753 0.482805 0
1.697410 0.322372 0
0.799822 1.837984 1
1.736472 1.189361 1
0.406752 1.337769 1
1.341124 1.961091 1
0.384613 0.976699 0
1.468217 1.829780 1
1.695149 -0.072722 0
1.962418 1.840461 1
0.316626 1.041809 1
0.575066 1.635711 1
1.988997 0.411927 0
0.446973 0.519033 0
0.700164 1.716027 1
1.580943 1.310946 1
0.906989 0.954791 1
0.661118 0.156351 0
1.331935 0.434915 0
0.572800 1.972911 1
0.025665 1.075684 1
0.372938 0.526457 0
0.694539 0.087594 0
0.438389 1.466885 1
0.572395 1.496373 1
1.569540 0.279544 0
1.349179 -0.149889 0
0.965702 1.150305 1
1.952196 1.703941 1
0.935568 0.033227 0
1.726915 0.531695 0
1.083058 1.176868 1
1.320666 -0.094445 0
1.031660 1.332159 1
1.583240 1.206759 1
1.051361 1.786002 1
0.009136 1.080067 1
1.496947 1.490401 1
1.850279 1.025987 0
1.615945 0.225349 0
1.008502 0.517693 0
1.389142 0.512692 0
0.138567 0.623230 0
1.169390 0.265080 0
1.724298 1.221601 1
1.622092 -0.119871 0
0.404178 0.728384 1
0.200873 0.981219 1
0.813406 1.325272 1
0.906133 0.498671 0
0.813589 0.490051 0
0.809562 0.844260 0
0.662044 1.255550 1
1.010008 0.509088 0
0.091974 0.203462 0
0.999430 0.678468 0
1.700123 1.344854 1
1.492154 0.560286 0
0.440461 0.798946 0
0.939673 0.008362 0
0.692940 0.288895 0
1.015096 1.900054 1
1.168793 1.238427 1
0.047017 1.285921 0
1.289486 1.496402 1
1.721328 1.021131 1
0.671948 1.349802 1
0.639877 0.055004 0
0.748156 0.538756 0
1.011517 0.671354 0
1.663213 0.404503 0
1.728673 0.622386 0
1.620542 1.396643 1
0.243816 -0.088397 0
1.115840 0.886613 0
0.913164 1.781746 1
0.347441 1.448523 1
0.989810 0.974639 1
1.343827 1.138663 0
0.529344 1.170753 1
1.264957 1.646682 1
0.686609 -0.311825 0
0.892327 0.031213 0
1.333473 0.360473 0
1.439666 1.622805 1
0.901249 1.075111 1
1.681726 0.138090 0
1.163838 0.830114 0
0.789710 1.498958 1
0.020470 1.372605 1
0.816992 1.057630 1
0.433969 1.943787 1
0.917246 0.207286 0
1.778876 1.056190 0
0.127954 0.397064 0
1.901571 2.006938 1
1.792811 0.196190 0
1.640030 1.307229 1
1.098226 1.573098 1
0.494614 1.831239 1
0.778283 1.596068 1
1.192267 0.009963 0
0.593939 1.589316 1
0.793805 0.997970 0
0.125845 0.453004 0
1.721470 1.413875 1
1.485389 1.072644 1
0.535547 0.531231 0
1.418277 1.292764 1
1.455102 1.655969 1
1.912303 1.861000 1
0.839508 1.033059 0
0.104292 1.747860 1
1.608082 1.854763 1
0.316327 1.514529 1
1.196824 1.482556 1
0.703906 1.471090 1
1.566449 0.684512 0
1.855525 1.179562 0
1.975876 1.136774 0
1.055913 1.759964 1
1.456618 1.034911 1
1.997512 1.204937 1
1.734165 0.606356 0
1.242309 1.239419 0
1.548560 0.691292 0
1.385148 0.680013 0
0.480360 0.698302 0
0.315044 -0.079975 0
0.598109 0.664056 0
1.714996 1.516283 1
0.698210 1.553212 1
0.827890 -0.196752 0
0.487129 -0.040933 0
0.931543 0.332556 0
1.716372 1.022462 0
0.140814 1.414836 1
0.942505 2.182967 1
1.649920 1.082768 1
0.603648 1.045799 0
0.052069 0.863401 1
0.174625 0.498172 0
0.346728 2.171319 1
0.758224 0.984552 1
1.706412 0.068867 0
1.635210 0.611523 0
0.228689 1.345146 1
1.041307 0.160432 0
0.308734 0.496763 0
1.820832 1.753495 1
1.788387 0.361957 0
0.183267 2.058388 1
0.177093 -0.189401 0
1.165498 1.535369 1
0.744451 1.707302 1
0.900101 0.674856 0
1.403544 0.349150 0
1.910739 0.755336 0
1.052844 1.693558 1
0.455494 1.168273 0
1.218811 1.148748 1
1.216446 0.912747 1
1.180374 1.846007 1
1.909879 1.094556 0
1.686689 0.651848 0
1.664902 -0.274162 0
0.728843 0.494056 0
1.266620 1.950896 1
1.101290 0.978193 0
0.045777 1.923753 1
