0.462467 1.099027 1
0.077504 1.168179 1
1.160576 1.821648 1
1.033270 0.381206 0
1.881004 1.009023 1
1.570013 0.170277 0
1.834855 0.376829 0
0.431270 0.192584 0
1.557778 0.758450 0
1.602344 1.213383 1
0.792482 1.321349 1
0.244163 0.123904 0
0.026724 1.607043 1
1.063892 1.772764 1
0.371714 1.855015 1
1.824745 0.899666 0
1.264522 0.444975 0
0.146991 2.039542 1
0.763048 0.763155 0
1.054611 1.636466 1
0.291805 0.201615 0
1.652446 0.056199 0
0.091692 0.553903 0
1.842306 1.695953 1
0.509851 0.433129 0
0.477039 0.957271 0
1.028972 0.225768 0
1.230499 1.480094 1
0.684703 0.690601 0
1.990188 0.878159 0
1.494219 2.002957 1
0.231140 0.352446 0
0.523765 0.145500 0
0.549550 0.336485 0
0.743134 1.827980 1
0.146181 0.813557 0
0.393157 1.334519 1
0.214503 1.650893 1
1.922799 0.384977 0
0.490638 0.311489 0
1.004108 0.790788 0
1.597493 1.388105 1
0.983949 0.916038 0
1.195595 1.626571 1
1.494145 1.319117 1
0.669434 1.937420 1
0.639089 0.689419 0
1.209865 1.677060 1
0.452235 0.588136 0
1.055616 1.484447 1
0.851834 1.553505 1
1.255271 1.037638 1
0.514848 1.995707 1
0.561110 1.034461 1
0.146104 1.267992 1
0.855931 1.649835 1
0.679906 1.469094 1
1.422081 0.557084 0
0.740501 1.496848 1
1.876106 1.223174 1
0.045453 0.243138 0
0.581998 1.644779 1
1.961154 0.236031 0
1.568529 0.223351 0
1.964340 1.376434 1
1.687775 0.845874 0
0.932392 0.574834 0
0.924885 1.158649 1
0.797371 0.320760 0
0.386112 1.430268 1
1.919889 0.642250 0
1.530334 0.960804 0
0.654935 1.212940 1
1.335386 1.821513 1
1.329351 0.554997 0
1.078087 0.793921 0
1.716039 1.203779 1
1.392621 1.208071 1
0.169604 1.669009 1
1.901853 1.120013 1
0.828517 1.480856 1
1.350158 0.457062 0
1.669408 1.404839 1
0.242693 0.950357 0
1.941468 1.235141 1
1.842117 1.576896 1
1.612050 1.773246 1
1.689370 1.413328 1
1.795650 1.935884 1
0.678374 0.581602 0
0.677189 1.770421 1
1.028720 0.293815 0
1.698629 0.166166 0
0.100056 1.085454 1
0.357860 0.594388 0
0.542445 0.289191 0
1.016010 0.657845 0
0.378096 1.767410 1
1.060025 1.853677 1
0.591550 1.572146 1
1.679216 1.872949 1
0.211232 1.291310 1
0.669602 0.984996 1
1.040602 1.844726 1
0.865489 0.228431 0
0.298198 1.020595 0
0.558603 0.781972 0
1.524388 1.202900 1
0.471933 1.378838 1
1.706094 1.725707 1
1.034599 0.982749 0
0.030719 1.092517 1
0.371401 1.231796 1
0.288610 0.285551 0
0.363440 1.180591 1
0.199680 0.124540 0
0.723179 1.727666 1
1.653745 1.475783 1
1.569342 0.272045 0
0.774318 0.395185 0
0.797755 1.233689 1
0.178834 0.749951 0
0.064762 1.616177 1
1.682280 1.633222 1
0.749866 1.251438 1
0.047391 0.305807 0
1.672459 0.862284 0
1.064490 1.070815 1
0.162738 0.249599 0
1.809365 0.594855 0
0.250502 1.601703 1
0.770442 0.755122 0
0.916996 1.702254 1
0.959063 1.129418 1
1.647624 0.165047 0
0.393569 0.167158 0
1.323155 0.432972 0
0.710183 1.824588 1
1.634205 0.102498 0
1.369386 0.791028 0
0.352342 1.677665 1
0.144155 1.377531 1
0.058695 0.011343 0
1.449541 0.773700 0
0.711118 0.527262 0
1.430534 0.906787 0
0.474404 1.891315 1
0.032315 1.120451 1
1.984736 0.720441 0
0.375862 0.179218 0
1.250056 0.158436 0
1.784101 1.410847 1
1.520370 1.338337 1
1.839016 1.481318 1
0.522031 1.750616 1
0.953095 0.175597 0
1.436049 0.096855 0
0.750180 1.974357 1
1.044428 1.832838 1
0.929076 0.405655 0
0.941156 1.079991 1
0.672902 1.799966 1
0.620116 1.533971 1
0.408831 1.586126 1
1.961187 0.867526 0
1.041278 0.219404 0
1.082240 1.942676 1
0.044183 0.355298 0
0.767039 1.276216 1
1.418107 0.417126 0
1.751106 1.351206 1
1.370768 1.857669 1
0.761614 1.278908 1
1.304068 1.889728 1
1.617054 1.050454 1
0.333830 0.657833 0
1.130460 0.353468 0
1.238905 1.141894 1
1.935384 0.325125 0
1.368678 1.226743 1
1.342578 1.359297 1
0.131411 1.156781 1
0.358976 1.742062 1
1.514976 0.407062 0
0.688972 0.896100 0
0.957183 0.079659 0
0.060328 0.851625 0
1.880453 1.493258 1
0.326966 0.831946 0
0.157234 0.782734 0
1.167196 1.489976 1
1.932736 1.445606 1
1.940365 0.561807 0
1.362131 0.737453 0
0.678762 1.787570 1
1.495991 1.304060 1
0.915343 0.142181 0
1.691537 0.042404 0
1.074405 1.361855 1
0.329767 0.151904 0
0.989880 0.415234 0
1.691439 1.313896 1
0.656522 1.049337 1
1.489269 0.971401 0
1.915739 1.078536 1
0.925661 0.733979 0
0.560031 1.589118 1
1.661761 0.647362 0
1.964861 0.642368 0
1.558313 0.880667 0
1.671951 1.507960 1
1.159641 1.725943 1
1.706825 1.953228 1
1.585762 1.716726 1
0.152775 0.524946 0
0.765132 0.738068 0
1.601981 0.944434 0
1.413502 0.824730 0
1.683238 1.651226 1
1.625223 1.151309 1
1.126451 0.932727 0
1.638915 1.167514 1
0.885445 0.642043 0
0.074660 0.658514 0
1.082020 0.777544 0
0.693779 1.463047 1
1.327943 0.369469 0
0.263974 1.603035 1
0.854771 1.830435 1
0.366782 1.733634 1
0.797415 0.381728 0
0.069940 0.522737 0
1.116189 0.361534 0
0.501942 0.191069 0
1.250550 0.231590 0
0.686701 0.969884 0
0.843460 1.501190 1
0.490780 1.312983 1
1.888300 0.123436 0
1.813301 1.682990 1
1.202509 1.534374 1
0.816519 0.436137 0
1.481846 0.519531 0
1.078421 0.262001 0
1.558601 0.710443 0
0.226457 0.821478 0
0.641380 1.108667 1
1.136037 1.349598 1
1.531027 1.099106 1
0.471526 0.513224 0
1.266739 0.935209 0
1.591695 1.444375 1
0.188486 1.681902 1
0.188768 1.312528 1
0.117224 1.565445 1
0.276868 1.826927 1
0.420287 0.201878 0
1.186072 0.825009 0
0.461877 1.340125 1
1.667446 0.169007 0
1.827820 1.583437 1
1.825767 0.082741 0
0.497073 1.970365 1
0.567377 1.840925 1
0.403379 0.018455 0
1.243976 1.333920 1
0.505665 1.618929 1
1.728455 1.145308 1
0.466833 0.411301 0
1.104199 0.683402 0
0.756116 0.249664 0
1.051656 0.297741 0
1.883443 2.022633 1
1.743217 1.283472 1
0.916366 0.585702 0
1.040764 1.115922 1
0.952881 1.092694 1
0.364162 1.364055 1
0.786848 0.919083 0
1.951099 1.950654 1
1.718905 1.827875 1
0.296770 1.010177 1
1.359362 1.819326 1
1.905880 0.476714 0
1.920969 1.893924 1
0.542687 1.239932 1
1.572813 1.084044 1
0.582685 1.957666 1
0.741985 0.070532 0
0.860528 0.647974 0
0.847163 0.814405 0
0.903092 1.326079 1
1.455122 1.042963 1
0.410137 -0.005471 0
0.291847 0.287234 0
1.926783 1.795362 1
1.761244 1.050461 1
1.934324 1.911112 1
0.266660 0.261644 0
1.182493 0.873513 0
0.198804 1.480485 1
1.293365 1.832509 1
1.869807 0.387285 0
0.722352 0.247657 0
1.620180 1.401967 1
0.291282 1.320848 1
1.157732 0.802158 0
1.085033 0.378471 0
0.316520 0.369859 0
0.851406 1.891871 1
0.303452 0.573164 0
1.936282 0.117551 0
1.982065 1.716152 1
0.437433 0.880675 0
0.462723 1.012612 0
0.937060 1.081337 1
0.304117 1.820548 1
1.659210 0.994040 0
1.954403 1.489525 1
0.279657 1.556438 1
0.645631 0.104340 0
0.040727 1.364558 1
1.923463 1.144845 1
0.211133 1.575994 1
0.329734 0.922732 0
0.843656 0.026670 0
1.052460 0.407588 0
0.574854 1.298079 1
1.151755 1.423258 1
1.332640 1.975805 1
0.130594 0.988314 0
1.698539 0.169038 0
0.745948 1.818304 1
1.207624 1.585930 1
1.168531 0.516605 0
0.053010 0.511893 0
0.918717 1.726874 1
0.235387 1.699556 1
1.621732 0.318141 0
0.251738 0.869505 0
0.248893 1.250326 1
0.283328 1.066507 1
0.458714 1.972417 1
1.220363 0.281748 0
0.108692 0.385541 0
1.943571 1.390111 1
1.750012 1.647099 1
1.176325 0.269399 0
1.210218 1.337878 1
1.319275 0.089861 0
0.437474 -0.009651 0
0.376840 0.351638 0
0.543316 0.509119 0
1.353040 0.383886 0
1.082369 0.461496 0
0.072726 1.688407 1
1.537771 2.017315 1
0.833678 0.484220 0
0.282057 0.690979 0
0.662527 0.760620 0
1.109873 1.770588 1
1.420247 0.282338 0
1.327894 0.865586 0
1.729413 1.131486 1
0.387386 0.066455 0
1.819205 0.515699 0
1.823388 1.165048 1
1.674567 1.569388 1
0.096829 1.445520 1
0.573149 -0.004928 0
1.036599 0.704761 0
1.384275 1.494404 1
0.801771 0.065202 0
0.398298 1.019822 1
0.991973 1.658229 1
0.734272 0.558866 0
1.379939 1.482843 1
1.568950 0.964721 0
0.347623 0.723713 0
1.037640 1.228929 1
1.324306 1.852324 1
0.606154 0.063983 0
1.270395 0.893244 0
1.125865 1.204550 1
0.659161 0.066867 0
0.926136 1.907730 1
0.388099 1.225334 1
1.692957 0.796149 0
0.537020 0.194397 0
1.068434 1.602904 1
0.716949 0.412187 0
1.581534 1.725711 1
1.062723 1.487983 1
0.002185 0.376521 0
0.240732 1.105254 1
1.530387 0.129520 0
0.053885 0.304408 0
0.003013 1.032125 0
1.638628 0.144303 0
1.019505 1.030293 1
1.284607 1.858768 1
0.124400 0.942510 0
0.362608 1.127572 1
0.048882 1.611868 1
1.280188 0.676584 0
0.995838 1.906678 1
0.715147 1.547158 1
1.891686 0.011416 0
1.369588 1.691039 1
1.568987 0.454742 0
0.054430 1.573952 1
1.057599 1.601688 1
1.224221 0.485235 0
1.586017 0.108282 0
1.172417 1.422429 1
1.900922 0.566587 0
1.029875 0.228873 0
0.591312 0.745931 0
0.777482 1.765945 1
1.598515 0.392169 0
0.958393 1.127235 1
1.539857 1.363938 1
0.325172 1.854041 1
0.766485 1.143368 1
1.330119 0.179180 0
1.184808 0.781083 0
0.883809 0.881721 0
0.359133 1.985307 1
0.729506 0.510871 0
0.855932 1.199907 1
0.250541 0.457827 0
1.843560 1.912160 1
1.505063 0.476176 0
0.931643 1.794601 1
1.112812 1.081463 1
0.213099 0.665912 0
0.120413 0.477411 0
1.939437 1.627925 1
0.913380 0.564766 0
0.588855 1.476684 1
0.223097 0.087360 0
0.501500 1.687278 1
1.541149 1.214406 1
0.014812 1.297998 1
1.979935 1.704630 1
1.306991 1.528799 1
0.416652 0.084817 0
0.078643 0.113138 0
0.424072 1.023412 1
1.682092 0.777025 0
1.260327 0.651212 0
0.119032 0.147275 0
1.884997 0.112123 0
1.061835 1.587488 1
1.707457 0.492199 0
0.895196 1.095595 1
0.804615 0.209579 0
1.057563 0.626979 0
1.025218 1.423162 1
1.595142 1.698502 1
0.050575 2.011618 1
1.697673 1.198083 1
0.848605 1.932781 1
1.624602 0.455372 0
1.273578 1.568844 1
1.340090 0.779814 0
1.952818 0.115593 0
0.247985 0.737925 0
1.492115 0.483710 0
1.153833 1.922242 1
1.943325 0.551390 0
0.604109 0.556241 0
1.739132 0.232713 0
0.147577 1.373141 1
1.551502 0.992267 0
1.410641 0.590870 0
1.953933 1.785554 1
0.120202 1.193843 1
1.108432 0.304174 0
0.918129 0.834574 0
1.743827 0.779675 0
0.914801 0.487400 0
1.997348 0.411258 0
1.066571 0.093550 0
0.572244 1.884260 1
1.590931 1.931839 1
1.297339 0.808455 0
1.287072 1.346712 1
1.430290 0.520537 0
0.772524 0.113079 0
1.303885 1.918454 1
1.941729 0.814219 0
1.706223 1.571225 1
1.750488 0.768399 0
1.093475 1.681009 1
0.163012 0.401380 0
1.398208 1.983973 1
0.276919 0.826939 0
1.620795 1.740433 1
1.246919 1.902856 1
1.297274 1.242122 1
1.707392 0.275322 0
1.714540 0.631839 0
0.798358 0.626975 0
0.769068 0.265444 0
1.189947 0.923583 0
1.981868 0.216417 0
0.069106 0.021736 0
1.081075 0.258274 0
1.198847 1.809961 1
1.985300 0.603223 0
0.161277 0.853162 0
1.223162 0.771586 0
1.908402 1.432199 1
0.623402 1.538145 1
0.815533 0.716961 0
1.728792 0.801838 0
1.146275 1.801799 1
0.160566 0.293988 0
1.904642 0.517550 0
1.885069 0.630549 0
1.463902 1.955832 1
1.352855 1.796571 1
0.503782 0.962486 0
0.957204 1.852932 1
1.059092 1.674318 1
1.719753 1.544805 1
0.061941 0.620631 0
0.178932 1.054044 1
0.972326 1.841370 1
0.647092 1.612976 1
0.105282 0.780921 0
0.570085 0.829930 0
1.489908 0.103578 0
1.369609 0.846760 0
1.915390 0.196361 0
1.815837 1.084648 1
1.214307 0.542748 0
1.280802 0.341312 0
0.616694 0.401479 0
1.949295 0.367142 0
0.859084 1.922201 1
1.017532 0.605491 0
0.032026 1.882004 1
1.228543 0.481630 0
0.583796 1.775353 1
1.325535 0.760979 0
0.303180 0.679898 0
1.315159 0.754100 0
0.889375 0.532656 0
1.515823 1.631453 1
1.032641 1.003544 0
0.658153 0.543498 0
0.568312 1.846724 1
0.277004 0.538340 0
0.189218 0.135361 0
0.037698 0.775052 0
0.210521 1.242342 1
1.933623 0.927407 0
1.326650 1.300978 1
1.888982 0.687923 0
0.958837 0.428507 0
0.554771 1.443779 1
1.801687 0.169534 0
1.597976 1.040280 1
1.694352 0.569153 0
0.362503 0.244541 0
0.101231 0.996299 1
0.435869 1.798288 1
1.028969 1.411303 1
0.129494 0.691580 0
0.082286 0.994637 1
0.118429 1.072356 1
1.479186 1.914066 1
0.487906 0.941258 0
0.637665 0.765831 0
0.859378 0.245694 0
1.764846 0.563734 0
1.122571 0.771357 0
1.028630 0.914958 0
1.344263 1.160820 1
1.724063 1.113633 1
1.213259 0.326284 0
1.758477 0.055647 0
0.051952 0.839668 0
0.425387 0.270075 0
0.173584 1.587377 1
1.387624 0.593697 0
0.753857 0.062696 0
0.614517 0.728811 0
0.934102 1.779915 1
1.845212 0.036533 0
0.293406 1.280085 1
1.271212 1.894424 1
1.259048 0.997096 1
1.116904 1.227827 1
1.039925 1.103727 1
0.496240 0.672443 0
1.380651 1.157646 1
1.384840 0.257234 0
1.837401 0.459160 0
0.664121 1.409266 1
0.521318 0.921673 0
1.297100 1.243006 1
1.201139 0.772165 0
1.500009 1.914955 1
1.911409 1.249530 1
0.086699 1.664925 1
1.027195 0.700407 0
0.097907 1.546631 1
0.666483 0.314791 0
1.054225 0.807161 0
0.801770 1.064575 1
0.177182 0.464629 0
1.856793 1.353702 1
1.652160 0.700490 0
0.181301 0.584346 0
0.277131 0.595382 0
0.012422 0.533138 0
1.972062 1.144488 1
0.964383 0.695491 0
0.503083 1.412992 1
0.712759 1.428926 1
1.508036 1.736585 1
0.530432 0.077497 0
0.646937 0.705862 0
1.068544 -0.000400 0
1.554059 1.475922 1
0.048068 1.691034 1
1.052875 1.068636 1
1.743562 0.741867 0
0.876280 0.341211 0
1.801468 1.512719 1
1.973151 1.117402 1
1.762903 0.555785 0
1.495018 0.949553 0
0.062398 1.211873 1
1.425162 1.985241 1
1.435991 0.453207 0
0.691398 0.330622 0
1.375749 1.243103 1
1.771480 1.447997 1
0.841416 0.374786 0
1.924363 2.012291 1
0.246639 1.131338 1
0.197744 1.252119 1
1.002301 0.327398 0
1.845531 0.820029 0
1.893541 1.695450 1
1.667609 0.799103 0
0.516109 0.926917 0
0.697454 0.679173 0
1.180713 1.460983 1
0.651323 1.952015 1
0.333372 0.208588 0
0.407927 0.535110 0
1.989994 0.535719 0
0.246282 1.753153 1
0.363490 0.506753 0
1.018803 0.703942 0
1.666766 1.279117 1
0.904951 0.435303 0
1.523522 1.437178 1
0.490216 1.017945 1
0.401656 1.797878 1
0.031632 0.185638 0
1.392503 1.172059 1
0.312379 0.279130 0
1.019920 0.036112 0
1.820530 1.931866 1
1.041798 0.298597 0
1.685518 1.369791 1
0.602165 1.848065 1
1.716928 1.784878 1
0.764307 1.804075 1
0.065879 0.362483 0
0.128740 1.373632 1
1.357107 1.980620 1
0.957561 0.145521 0
1.953805 1.979192 1
0.168167 0.208210 0
1.043582 1.926988 1
0.039530 0.465509 0
0.401801 0.450964 0
1.046679 0.768459 0
1.575899 1.301941 1
1.932501 1.461777 1
1.560284 1.972121 1
0.195388 0.871741 0
0.931455 0.995799 0
0.076658 0.169431 0
1.819648 0.878548 0
1.752947 1.691993 1
0.095175 1.288069 1
1.744543 0.508322 0
1.862298 1.372357 1
0.283944 1.006074 0
1.737674 0.871425 0
0.581611 0.678733 0
0.108260 1.481584 1
1.643286 0.419849 0
1.314437 1.307204 1
0.261436 1.724063 1
0.505897 0.980468 0
1.055421 0.790405 0
0.088006 0.682627 0
0.104522 1.509817 1
1.988521 0.143443 0
1.711400 1.518539 1
0.049422 0.993190 0
0.663796 0.713891 0
1.474047 0.782501 0
0.237738 1.194539 1
1.154765 1.633185 1
1.170073 0.808284 0
1.724732 1.982360 1
0.538628 0.374679 0
0.936618 1.704579 1
0.439205 1.631019 1
0.183446 0.811858 0
0.321730 1.787302 1
1.987332 1.093063 1
0.294013 1.243358 1
0.067069 0.604147 0
0.056150 0.560412 0
0.288669 1.613259 1
0.184229 0.501959 0
0.951010 1.896395 1
0.666695 1.129317 1
0.291976 0.409166 0
1.333517 0.577392 0
1.963950 1.443973 1
0.635861 0.701227 0
0.597828 1.502843 1
0.180290 0.584032 0
0.591920 0.676648 0
1.656987 1.198239 1
1.780891 1.427073 1
1.683660 0.544971 0
0.004242 2.002052 1
0.150435 0.916665 0
0.571105 0.378928 0
1.214528 1.038134 1
1.906553 1.426025 1
0.706698 1.935159 1
1.652602 0.455738 0
0.727287 1.943816 1
0.029328 1.249758 1
1.685205 1.659296 1
0.456176 1.700374 1
1.854703 0.257875 0
0.417695 1.133363 1
1.676918 0.652405 0
1.321667 1.496984 1
1.653320 1.762000 1
1.354649 0.387019 0
1.898260 0.862330 0
0.893601 1.695776 1
1.252235 0.790870 0
1.437676 0.122099 0
1.061194 1.013355 1
0.877545 0.549176 0
1.284453 0.976223 0
0.283479 1.139168 1
1.351906 1.393129 1
0.424176 1.932260 1
1.715904 0.108542 0
0.185033 1.194888 1
0.700977 0.592466 0
1.234289 1.728313 1
1.475883 0.108030 0
0.227738 0.671310 0
0.174050 0.449075 0
0.521610 0.158082 0
1.255155 1.132165 1
1.873225 1.144910 1
0.752518 0.379647 0
0.011956 1.817513 1
0.084131 1.638994 1
1.080363 0.406159 0
1.488078 1.716629 1
1.918355 1.392310 1
1.252978 1.801256 1
0.605829 0.515259 0
1.821600 1.323194 1
0.664521 0.543611 0
0.865422 1.721527 1
0.758000 1.461879 1
1.573600 1.289929 1
0.459802 1.197620 1
0.590345 0.121901 0
0.245387 1.079899 1
0.470780 1.895895 1
1.739505 0.294119 0
1.223236 1.484623 1
0.193208 -0.006604 0
0.279485 -0.012180 0
1.609248 1.479412 1
0.418772 0.259546 0
0.329442 0.679705 0
1.654308 1.163105 1
0.709575 0.456432 0
0.928098 1.267799 1
1.775588 1.520757 1
0.562900 0.343738 0
1.401985 2.004337 1
1.584367 0.109204 0
0.318781 0.674183 0
0.124647 1.146486 1
1.249471 1.841522 1
0.685308 1.714409 1
1.965597 1.966393 1
1.600320 0.895620 0
0.250907 0.721378 0
0.500805 1.910379 1
0.013419 1.575654 1
0.768304 0.046963 0
1.568118 1.361833 1
1.032988 1.447188 1
1.155370 1.057377 1
0.349274 1.883072 1
1.600401 1.897343 1
1.073529 1.974657 1
0.340706 1.208613 1
0.791170 1.407854 1
1.106907 0.979747 1
1.570885 0.318247 0
1.061696 1.701541 1
0.238732 -0.032559 0
1.031591 1.051206 1
1.071311 0.191227 0
1.152069 0.406708 0
1.355684 1.584270 1
0.290157 1.090638 1
0.959663 1.238922 1
1.887671 1.913914 1
1.830339 0.727665 0
0.016547 1.522477 1
1.152878 0.182583 0
0.510705 1.879681 1
0.865638 1.247223 1
1.124275 1.535041 1
1.447991 0.320206 0
1.895315 0.806864 0
1.249009 1.536605 1
0.123450 1.375381 1
1.457018 1.243516 1
0.108208 0.339963 0
0.782399 0.109406 0
1.127202 1.964446 1
0.571505 1.134552 1
1.827569 0.763852 0
0.144615 0.395969 0
0.990484 1.225299 1
1.128022 1.204965 1
1.012066 0.077922 0
0.811301 0.124966 0
1.509906 1.193195 1
0.501182 1.378392 1
0.380662 0.136970 0
1.181684 0.253398 0
1.632080 1.391969 1
0.768950 0.064972 0
1.581941 1.243252 1
0.137114 1.108308 1
1.602567 1.902125 1
0.562262 1.289726 1
0.045835 1.667037 1
1.301591 0.982432 0
1.071624 0.063267 0
0.463828 0.573375 0
0.839081 0.218736 0
1.590087 0.453879 0
0.618415 0.606105 0
0.282255 1.385149 1
1.081842 0.072385 0
0.952708 1.050773 1
0.747899 1.064368 1
1.372912 1.650592 1
0.361058 0.332859 0
0.261995 0.728405 0
0.260154 0.973267 0
1.209261 1.125047 1
0.458010 0.716014 0
1.531644 0.297806 0
0.448153 0.452635 0
0.254556 1.399004 1
0.950143 0.572757 0
1.892049 0.924217 0
0.381502 0.038503 0
0.140265 0.620500 0
1.563940 1.717628 1
1.713886 1.114666 1
1.494363 0.992864 0
1.839211 1.326875 1
0.270850 1.095529 1
1.222523 1.562946 1
0.095545 0.138139 0
0.200356 0.834317 0
0.454689 0.958444 0
1.115190 0.297075 0
1.176651 0.815842 0
0.173537 1.511591 1
1.695889 0.096271 0
0.565316 0.840041 0
1.456122 1.830766 1
0.890803 1.167453 1
1.540844 1.178574 1
0.802468 0.931511 0
1.079016 1.152482 1
1.812755 1.896221 1
0.124596 0.026845 0
0.337324 0.250844 0
0.786024 0.077717 0
1.986592 1.721723 1
1.451906 1.135384 1
1.134456 0.312620 0
0.613302 0.687315 0
1.344335 1.520704 1
0.569220 1.077853 1
1.366645 1.259316 1
0.977351 1.596292 1
0.366709 0.421640 0
1.227776 0.946770 0
1.572569 0.626476 0
0.443944 1.999454 1
1.242475 0.153880 0
0.192884 1.369487 1
1.648491 1.445827 1
1.040232 1.747092 1
1.330475 1.340989 1
0.641100 0.235659 0
1.141799 1.298703 1
0.242770 0.899991 0
1.569888 0.417244 0
0.276167 1.600465 1
0.031057 1.239241 1
1.984569 0.501456 0
1.967966 1.611101 1
0.009336 1.901161 1
0.462580 1.744160 1
0.294076 0.842605 0
0.652543 1.846731 1
0.154449 1.669008 1
0.871261 1.324332 1
1.747769 1.483894 1
1.256650 1.465638 1
1.017982 0.603184 0
1.310396 0.971570 0
1.428862 0.876218 0
1.602452 1.448556 1
0.005105 1.016865 1
0.541450 1.252552 1
1.175530 0.554676 0
0.691556 0.936892 0
0.991275 0.781752 0
0.827908 0.486321 0
1.929262 0.671998 0
1.771281 0.008306 0
0.045001 0.694403 0
0.264272 1.555233 1
1.250175 1.469196 1
0.281948 0.055685 0
1.934624 0.214774 0
0.384551 0.146063 0
1.164288 0.997829 0
0.693846 1.627749 1
1.497073 1.951032 1
0.199424 1.062727 1
0.052691 0.887026 0
0.601427 1.173985 1
1.627874 0.377764 0
0.888852 1.952016 1
1.312756 1.083897 1
1.161587 0.375296 0
1.088333 0.362413 0
0.779183 1.081829 1
0.490094 0.466468 0
1.764931 0.767690 0
0.367142 1.970995 1
1.229224 0.152475 0
0.740076 1.712816 1
1.626013 -0.022266 0
1.716121 1.405256 1
1.294657 1.510858 1
0.356308 0.671827 0
0.858574 0.283016 0
1.355510 0.540699 0
1.602523 1.648447 1
1.901791 0.924596 0
1.771025 1.358244 1
1.765936 1.014873 1
1.731397 1.541571 1
1.361813 0.928745 0
1.136702 0.738302 0
1.146927 -0.024960 0
0.179102 0.620114 0
1.817468 1.813517 1
0.539069 0.763377 0
0.598565 1.590574 1
