0.662401 1.086783 1
0.277536 1.167383 1
1.360571 1.834535 1
0.833339 0.395540 0
0.080999 1.001186 1
1.370066 0.164783 0
1.635113 0.396485 0
0.231159 0.172767 0
1.357745 0.759511 0
1.802322 1.217660 1
0.992484 1.319167 1
0.044062 0.128139 0
0.226804 1.607840 1
1.263893 1.781808 1
0.571633 1.856550 1
1.624819 0.888916 0
1.064556 0.456213 0
0.346690 2.059484 1
0.563107 0.753580 0
1.254657 1.617408 1
0.091892 0.208766 0
1.452483 0.073052 0
1.891625 0.557430 0
0.042238 1.704907 1
0.309806 0.442871 0
0.277146 0.975259 0
0.829078 0.229812 0
1.430518 1.484502 1
0.484598 0.676665 0
1.790151 0.890245 0
1.694225 2.012841 1
0.031166 0.358745 0
0.323748 0.153581 0
0.349525 0.354581 0
0.943105 1.835640 1
1.946266 0.796352 0
0.593119 1.320711 1
0.414497 1.654161 1
1.722874 0.397647 0
0.290749 0.311670 0
0.804185 0.781864 0
1.797507 1.398408 1
0.784071 0.901075 0
1.395571 1.607941 1
1.694285 1.316102 1
0.869505 1.954259 1
0.439078 0.688347 0
1.409764 1.669689 1
0.252273 0.607338 0
1.255656 1.487026 1
1.051701 1.566752 1
1.455223 1.053173 1
0.714727 1.998371 1
0.761170 1.022203 1
0.346138 1.274283 1
1.056149 1.634961 1
0.879973 1.461613 1
1.222007 0.550513 0
0.940465 1.510116 1
0.076222 1.233013 1
1.845446 0.223238 0
0.781987 1.658719 1
1.761153 0.238047 0
1.368563 0.221527 0
0.164230 1.378320 1
1.487781 0.833823 0
0.732333 0.572269 0
1.124910 1.159872 1
0.597379 0.320928 0
0.586149 1.446915 1
1.719887 0.629358 0
1.330324 0.980809 0
0.854841 1.196605 1
1.535334 1.803497 1
1.129489 0.544141 0
0.878046 0.781910 0
1.915923 1.201765 1
1.592534 1.213470 1
0.369625 1.673953 1
0.101895 1.115036 1
1.028482 1.483106 1
1.150140 0.444549 0
1.869378 1.408255 1
0.042774 0.933608 0
0.141412 1.239921 1
0.041968 1.562926 1
1.812051 1.789572 1
1.889333 1.395043 1
1.995773 1.928337 1
0.478358 0.568496 0
0.877270 1.784521 1
0.828823 0.286877 0
1.498547 0.171786 0
0.300114 1.083407 1
0.157772 0.593066 0
0.342455 0.282289 0
0.816030 0.670942 0
0.578053 1.776413 1
1.259927 1.838732 1
0.791624 1.573108 1
1.879171 1.855881 1
0.411197 1.284148 1
0.869594 0.974062 1
1.240622 1.846797 1
0.665355 0.228192 0
0.098127 1.032309 0
0.358680 0.789431 0
1.724461 1.198693 1
0.672054 1.362726 1
1.906051 1.725350 1
0.834531 0.977979 0
0.230700 1.086853 1
0.571372 1.218722 1
0.088730 0.295215 0
0.563437 1.161766 1
1.999671 0.130065 0
0.923126 1.742274 1
1.853733 1.489882 1
1.369325 0.280387 0
0.574344 0.377798 0
0.997688 1.227452 1
1.978855 0.756423 0
0.264734 1.617234 1
1.882344 1.649276 1
0.950111 1.247639 1
1.847413 0.320073 0
1.472576 0.865103 0
1.264407 1.059806 1
1.962762 0.261905 0
1.609300 0.606222 0
0.450555 1.611447 1
0.570401 0.769396 0
1.116997 1.691452 1
1.159025 1.148779 1
1.447654 0.165955 0
0.193529 0.157523 0
1.123230 0.418785 0
0.910185 1.807721 1
1.434229 0.096049 0
1.169349 0.788344 0
0.552354 1.679168 1
0.344116 1.373328 1
1.859074 0.012709 0
1.249498 0.763487 0
0.511105 0.534684 0
1.230510 0.922296 0
0.674450 1.895428 1
0.232305 1.106117 1
1.784792 0.700589 0
0.175887 0.185616 0
1.049895 0.170951 0
1.984064 1.422977 1
1.720460 1.323996 1
0.039010 1.492412 1
0.721934 1.756368 1
0.753076 0.177567 0
1.236303 0.087961 0
0.949987 1.978887 1
1.244384 1.827612 1
0.729083 0.391957 0
1.141217 1.096176 1
0.872976 1.797639 1
0.820042 1.520835 1
0.608898 1.601258 1
1.761125 0.847648 0
0.841281 0.215682 0
1.282219 1.924169 1
1.844215 0.345167 0
0.967048 1.291685 1
1.218042 0.428394 0
1.951108 1.367623 1
1.570615 1.864193 1
0.961742 1.281528 1
1.504045 1.891293 1
1.816940 1.040695 1
0.133750 0.639291 0
0.930408 0.336262 0
1.438969 1.124587 1
1.735428 0.331007 0
1.568696 1.234636 1
1.542517 1.355045 1
0.331375 1.144745 1
0.559035 1.737766 1
1.315059 0.422956 0
0.489048 0.901501 0
0.757342 0.071225 0
1.860262 0.867409 0
0.080489 1.509012 1
0.126757 0.848099 0
1.957267 0.785607 0
1.367287 1.499787 1
0.132707 1.431124 1
1.740391 0.569020 0
1.161998 0.738337 0
0.878781 1.775714 1
1.696080 1.301654 1
0.715439 0.125391 0
1.491509 0.036751 0
1.274396 1.347720 1
0.129851 0.158992 0
0.789881 0.422962 0
1.891454 1.315706 1
0.856468 1.031349 1
1.289395 0.990264 0
0.115752 1.085824 1
0.725753 0.729511 0
0.760166 1.575878 1
1.461885 0.658805 0
1.764786 0.641710 0
1.358348 0.881193 0
1.872008 1.503984 1
1.359654 1.743617 1
1.907018 1.935221 1
1.785795 1.712229 1
1.952754 0.506038 0
0.565144 0.718829 0
1.401868 0.958811 0
1.213455 0.833831 0
1.883285 1.666201 1
1.825271 1.134499 1
0.926549 0.936361 0
1.838962 1.180188 1
0.685400 0.622383 0
1.874690 0.647810 0
0.881992 0.792360 0
0.893820 1.468226 1
1.128011 0.371044 0
0.463942 1.621672 1
1.054816 1.842344 1
0.566769 1.749358 1
0.597396 0.386444 0
1.869895 0.532094 0
0.916159 0.370073 0
0.301995 0.203235 0
1.050418 0.223883 0
0.486765 0.980223 0
1.043189 1.521033 1
0.690839 1.320740 1
1.688329 0.114329 0
0.013338 1.685215 1
1.402571 1.523648 1
0.616549 0.424304 0
1.281670 0.500346 0
0.878401 0.243908 0
1.358711 0.716270 0
0.026424 0.818174 0
0.841398 1.116626 1
1.336080 1.364619 1
1.731110 1.081333 1
0.271499 0.510266 0
1.066787 0.918723 0
1.791769 1.455474 1
0.388513 1.673476 1
0.388786 1.322381 1
0.317172 1.580308 1
0.477111 1.827663 1
0.220239 0.196044 0
0.986031 0.811729 0
0.662010 1.351126 1
1.467445 0.164332 0
0.027851 1.569585 1
1.625822 0.076540 0
0.697021 1.976207 1
0.767447 1.846457 1
0.203349 0.008192 0
1.444050 1.345179 1
0.705689 1.604557 1
1.928378 1.164625 1
0.266843 0.403414 0
0.904068 0.682735 0
0.556187 0.269116 0
0.851670 0.295982 0
0.083646 2.033409 1
1.943139 1.301368 1
0.716402 0.588296 0
1.240760 1.124320 1
1.152875 1.092411 1
0.564222 1.374658 1
0.586953 0.931162 0
0.151122 1.938859 1
1.918848 1.831396 1
0.496753 1.009822 1
1.559249 1.837055 1
1.705892 0.464949 0
0.120965 1.899092 1
0.742686 1.221436 1
1.772891 1.081900 1
0.782630 1.942629 1
0.542165 0.057401 0
0.660599 0.640599 0
0.647181 0.811515 0
1.102919 1.312471 1
1.655169 1.054914 1
0.210144 -0.011620 0
0.091894 0.300279 0
0.126970 1.801007 1
1.961279 1.059802 1
0.134290 1.909817 1
0.066807 0.277879 0
0.982533 0.857800 0
0.398712 1.462176 1
1.493389 1.815268 1
1.669863 0.371942 0
0.522492 0.252474 0
1.820177 1.411283 1
0.491262 1.312722 1
0.957763 0.822061 0
0.885040 0.365253 0
0.116538 0.373065 0
1.051543 1.879590 1
0.103439 0.558056 0
1.736271 0.128520 0
0.182076 1.696147 1
0.237618 0.892952 0
0.262765 1.022530 0
1.137130 1.065065 1
0.504191 1.834846 1
1.459128 0.999425 0
0.154358 1.479600 1
0.479487 1.544568 1
0.445562 0.105049 0
0.240732 1.345518 1
0.123441 1.161393 1
0.411184 1.568255 1
0.129578 0.904917 0
0.643377 0.037664 0
0.852535 0.393669 0
0.774614 1.279212 1
1.351806 1.435263 1
1.532786 1.981125 1
1.930591 1.003242 0
1.498478 0.154669 0
0.945870 1.810574 1
1.407623 1.567745 1
0.968700 0.532543 0
1.853011 0.500270 0
1.118686 1.741878 1
0.435387 1.703872 1
1.421639 0.305625 0
0.051675 0.856867 0
0.448857 1.252177 1
0.483285 1.075822 1
0.658757 1.987065 1
1.020288 0.276695 0
1.908669 0.404484 0
0.143515 1.371428 1
1.949943 1.656536 1
0.976312 0.278152 0
1.410288 1.354504 1
1.119194 0.101172 0
0.237187 -0.020296 0
0.176731 0.368320 0
0.343254 0.519269 0
1.153028 0.365189 0
0.882388 0.463535 0
0.272670 1.681515 1
1.737664 2.031813 1
0.633633 0.496713 0
0.082049 0.672358 0
0.462451 0.745267 0
1.309873 1.758668 1
1.220143 0.296390 0
1.127904 0.854461 0
1.929318 1.136402 1
0.187448 0.080990 0
1.619163 0.507413 0
0.023455 1.183325 1
1.874690 1.566307 1
0.296904 1.431039 1
0.373239 -0.024306 0
0.836555 0.720863 0
1.584011 1.476378 1
0.601601 0.072578 0
0.598412 1.028029 1
1.192061 1.664116 1
0.534106 0.572580 0
1.579754 1.477084 1
1.368892 0.969779 0
0.147482 0.704708 0
1.237624 1.244194 1
1.524262 1.847632 1
0.406100 0.083123 0
1.070392 0.901279 0
1.325813 1.204511 1
0.459089 0.062085 0
1.126172 1.922060 1
0.587964 1.228651 1
1.493010 0.788366 0
0.336877 0.209216 0
1.268327 1.620256 1
0.517053 0.403382 0
1.781613 1.715600 1
1.262640 1.502595 1
1.802199 0.374399 0
0.440786 1.086355 1
1.330350 0.134320 0
1.853881 0.289124 0
1.803049 1.050577 0
1.438676 0.137802 0
1.219552 1.029985 1
1.484658 1.862837 1
1.924477 0.938619 0
0.562581 1.141027 1
0.248906 1.615593 1
1.080178 0.694189 0
1.195832 1.915325 1
0.915044 1.545933 1
1.691507 -0.006624 0
1.569610 1.676330 1
1.369053 0.467377 0
0.254442 1.580366 1
1.257695 1.618600 1
1.024216 0.485269 0
1.386018 0.089562 0
1.372405 1.418903 1
1.701002 0.553858 0
0.829964 0.211235 0
0.391381 0.758169 0
0.977328 1.751303 1
1.398545 0.404946 0
1.158360 1.121038 1
1.739874 1.378760 1
0.525280 1.838085 1
0.966506 1.155208 1
1.129944 0.193984 0
0.984792 0.783075 0
0.683743 0.872894 0
0.559398 1.994344 1
0.529398 0.496169 0
1.055984 1.199451 1
0.050437 0.456932 0
0.043514 1.919096 1
1.304983 0.476644 0
1.131661 1.793931 1
1.312710 1.084257 1
0.013154 0.652709 0
1.920481 0.494306 0
0.139534 1.634014 1
0.713378 0.575479 0
0.788883 1.491166 1
0.023076 0.086818 0
0.701418 1.692020 1
1.741145 1.217126 1
0.214885 1.305713 1
0.179989 1.691048 1
1.506968 1.509573 1
0.216555 0.085023 0
1.878750 0.103037 0
0.624040 1.027932 1
1.482171 0.795354 0
1.060524 0.640948 0
1.918982 0.166985 0
1.685071 0.100993 0
1.261842 1.593557 1
1.507513 0.477781 0
1.095338 1.082760 1
0.604674 0.207779 0
0.857412 0.609361 0
1.225433 1.438259 1
1.795109 1.681824 1
0.250358 2.016888 1
1.897637 1.201757 1
1.048747 1.921801 1
1.424587 0.445412 0
1.473533 1.559619 1
1.140074 0.788912 0
1.752664 0.119884 0
0.048012 0.744596 0
1.292140 0.499543 0
1.353711 1.928868 1
1.743311 0.545614 0
0.404233 0.545036 0
1.539028 0.241101 0
0.347520 1.385945 1
1.351464 0.996383 0
1.210564 0.594943 0
0.153988 1.801995 1
0.320199 1.185986 1
0.908409 0.305889 0
0.718129 0.854269 0
1.543796 0.760729 0
0.714740 0.474217 0
1.797387 0.425657 0
0.866535 0.092714 0
0.772193 1.867601 1
1.790897 1.934709 1
1.097369 0.804529 0
1.487156 1.359555 1
1.230236 0.500698 0
0.572557 0.119157 0
1.503871 1.922493 1
1.741693 0.807983 0
1.906209 1.551378 1
1.550456 0.759551 0
1.293380 1.695139 1
1.962945 0.404047 0
1.598277 1.981239 1
0.076877 0.822347 0
1.820728 1.733858 1
1.447078 1.903118 1
1.497382 1.253265 1
1.507508 0.263490 0
1.514396 0.630621 0
0.598439 0.610243 0
0.569084 0.256633 0
0.989962 0.943333 0
1.781816 0.217164 0
1.869046 0.024770 0
0.881027 0.277108 0
1.398844 1.810825 1
1.785274 0.602318 0
1.961333 0.863718 0
1.023097 0.768740 0
0.108453 1.415825 1
0.823336 1.552075 1
0.615427 0.715985 0
1.528784 0.789294 0
1.346311 1.790922 1
1.960518 0.287653 0
1.704702 0.505828 0
1.685217 0.613176 0
1.663978 1.968216 1
1.552790 1.783884 1
0.303716 0.970434 0
1.157221 1.844040 1
1.259108 1.687106 1
1.919721 1.525083 1
1.861967 0.638671 0
0.378955 1.062415 1
1.172306 1.841092 1
0.847066 1.595978 1
1.905321 0.786681 0
0.369994 0.815476 0
1.289835 0.083747 0
1.169626 0.856915 0
1.715485 0.193280 0
0.015790 1.097607 1
1.014224 0.542540 0
1.080759 0.360186 0
0.416606 0.384090 0
1.749300 0.354821 0
1.059113 1.925945 1
0.817498 0.612820 0
0.231770 1.899138 1
1.028444 0.465856 0
0.783809 1.761439 1
1.125552 0.779358 0
0.103216 0.687278 0
1.115243 0.751484 0
0.689445 0.532023 0
1.715969 1.643527 1
0.832628 1.016660 0
0.458235 0.537393 0
0.768339 1.857256 1
0.077037 0.526922 0
1.989307 0.150573 0
1.837757 0.760916 0
0.410507 1.253721 1
1.733528 0.937777 0
1.526624 1.313189 1
1.689072 0.706366 0
0.758839 0.443018 0
0.754890 1.425253 1
1.601685 0.171587 0
1.798025 1.029142 1
1.494377 0.551721 0
0.162469 0.234588 0
0.301169 0.987088 1
0.635814 1.783151 1
1.229063 1.410273 1
1.929481 0.692554 0
0.282345 0.977335 1
0.318420 1.056538 1
1.679250 1.923164 1
0.287958 0.958117 0
0.437637 0.781098 0
0.659302 0.245934 0
1.564809 0.565461 0
0.922574 0.785720 0
0.828554 0.909496 0
1.544355 1.156082 1
1.924038 1.113007 1
1.013182 0.306631 0
1.558439 0.044521 0
1.851997 0.848008 0
0.225303 0.271732 0
0.373622 1.576130 1
1.187615 0.579213 0
0.553993 0.081089 0
0.414544 0.709229 0
1.134074 1.783615 1
1.645231 0.038135 0
0.493371 1.269030 1
1.471296 1.878180 1
1.458966 0.990528 1
1.316969 1.217740 1
1.239933 1.119653 1
0.296313 0.679493 0
1.580632 1.154330 1
1.185059 0.263985 0
1.637448 0.443724 0
0.864224 1.422576 1
0.321152 0.927912 0
1.497216 1.227031 1
1.001094 0.787403 0
1.699946 1.910863 1
0.111422 1.244377 1
0.286596 1.647402 1
0.827211 0.689821 0
0.297902 1.537593 1
0.466557 0.299721 0
0.854249 0.798184 0
1.001591 1.054238 1
1.977136 0.470903 0
0.056755 1.359465 1
1.452239 0.718468 0
1.981218 0.570935 0
0.077182 0.613885 0
1.812416 0.538151 0
0.172045 1.135228 1
0.764479 0.704053 0
0.703027 1.418049 1
0.912748 1.424323 1
1.708180 1.740116 1
0.330546 0.084488 0
0.446902 0.708767 0
0.868543 -0.020085 0
1.754222 1.467026 1
0.248081 1.699911 1
1.252845 1.064871 1
1.543562 0.725935 0
0.676152 0.348841 0
0.001401 1.528220 1
0.173140 1.108012 1
1.562888 0.565171 0
1.295085 0.938189 0
0.262393 1.205816 1
1.625094 1.980082 1
1.235994 0.458423 0
0.491394 0.347799 0
1.575651 1.225019 1
1.971463 1.431999 1
0.641341 0.364191 0
0.124423 2.022264 1
0.446668 1.146966 1
0.397781 1.260901 1
0.802460 0.337631 0
1.645526 0.824627 0
0.093498 1.710865 1
1.467781 0.803282 0
0.316039 0.937483 0
0.497333 0.682566 0
1.380759 1.444251 1
0.851401 1.933598 1
0.133398 0.205219 0
0.208011 0.533213 0
1.790017 0.541400 0
0.446386 1.751004 1
0.163589 0.525275 0
0.818868 0.712859 0
1.866773 1.294855 1
0.704949 0.419673 0
1.723734 1.439821 1
0.690201 1.016228 1
0.601603 1.805934 1
1.831624 0.176309 0
1.592421 1.154062 1
0.112380 0.299058 0
0.820032 0.016400 0
0.020538 1.940082 1
0.841851 0.305735 0
1.885525 1.388879 1
0.802109 1.862522 1
1.916851 1.787855 1
0.964194 1.807053 1
1.865867 0.367466 0
0.328843 1.388043 1
1.557167 1.986970 1
0.757570 0.158170 0
0.153799 1.992577 1
1.968103 0.196441 0
1.243609 1.940613 1
1.839534 0.480185 0
0.201832 0.468160 0
0.846717 0.763456 0
1.775851 1.319520 1
0.132486 1.457222 1
1.760182 1.977138 1
1.995417 0.876772 0
0.731556 1.002611 0
1.876647 0.151970 0
1.619744 0.865793 0
1.952888 1.682582 1
0.295180 1.304686 1
1.544526 0.508398 0
0.062309 1.356749 1
0.083916 1.024571 0
1.537632 0.854969 0
0.381755 0.690425 0
0.308238 1.484210 1
1.443119 0.439496 0
1.514484 1.316056 1
0.461373 1.740640 1
0.305815 0.989480 0
0.855426 0.800165 0
1.888009 0.663817 0
0.304530 1.507236 1
1.788469 0.134155 0
1.911423 1.511598 1
1.849430 1.003367 0
0.463714 0.721735 0
1.273833 0.773438 0
0.437718 1.198817 1
1.354804 1.646384 1
0.970137 0.791513 0
1.924667 1.989692 1
0.338696 0.377311 0
1.136466 1.696159 1
0.639274 1.627204 1
1.983447 0.818197 0
0.521731 1.778440 1
0.187328 1.111216 1
0.493987 1.225319 1
1.867043 0.615820 0
1.856170 0.554467 0
0.488523 1.602902 1
1.984154 0.520303 0
1.151020 1.909061 1
0.866575 1.118308 1
0.092032 0.420577 0
1.133613 0.559452 0
0.163811 1.446308 1
0.435866 0.685581 0
0.797894 1.484008 1
1.980305 0.569875 0
0.391994 0.686353 0
1.856981 1.215223 1
1.980870 1.430318 1
1.483784 0.525651 0
0.204149 2.005079 1
1.950407 0.902076 0
0.370992 0.380812 0
1.414587 1.045173 1
0.106607 1.430688 1
0.906685 1.944406 1
1.452463 0.455643 0
0.927193 1.942033 1
0.229397 1.260735 1
1.885208 1.650804 1
0.656233 1.693923 1
1.654808 0.276289 0
0.617667 1.117985 1
1.476864 0.648245 0
1.521618 1.509265 1
1.853247 1.764469 1
1.154578 0.376263 0
1.698282 0.855188 0
1.093675 1.707282 1
1.052196 0.788587 0
1.237857 0.133638 0
1.261174 1.002252 1
0.677699 0.536035 0
1.084479 0.989929 0
0.483422 1.125472 1
1.551762 1.405679 1
0.624252 1.932867 1
1.515814 0.111634 0
0.385043 1.199065 1
0.500900 0.603920 0
1.434219 1.713164 1
1.275876 0.104817 0
0.027770 0.651400 0
1.974000 0.460391 0
0.321660 0.173655 0
1.455086 1.129980 1
0.073315 1.148279 1
0.552600 0.374712 0
0.211850 1.820096 1
0.284066 1.656919 1
0.880382 0.411291 0
1.688319 1.729704 1
0.118359 1.397180 1
1.452942 1.820657 1
0.405897 0.519348 0
0.021650 1.341358 1
0.464542 0.544073 0
1.065587 1.708267 1
0.957941 1.469588 1
1.773574 1.309772 1
0.659705 1.198147 1
0.390300 0.135126 0
0.445439 1.070234 1
0.670879 1.908678 1
1.539335 0.308087 0
1.423269 1.467224 1
1.993355 -0.023486 0
0.079298 -0.022846 0
1.809291 1.473468 1
0.218731 0.272585 0
0.129368 0.697079 0
1.854302 1.178070 1
0.509628 0.449336 0
1.128045 1.273939 1
1.975533 1.520690 1
0.362808 0.340571 0
1.601995 2.019706 1
1.384445 0.093011 0
0.118787 0.691523 0
0.324638 1.146269 1
1.449558 1.842425 1
0.885409 1.711206 1
0.165518 1.955466 1
1.400262 0.880430 0
0.050929 0.739150 0
0.700768 1.921610 1
0.213505 1.585747 1
0.568350 0.029182 0
1.768149 1.347262 1
1.233123 1.440324 1
1.355344 1.073802 1
0.549281 1.897419 1
1.800401 1.905255 1
1.273711 1.971357 1
0.540790 1.208285 1
0.991078 1.389964 1
1.306878 0.968567 1
1.370893 0.319728 0
1.261700 1.703312 1
0.038770 -0.047592 0
1.231627 1.031244 1
0.871253 0.208011 0
0.952008 0.401958 0
1.555584 1.599075 1
0.490050 1.096410 1
1.159623 1.244589 1
0.087681 1.916762 1
1.630389 0.742083 0
0.216545 1.540220 1
0.952918 0.167428 0
0.710651 1.877353 1
1.065630 1.235150 1
1.324290 1.540985 1
1.247932 0.325491 0
1.695318 0.790070 0
1.448996 1.547250 1
0.323598 1.371600 1
1.657047 1.226838 1
1.908159 0.329276 0
0.582342 0.128487 0
1.326964 1.965388 1
0.771633 1.131082 1
1.627522 0.750008 0
1.944648 0.378083 0
1.190423 1.239497 1
1.327899 1.221956 1
0.812206 0.089532 0
0.611227 0.109058 0
1.710036 1.190670 1
0.701127 1.397510 1
0.180675 0.130753 0
0.981659 0.269623 0
1.832063 1.379478 1
0.568981 0.056055 0
1.781903 1.248538 1
0.337062 1.114125 1
1.802463 1.895193 1
0.762180 1.277892 1
0.245875 1.656719 1
1.101530 0.984862 0
0.871535 0.072658 0
0.263715 0.570312 0
0.639064 0.235766 0
1.390073 0.463854 0
0.418452 0.586300 0
0.482140 1.375861 1
0.881615 0.060745 0
1.152724 1.031898 1
0.948017 1.059695 1
1.572874 1.631678 1
0.161035 0.342410 0
0.061977 0.714723 0
0.060185 0.965892 0
1.409377 1.132980 1
0.258149 0.704286 0
1.331769 0.292379 0
0.248195 0.465721 0
0.454612 1.396161 1
0.750008 0.572024 0
1.692128 0.917105 0
0.181662 0.036575 0
1.940296 0.601248 0
1.764046 1.728443 1
1.913958 1.121741 1
1.294448 1.009944 0
0.039161 1.336562 1
0.470805 1.091288 1
1.422519 1.550668 1
1.895544 0.133505 0
0.000351 0.817089 0
0.254827 0.941566 0
0.915142 0.303341 0
0.976651 0.804649 0
0.373521 1.504849 1
1.495877 0.085396 0
0.365343 0.843183 0
1.656045 1.827922 1
1.090915 1.183837 1
1.740839 1.166640 1
0.602300 0.943580 0
1.278994 1.153515 1
0.012863 1.881621 1
1.924551 0.007050 0
0.137318 0.238060 0
0.585966 0.094116 0
0.186522 1.716283 1
1.651894 1.131831 1
0.934386 0.302405 0
0.413338 0.695563 0
1.544279 1.519526 1
0.769219 1.094980 1
1.566591 1.247916 1
1.177585 1.616302 1
0.166779 0.409296 0
1.027825 0.953040 0
1.372731 0.613425 0
0.644007 2.000080 1
1.042507 0.155763 0
0.392805 1.365921 1
1.848469 1.453263 1
1.240311 1.751955 1
1.530434 1.355845 1
0.441201 0.222504 0
1.341768 1.315256 1
0.042760 0.905845 0
1.369947 0.419125 0
0.476095 1.589548 1
0.231084 1.229619 1
1.784601 0.503003 0
0.168007 1.592680 1
0.209233 1.886855 1
0.662570 1.750984 1
0.093969 0.853657 0
0.852565 1.841123 1
0.354524 1.680272 1
1.071281 1.335666 1
1.947776 1.483835 1
1.456576 1.465839 1
0.817899 0.607527 0
1.110276 0.983650 0
1.228800 0.891136 0
1.802475 1.466831 1
0.205127 1.017786 1
0.741501 1.249979 1
0.975746 0.557792 0
0.491596 0.954342 0
0.791406 0.776639 0
0.627972 0.497329 0
1.729190 0.673682 0
1.571283 0.002529 0
1.845097 0.692850 0
0.464245 1.553155 1
1.450159 1.474095 1
0.081869 0.041949 0
1.734691 0.199987 0
0.184533 0.157035 0
0.964316 0.999314 0
0.893748 1.615689 1
1.697053 1.964396 1
0.399424 1.063862 1
1.852680 0.896318 0
0.801438 1.155912 1
1.427773 0.384532 0
1.088741 1.965881 1
1.512632 1.078009 1
0.961476 0.357563 0
0.888344 0.377074 0
0.979148 1.096865 1
0.290033 0.448739 0
1.564809 0.751956 0
0.567202 1.958409 1
1.029500 0.164547 0
0.939893 1.732843 1
1.426245 -0.033119 0
1.916096 1.412770 1
1.494641 1.522363 1
0.156115 0.672060 0
0.658494 0.286885 0
1.155538 0.553230 0
1.802556 1.650886 1
1.701801 0.938858 0
1.971022 1.345971 1
1.965931 1.008930 1
1.931372 1.559162 1
1.161737 0.938332 0
0.936671 0.733115 0
0.946538 -0.039535 0
1.979085 0.612969 0
0.017415 1.821300 1
0.339225 0.775951 0
0.798564 1.609912 1
