0.939896 0.946213 1
0.558507 1.157588 1
1.640700 1.980784 1
0.555659 0.557483 0
0.360803 0.911632 1
1.091987 0.102531 0
1.360745 0.620796 0
1.945766 -0.051891 0
1.078876 0.768845 0
0.082215 1.267466 1
1.269805 1.292176 1
1.759710 0.176540 0
0.508903 1.618140 1
1.543106 1.883702 1
0.850238 1.872782 1
1.348729 0.763281 0
0.783444 0.583691 0
0.620051 2.284781 1
0.283369 0.642723 0
1.536737 1.400569 1
1.816181 0.289009 0
1.173299 0.265264 0
1.610065 0.597277 0
0.320152 1.806434 1
0.027607 0.553801 0
1.999515 1.179146 0
0.552290 0.276088 0
1.710771 1.534279 1
0.202480 0.518683 0
1.510792 1.028716 0
1.974142 2.120556 1
1.753180 0.430682 0
0.044933 0.248758 0
0.069086 0.560145 0
1.221123 1.919821 1
1.667963 0.601228 0
0.871771 1.161821 1
0.694662 1.692719 1
1.442680 0.542428 0
0.013403 0.313694 0
0.526556 0.679774 0
0.078197 1.516351 1
0.507441 0.729536 0
1.676418 1.393451 1
1.980072 1.276996 1
1.156253 2.138393 1
0.159505 0.677390 0
1.689420 1.585102 1
1.974812 0.825562 0
1.536181 1.516856 1
1.330150 1.716100 1
1.733490 1.229383 1
0.987389 2.024251 1
1.041878 0.882273 1
0.628362 1.347720 1
1.337224 1.466928 1
1.161250 1.378617 1
0.939961 0.473926 0
1.217805 1.658990 1
0.359711 1.344292 1
1.564784 -0.005252 0
1.062420 1.816494 1
1.481628 0.258081 0
1.089992 0.200617 0
0.440226 1.401228 1
1.208034 0.694852 0
0.450491 0.544216 0
1.405619 1.174166 1
0.317547 0.323222 0
0.866518 1.633766 1
1.441959 0.481079 0
1.049767 1.209164 0
1.130872 1.007005 1
1.814705 1.600010 1
0.853525 0.420144 0
0.596318 0.645639 0
0.193809 1.177573 1
1.869020 1.274850 1
0.651140 1.729863 1
0.384818 1.059048 1
1.305095 1.513164 1
0.869309 0.299850 0
0.149344 1.448018 1
1.763892 0.741604 0
0.418732 1.293801 1
0.317743 1.402967 1
0.091823 1.975565 1
0.168453 1.186977 1
0.280330 1.841202 1
0.196343 0.419388 0
1.159796 1.943873 1
0.552211 0.207989 0
1.215807 0.233068 0
0.581285 1.060824 1
1.876301 0.577864 0
0.061199 0.204028 0
0.536601 0.821444 0
0.856227 1.880379 1
1.538084 1.668177 1
1.073423 1.583383 1
0.159621 1.660579 1
0.691466 1.202795 1
1.148393 0.850482 1
1.521671 1.867434 1
0.380845 0.228673 0
1.815918 1.167441 0
0.081210 0.874200 0
0.004086 1.151361 1
0.954460 1.179381 1
0.184227 1.720894 1
0.554124 0.924226 0
0.509874 1.022066 1
0.849498 1.069642 1
1.810877 0.408754 0
0.843162 0.947544 1
1.719627 0.193890 0
1.202689 1.910473 1
0.134012 1.648949 1
1.089630 0.375986 0
0.295293 0.179896 0
1.276427 1.157870 1
1.699398 0.832013 0
0.542425 1.629731 1
0.163732 1.833792 1
1.238058 1.205472 1
1.568511 0.482940 0
1.194029 0.893312 0
1.542001 0.933977 1
1.680860 0.402226 0
1.326154 0.735015 0
0.730204 1.724202 1
0.291713 0.928687 0
1.396452 1.570976 1
1.437193 1.369422 1
1.169663 0.174283 0
1.912488 0.048346 0
0.846460 0.256530 0
1.189277 1.615966 1
1.156128 0.024048 0
0.885274 0.757485 0
0.832941 1.699427 1
0.623762 1.325748 1
1.588151 0.035761 0
0.971389 0.650372 0
0.228533 0.620009 0
0.949943 1.098238 0
0.955471 1.944942 1
0.511236 0.943312 1
1.505625 0.472896 0
1.895678 0.256739 0
0.765590 0.312328 0
0.262072 1.560624 1
0.002373 1.160515 1
0.317656 1.619173 1
1.000745 1.821280 1
0.476111 0.201096 0
0.967778 -0.009091 0
1.220544 2.024775 1
1.524850 1.767488 1
0.446926 0.237627 0
1.421710 1.280723 1
1.154902 1.771329 1
1.100347 1.372340 1
0.892131 1.776005 1
1.477215 0.620358 0
0.561328 0.174319 0
1.560424 1.712529 1
1.565507 0.229918 0
1.248433 1.465145 1
0.938599 0.557445 0
0.230977 1.555233 1
1.845386 1.939718 1
1.247112 1.311103 1
1.782468 1.908267 1
0.093238 0.929122 1
1.852926 0.428960 0
0.649627 0.141325 0
1.720479 0.927047 1
1.455715 0.399325 0
1.848406 1.323129 1
1.818925 1.307688 1
0.610266 1.008377 1
0.838973 1.689935 1
1.036616 0.605081 0
0.210618 0.968806 0
0.477758 -0.021627 0
1.578377 1.047197 0
0.358418 1.687000 1
1.840290 1.032539 0
1.679058 0.819040 0
1.649963 1.610638 1
0.411543 1.266166 1
1.462129 0.650753 0
0.877905 0.752725 0
1.160924 1.642071 1
1.980498 1.274788 1
0.440410 -0.065146 0
1.211896 -0.023572 0
1.554538 1.186099 1
1.853743 0.240783 0
0.510889 0.510742 0
0.170897 1.336898 1
1.136461 0.824596 1
1.012625 1.206333 0
0.396153 1.169557 1
0.450796 0.678447 0
1.043555 1.425659 1
1.186714 0.789795 0
1.484321 0.632835 0
1.079559 0.888361 0
0.153004 1.457986 1
1.638936 1.945689 1
0.190001 1.727384 1
0.067264 1.659768 1
1.673240 0.291637 0
0.283827 0.500875 0
1.118893 1.123432 0
0.929988 0.939159 0
0.164132 1.835639 1
0.104705 0.941773 1
0.649048 0.979071 0
0.120751 1.326039 1
0.405602 0.397454 0
1.594663 0.525305 0
0.600878 0.959922 0
1.173301 1.527608 1
0.850870 0.389005 0
0.741845 1.833036 1
1.335992 1.979528 1
0.847265 1.929313 1
0.316797 0.437902 0
1.589123 0.638558 0
0.634016 0.466404 0
0.024801 0.341720 0
0.766509 0.136474 0
0.209272 1.097901 0
1.321399 1.748676 1
0.971030 1.412789 1
1.407817 0.008809 0
0.292082 1.711849 1
1.684586 1.401897 1
0.336134 0.287357 0
0.998323 0.282112 0
0.595370 0.038088 0
1.080336 0.788508 0
1.746404 0.780706 0
1.119302 1.205795 1
1.618837 1.535958 1
0.014314 0.878868 1
1.990266 0.477604 0
0.788215 0.730079 0
0.074507 1.580503 1
0.669406 1.578621 1
0.668534 1.434078 1
0.594854 1.749904 1
0.763297 1.834304 1
1.936702 0.128436 0
0.704527 0.660783 0
0.948078 1.476524 1
1.187124 0.110479 0
0.308323 1.409558 1
1.350326 0.004691 0
0.974919 2.040542 1
1.048903 1.911308 1
1.926625 -0.108357 0
1.725128 1.475501 1
0.988019 1.439990 1
0.204859 1.383688 1
1.989285 0.313334 0
0.620918 0.677978 0
0.277958 0.490856 0
0.572961 0.275999 0
0.375650 2.149859 1
0.221799 1.507474 1
0.436347 0.615822 0
1.522132 1.220424 1
1.433313 1.089025 1
0.844927 1.496627 1
0.309663 1.073176 0
0.430672 1.805392 1
0.196505 1.868556 1
0.775219 1.007574 1
1.836385 2.039303 1
1.426020 0.332289 0
0.402177 1.957221 1
1.025362 1.012275 1
0.053317 1.055657 1
1.061253 1.769296 1
0.269926 -0.089963 0
0.383161 0.553393 0
0.369021 0.779837 0
1.381340 1.155317 1
1.936096 1.192176 1
1.929340 -0.079833 0
1.812791 0.449124 0
0.411536 1.867940 1
0.239872 1.167555 1
0.414262 1.895181 1
1.791788 0.465125 0
0.703296 0.676013 0
0.675795 1.252294 1
1.776215 1.620220 1
1.392581 0.199323 0
0.246739 0.308761 0
0.099902 1.517807 1
0.768997 1.218589 1
0.678497 1.047639 0
0.604994 0.214526 0
1.836475 0.408789 0
1.335263 1.742006 1
1.822495 0.385651 0
1.457187 0.253387 0
0.464098 1.468816 1
1.963129 1.036444 0
1.985027 1.134091 0
1.418567 0.880110 1
0.788851 1.994457 1
1.176044 1.061971 0
0.431798 1.364637 1
0.755046 1.415066 1
0.162925 0.114190 0
0.520037 1.127281 1
0.402807 1.350213 1
0.692643 1.479912 1
1.843595 0.700752 0
0.354935 0.165918 0
0.574536 0.234049 0
1.047662 1.062857 1
1.634496 1.571737 1
1.819569 2.038887 1
1.649650 1.174487 0
1.215531 -0.009522 0
1.222425 1.722689 1
1.688589 1.359970 1
0.694817 0.713141 0
1.573028 0.368941 0
1.399807 1.911650 1
0.716201 1.751901 1
1.138030 0.161828 0
1.770832 0.713157 0
0.727548 1.273029 1
0.762733 1.181910 1
0.939878 2.146931 1
0.738083 0.218011 0
1.629012 0.621037 0
0.421661 1.159884 1
0.227516 1.764474 1
0.694752 0.378368 0
1.691386 1.545185 1
0.834304 0.236593 0
1.945685 -0.132681 0
1.893125 0.557509 0
0.063418 0.632687 0
0.872330 0.155848 0
0.601564 0.482060 0
0.550075 1.601242 1
0.010710 2.187545 1
0.353909 0.638577 0
1.802493 0.460274 0
0.180826 0.569138 0
1.588346 1.623687 1
0.937828 0.457343 0
0.847824 0.726302 0
0.206392 1.192458 1
1.908042 0.247825 0
1.340742 0.412805 0
0.306341 1.391320 1
0.156595 1.529313 1
0.581162 1.265770 1
0.093417 -0.242515 0
0.555736 0.904054 0
1.855385 1.272227 1
0.318825 0.158521 0
0.881268 1.120569 1
1.473717 1.732179 1
0.249809 0.729050 0
1.853430 1.410542 1
1.087661 1.030122 0
1.864986 0.486685 0
1.516355 1.417772 1
1.801389 1.795257 1
0.125383 0.303352 0
0.790420 0.994394 0
1.602553 1.202707 1
0.179689 0.013673 0
1.407066 2.082938 1
0.864160 1.263500 1
1.214285 0.700404 0
0.053558 0.376681 0
1.545404 1.819024 1
0.240764 0.303303 0
0.064929 1.601521 1
1.542163 1.668060 1
1.523128 0.350053 0
0.722560 0.872407 1
1.052521 0.188618 0
1.573611 0.115694 0
1.523825 1.261156 0
1.160941 0.063866 0
1.501150 1.026122 1
1.765114 1.909556 1
1.645634 0.893375 0
0.841758 1.294708 1
0.528849 1.657257 1
0.800727 0.896731 0
1.474784 2.014944 1
1.192579 1.530119 1
1.405163 -0.205406 0
1.846105 1.504025 1
1.090939 0.608338 0
0.533657 1.655248 1
1.539727 1.812918 1
0.746308 0.487437 0
1.107701 -0.118761 0
1.653389 1.379859 1
1.423367 0.408845 0
0.553085 0.012273 0
0.110793 0.897107 0
1.252936 1.586378 1
1.119109 0.551778 0
1.437001 1.049871 1
0.023283 1.546932 1
0.806802 1.655163 1
1.248833 1.290686 1
0.846614 0.363372 0
0.705144 0.804825 0
0.402913 0.769979 0
0.847756 2.089514 1
0.246965 0.327269 0
1.337907 1.195093 1
1.769808 0.447001 0
0.323070 1.997426 1
1.023768 0.482575 0
1.412821 1.786961 1
1.590810 1.116814 1
1.733922 0.500462 0
1.641231 0.686900 0
0.425475 1.702768 1
0.434010 0.695163 0
1.071165 1.656912 1
1.741493 0.087440 0
0.979477 1.747277 1
0.021002 1.248108 1
0.496244 1.392538 1
0.463425 1.535875 1
1.786814 1.290827 1
1.932472 0.089038 0
1.598025 -0.009743 0
0.903029 1.079314 1
1.202272 1.002171 0
0.781750 0.520267 0
1.639143 0.391503 0
1.404133 -0.021797 0
1.542164 1.664101 1
1.225398 0.316497 0
1.379318 0.935833 1
0.324376 0.188030 0
0.573522 0.409075 0
1.513611 1.609478 1
0.076254 1.494160 1
0.519067 2.072192 1
0.177269 1.242717 1
1.333195 1.795681 1
1.144357 0.333843 0
1.752147 1.453043 1
0.858462 0.892161 0
1.469708 0.171271 0
1.768668 0.821357 0
1.011163 0.676409 0
1.627405 2.002339 1
1.463361 0.480443 0
0.128250 0.418701 0
1.254482 0.335997 0
0.625598 1.531411 1
1.071337 1.043675 0
0.927029 0.637032 0
0.433413 1.989832 1
0.599956 1.094779 1
0.627890 0.325889 0
0.437769 1.079705 0
1.264022 0.545215 0
0.433037 0.323326 0
1.517594 0.591163 0
0.585870 0.083975 0
1.051941 1.678785 1
0.070857 1.965175 1
0.818409 0.759452 0
1.768701 1.505662 1
0.949982 0.275035 0
0.294672 0.188748 0
1.784303 1.965302 1
1.459038 0.736894 0
0.186208 1.324189 1
1.268807 0.657863 0
1.570465 1.855666 1
1.681661 0.435839 0
1.879307 1.950388 1
1.794806 0.770565 0
0.098877 1.657656 1
1.731961 1.903178 1
1.782116 1.382859 1
1.228349 0.126656 0
1.233563 0.617871 0
0.321403 0.419206 0
0.290778 0.156559 0
0.710620 1.168578 0
1.499362 0.225049 0
1.588379 0.059740 0
0.600765 0.491885 0
1.679006 1.822111 1
1.505009 0.591269 0
1.682668 0.982813 0
0.741235 0.738174 0
0.390048 1.229760 1
1.101720 1.709792 1
0.330323 0.705015 0
1.248556 0.645611 0
1.624979 1.666697 1
1.678280 0.216152 0
1.425890 0.372789 0
1.409852 0.413880 0
1.947023 2.109195 1
1.826821 1.640731 1
0.022004 1.061781 0
1.437281 1.742604 1
1.539921 1.832659 1
0.198663 1.300791 1
1.582955 0.842337 0
0.659016 1.157577 1
1.451338 1.835657 1
1.126581 1.401351 1
1.629172 0.852657 0
0.090389 0.650891 0
1.009365 -0.134568 0
0.889561 0.972011 0
1.441238 0.156704 0
0.294898 1.245119 1
0.732892 0.539690 0
0.801685 0.576808 0
0.132014 0.185181 0
1.469173 0.214345 0
1.340612 1.965291 1
0.537418 0.696664 0
0.503157 2.096604 1
0.747804 0.287314 0
1.064689 1.603371 1
0.846522 0.988094 0
1.823222 0.772115 0
0.836549 0.725688 0
0.410034 0.526366 0
0.001708 1.786897 1
0.552140 1.166479 0
0.179304 0.469786 0
1.049166 1.976270 1
1.797888 0.396921 0
1.708218 0.322532 0
1.559834 0.597489 0
0.689664 1.383361 1
1.451024 1.056350 0
1.805117 1.453217 1
1.409527 0.917402 0
0.477314 0.608078 0
1.033135 1.214863 1
1.319135 0.194304 0
0.079090 0.904549 1
1.214379 0.350187 0
1.881706 0.119913 0
0.580086 0.882021 1
0.914476 1.609635 1
1.513496 1.401877 1
1.648271 0.703309 0
0.563897 0.781333 1
0.597441 0.875842 1
1.960121 2.029867 1
0.009114 1.150868 0
0.154125 0.952227 0
0.376424 0.249014 0
1.282602 0.587418 0
0.642159 0.949673 0
0.547872 0.846772 0
1.827240 1.102806 1
0.204456 1.109197 1
0.732634 0.083390 0
1.278784 -0.081069 0
1.573931 0.947345 0
1.944010 0.290767 0
0.654115 1.447055 1
0.908084 0.412739 0
0.279360 0.290889 0
0.137183 0.486751 0
1.413389 1.825539 1
1.365851 0.057225 0
0.772019 1.142587 1
1.753308 1.693749 1
1.737673 0.917366 1
1.597856 1.102579 1
1.521185 1.299170 1
0.016132 0.759972 0
1.860007 1.117088 1
0.906322 0.344989 0
1.361160 0.268350 0
1.147580 1.576332 1
0.036981 1.003147 0
1.780730 1.044158 1
0.719393 0.960526 0
1.978837 1.866456 1
0.392003 1.185795 1
0.564465 1.447935 1
0.545762 0.570752 0
0.580083 1.434607 1
0.188126 0.127419 0
0.573533 0.694427 0
1.277964 0.936900 1
1.695728 0.543362 0
0.336201 1.425598 1
1.175595 0.924213 0
1.699180 0.417342 0
1.798314 0.826263 0
1.532117 0.595368 0
0.452211 1.027661 1
0.488909 0.801803 0
0.982190 1.474084 1
1.190699 1.376018 1
1.990797 1.780445 1
0.053826 0.170196 0
0.165809 0.741187 0
0.589145 -0.236714 0
0.038685 1.365302 1
0.528443 1.798170 1
1.531909 1.020290 1
1.263762 0.547067 0
0.393786 0.435272 0
0.280515 1.703809 1
0.453981 1.001922 1
1.281706 0.671900 0
1.016600 0.811394 0
0.542961 1.135418 1
1.903017 1.922985 1
0.955006 0.518386 0
0.213247 0.543975 0
1.854378 1.019092 1
0.250767 1.249820 1
0.359855 0.243315 0
0.406308 2.132936 1
0.727176 1.325584 1
0.679393 1.361395 1
0.526968 0.454777 0
1.365737 0.875838 0
0.372592 1.887492 1
1.190983 0.850988 0
0.033326 1.059911 0
0.214077 0.720253 0
1.661596 1.255575 1
1.132750 1.722651 1
1.855991 0.166824 0
1.929296 0.511900 0
1.510716 0.606121 0
0.728868 1.724631 1
1.883932 0.736367 0
0.539646 0.814279 0
0.147521 1.475101 1
0.424167 0.241005 0
0.012489 1.468496 1
0.968537 0.997089 1
0.877853 1.896776 1
1.552082 0.068820 0
1.870732 0.951727 1
1.831364 0.525832 0
0.550061 -0.207943 0
0.303310 2.027920 1
0.564829 0.386399 0
0.165499 1.606445 1
1.078672 2.024603 1
0.193625 1.822033 1
1.239196 1.840819 1
1.584298 0.423424 0
0.610962 1.551224 1
1.838516 2.055484 1
0.478405 0.301450 0
0.431746 2.143650 1
1.688833 0.062149 0
1.524685 2.090035 1
1.559635 0.648603 0
1.923504 0.664817 0
0.566377 0.706818 0
0.054969 1.520821 1
0.412483 1.403739 1
0.036379 2.031939 1
1.715889 0.933043 0
0.453250 1.081608 0
1.596011 -0.046312 0
1.343336 0.721235 0
0.230676 1.575352 1
0.577111 1.494968 1
1.263101 0.510330 0
0.342943 1.179767 1
1.804577 1.235344 0
1.255187 0.664515 0
0.106172 0.823844 0
0.588632 1.514421 1
1.160430 0.661864 0
1.796365 1.418590 1
0.743970 1.927763 1
0.023288 1.091025 0
0.575721 0.910004 0
1.606683 0.448874 0
0.586063 1.477846 1
1.507908 0.030934 0
0.191670 1.432219 1
1.569733 1.120826 0
0.180033 0.808165 0
0.987737 0.667767 0
0.717979 1.248999 1
1.633220 1.797759 1
0.691029 0.603150 0
0.207634 2.066133 1
0.060858 0.406247 0
1.412057 1.599809 1
0.919450 1.587739 1
1.703962 0.890037 0
0.802828 1.678336 1
0.466398 1.317859 1
0.773408 1.019528 1
1.586540 0.748709 0
1.576435 0.487338 0
0.761953 1.481814 1
1.702129 0.728695 0
1.429883 2.054427 1
1.142806 0.993659 1
1.812227 0.549756 0
0.855828 0.355033 0
0.438498 1.470765 1
0.156588 0.508635 0
1.078732 1.271455 1
1.699979 0.409527 0
0.114718 0.798539 0
0.137131 1.407219 1
0.259666 1.467584 1
1.205423 0.305668 0
0.483075 2.039338 1
1.671744 0.735326 0
0.086473 0.400819 0
1.697318 1.126505 1
0.389146 1.481653 1
1.188228 2.049328 1
1.169302 0.453774 0
1.204295 1.922830 1
0.509795 1.387020 1
0.165165 1.554910 1
0.935323 1.621411 1
1.379056 0.488495 0
0.897171 0.941966 1
1.199686 0.602333 0
1.799688 1.648943 1
0.133762 1.791572 1
0.872771 0.254283 0
1.416626 0.773580 0
1.377221 1.839529 1
0.771646 0.762603 0
0.962977 0.261602 0
1.540260 0.876465 1
0.399962 0.388084 0
0.805808 1.144989 0
0.762136 0.968729 1
1.828733 1.548154 1
0.906389 1.940404 1
1.230696 0.147729 0
0.666945 1.247706 1
0.218985 0.734306 0
1.710757 1.538222 1
0.995336 0.065669 0
1.747265 0.424458 0
1.693306 0.590174 0
0.042360 0.352344 0
1.733484 1.102920 1
0.356019 1.186761 1
0.274642 0.318367 0
0.485691 1.851409 1
0.561188 1.858185 1
0.600594 0.468633 0
1.975209 1.877740 1
0.399310 1.453283 1
1.734629 2.040607 1
0.129004 0.566622 0
0.302410 1.548628 1
0.184371 0.548873 0
1.350216 1.556358 1
1.234256 1.558913 1
0.053849 1.537357 1
0.937856 1.205569 1
0.109500 0.284807 0
0.726823 0.961117 1
0.953354 2.055194 1
1.255365 0.465056 0
1.703340 1.270415 1
1.719920 -0.214647 0
1.792422 -0.142149 0
0.089848 1.405511 1
1.938762 0.419783 0
1.844661 0.892808 0
0.134062 1.349264 1
0.232001 0.367591 0
1.407871 1.340541 1
0.254894 1.518534 1
0.079715 0.305738 0
1.884643 2.186530 1
1.107785 -0.093513 0
1.837789 0.888479 0
0.604198 1.142764 1
1.732404 1.854431 1
1.166911 1.678654 1
0.441878 1.829303 1
1.120443 0.707358 0
1.770646 0.941550 0
0.978184 2.050250 1
0.496313 1.700978 1
0.288030 -0.162326 0
0.048458 1.181015 1
1.514485 1.362240 1
1.634204 1.260524 1
0.832820 2.059602 1
0.076959 1.994545 1
1.556845 1.931798 1
0.822204 1.204292 1
1.268437 1.183555 1
1.584789 0.841790 1
1.090710 0.334755 0
1.542127 1.724077 1
1.756790 -0.210344 0
1.512785 0.804896 1
0.590046 0.400555 0
0.669351 0.345906 0
1.833524 1.766954 1
0.767597 1.161297 1
1.438116 1.309242 1
0.369378 1.948364 1
1.352014 0.907050 0
0.497741 1.743867 1
0.670316 -0.002490 0
0.991422 1.851989 1
1.345921 1.098606 1
1.604693 1.607620 1
0.963135 0.385804 0
1.415712 0.599742 0
1.728831 1.666558 1
0.607445 1.329039 1
1.937193 1.035731 1
1.628919 0.208005 0
0.301996 0.343920 0
1.603061 1.971358 1
1.054727 1.092189 1
1.345119 0.593075 0
1.664391 0.173647 0
1.468588 1.399882 1
1.604009 1.414208 1
0.536281 0.222553 0
0.326037 -0.072402 0
1.993337 1.162525 1
0.981908 1.612903 1
1.903251 0.061926 0
0.699118 0.453718 0
0.112439 1.237289 1
0.289596 -0.046325 0
0.061455 1.307764 1
0.614701 1.179858 1
0.081629 1.818531 1
1.040110 1.139487 1
0.526381 1.539553 1
0.820626 1.013718 0
0.588118 0.179514 0
1.980450 0.533316 0
0.359064 0.430235 0
1.109281 0.575848 0
0.139608 0.360321 0
0.757673 1.268360 1
0.595504 -0.068619 0
1.433493 0.818537 1
1.230191 1.005145 1
1.847575 1.416631 1
1.878631 0.451929 0
1.782938 0.557951 0
1.779913 0.880573 0
1.691387 1.219422 1
1.979920 0.568249 0
1.058139 0.230921 0
1.969035 0.615487 0
0.732694 1.360674 1
0.465088 0.563910 0
1.412049 0.834534 0
1.906421 0.015221 0
1.661532 0.381605 0
0.045338 1.849534 1
0.196832 1.203707 1
1.016167 1.203561 0
0.319247 1.448874 1
0.750772 1.042575 1
1.702468 1.409935 1
1.612863 0.079480 0
1.719713 0.621915 0
1.978802 0.751691 0
0.634008 0.374406 0
0.697815 0.677119 0
0.651561 1.428595 1
1.214530 -0.037693 0
0.085602 0.874062 0
1.938372 1.794854 1
1.373889 1.369963 1
0.020052 1.031708 1
0.317122 1.080790 0
1.558811 1.165424 1
0.294670 1.716875 1
1.648325 -0.216853 0
1.859072 0.092254 0
0.304382 0.280773 0
0.467334 1.650744 1
1.931422 1.091978 1
0.652920 0.187416 0
0.133910 0.789563 0
1.821612 1.505295 1
1.050015 1.290416 1
1.846697 1.115442 1
1.461801 1.846305 1
1.886777 0.267682 0
0.748590 1.025540 0
1.096036 0.462132 0
0.928014 2.004847 1
0.763058 0.183263 0
0.670877 1.324748 1
0.128303 1.537600 1
1.522846 1.807403 1
1.809144 1.524470 1
0.161159 0.072392 0
1.622614 1.506631 1
1.763214 0.971157 0
1.093058 0.442497 0
0.753447 1.465846 1
0.513184 1.119550 1
1.505261 0.522291 0
0.448952 1.382484 1
0.485972 1.724914 1
0.942021 1.828086 1
1.811399 0.979703 0
1.133764 1.776476 1
0.636966 1.804653 1
1.348981 1.460710 1
0.227307 1.482817 1
1.734728 1.469299 1
0.536864 0.660574 0
0.827267 1.120979 0
0.947122 1.062891 0
0.084367 1.672959 1
0.486117 1.029614 1
1.024903 1.219029 1
0.700955 0.591464 0
0.212064 1.154603 0
0.515824 0.717161 0
0.352221 0.624452 0
1.449552 0.691516 0
1.288789 -0.056152 0
1.567016 0.673443 0
0.744821 1.529252 1
1.729097 1.529917 1
1.800210 -0.121273 0
1.456570 0.031181 0
1.902974 0.281242 0
0.685684 1.015868 0
1.171267 1.474851 1
1.975114 2.117432 1
0.679839 1.077083 1
1.573370 1.000962 0
1.081752 0.950349 1
1.145693 0.464448 0
1.371041 2.114029 1
1.789567 1.011906 1
0.678617 0.154856 0
0.606958 0.542516 0
1.258931 1.270175 1
0.010116 0.246037 0
1.281215 0.573001 0
0.849260 1.814123 1
0.755192 0.302898 0
1.215928 1.961920 1
1.149247 -0.146628 0
0.195641 1.498729 1
1.774314 1.652404 1
1.871834 0.673890 0
0.375464 0.330659 0
0.878725 0.694304 0
0.082399 1.681516 1
1.423831 1.100106 0
0.250110 1.207556 1
0.246150 0.941537 1
0.210750 1.759880 1
0.880516 1.048047 0
0.656317 0.676100 0
0.649701 -0.203197 0
1.698891 0.529752 0
0.296089 1.912428 1
0.066415 0.918545 0
1.077620 1.830460 1
