0.167722 0.870876 1
1.789263 1.150803 1
0.868439 2.058554 1
1.327288 0.643975 0
1.590367 0.863708 1
1.865425 0.070945 0
0.133417 0.742049 0
0.708769 -0.174716 0
1.850667 0.775105 0
1.311966 1.295248 1
0.495329 1.276616 1
0.524294 0.203032 0
1.741420 1.625356 1
0.772443 1.936389 1
0.080626 1.882136 1
0.122181 0.694496 0
1.551611 0.651252 0
1.846184 2.406064 1
1.052589 0.582980 0
0.766607 1.283259 1
0.591162 0.331472 0
1.944598 0.367968 0
0.378624 0.619183 0
1.547170 1.861236 1
0.795835 0.614269 0
0.771015 1.287612 0
1.325307 0.299818 0
0.941187 1.560520 1
0.970034 0.433646 0
0.281945 1.104292 0
1.202849 2.176836 1
0.525140 0.470014 0
0.816448 0.301575 0
0.838797 0.671542 0
0.447036 1.965316 1
0.438903 0.496067 0
0.100644 1.075579 1
1.926315 1.717081 1
0.213161 0.620569 0
0.785678 0.314661 0
1.298716 0.625586 0
1.308825 1.580418 1
1.280735 0.635807 0
0.907913 1.277586 1
1.215519 1.252369 1
0.393006 2.230438 1
0.930868 0.672509 0
0.920046 1.538412 1
0.748591 0.942177 0
0.767997 1.533146 1
0.559677 1.798376 1
0.960781 1.323559 1
0.210069 2.038265 1
0.272918 0.807301 1
1.860581 1.387888 1
0.566986 1.377823 1
0.392008 1.335058 1
1.708896 0.431820 0
0.444510 1.738434 1
1.592944 1.404750 1
0.336329 -0.127589 0
0.292701 1.901922 1
0.250808 0.266662 0
1.860257 0.189047 0
1.667178 1.413895 1
1.979358 0.618647 0
1.219453 0.530440 0
0.634500 1.181129 1
1.087207 0.324219 0
0.096808 1.735422 1
0.214744 0.400057 0
1.818254 1.332208 0
0.358306 0.903733 1
1.043060 1.490905 1
1.627095 0.351301 0
1.364868 0.573078 0
1.423477 1.165109 1
1.094976 1.309318 1
1.884094 1.760656 1
1.618096 1.029110 1
0.533515 1.530001 1
1.638381 0.221153 0
1.379662 1.470181 1
0.534939 0.638116 0
1.646568 1.323547 1
1.544992 1.317599 1
1.316999 2.076913 1
1.399068 1.075290 1
1.513505 1.793470 1
0.964358 0.339650 0
0.394732 2.029041 1
1.325408 0.165956 0
1.982735 0.265343 0
1.811927 1.049485 1
0.645705 0.568751 0
0.829649 0.163184 0
1.307081 0.902552 0
0.085254 1.937899 1
0.768044 1.577034 1
0.304605 1.590848 1
1.389693 1.555402 1
1.922129 1.159845 1
0.376475 0.783128 1
0.753529 1.876637 1
1.146963 0.230315 0
0.584362 1.241727 0
0.854077 0.920527 0
1.232811 1.126896 1
0.185597 1.079982 1
1.413142 1.719110 1
1.324995 0.894465 0
1.738406 0.987051 1
0.078198 0.989321 1
0.582049 0.472135 0
0.073347 0.832378 1
0.488580 0.227782 0
0.433451 2.003051 1
1.363635 1.734128 1
1.861391 0.427530 0
1.066877 0.074184 0
0.505592 1.121996 1
0.469637 0.873077 0
1.769238 1.636980 1
1.395849 1.932543 1
0.475649 1.182889 1
0.339823 0.570633 0
1.963797 0.907614 0
0.770166 0.865393 1
0.449378 0.478167 0
0.094654 0.803509 0
1.958428 1.786228 1
1.062223 1.015419 0
0.624486 1.507707 1
0.666104 1.488029 1
1.941258 0.178035 0
0.680809 -0.008681 0
1.619575 0.170149 0
0.417867 1.512916 1
1.929858 -0.013356 0
1.649230 0.739096 0
0.063147 1.709950 1
1.854384 1.300386 1
0.363426 0.050899 0
1.743768 0.590470 0
0.996077 0.665529 0
1.719256 1.192404 0
0.185168 1.973126 1
1.740404 0.856742 1
0.275768 0.350367 0
0.665514 0.295133 0
1.531954 0.386783 0
1.489813 1.633660 1
1.233806 1.072544 1
1.544947 1.687800 1
0.230314 1.856657 1
1.248958 0.216090 0
1.748916 -0.056084 0
0.440902 2.046856 1
0.755571 1.734754 1
1.214237 0.155151 0
0.652406 1.382078 1
0.383785 1.756074 1
0.332501 1.293862 1
0.123670 1.870975 1
0.244832 0.497147 0
1.332215 0.154015 0
0.788026 1.597709 1
0.335811 0.167021 0
0.478417 1.559565 1
1.710785 0.625735 0
1.460940 1.655627 1
1.071689 1.981810 1
0.482135 1.324494 1
1.009578 1.918241 1
1.320729 0.868486 1
0.621492 0.315814 0
1.419614 0.038367 0
0.952839 0.820636 1
0.224277 0.436782 0
1.077123 1.370594 1
1.047373 1.282777 1
1.839008 0.936009 1
0.067106 1.663785 1
1.808127 0.703502 0
0.981077 1.005862 0
1.246800 -0.073939 0
0.346440 1.143658 0
1.585562 1.783030 1
0.605416 1.131365 0
0.451022 0.837734 0
0.881191 1.668979 1
1.640141 1.176540 1
0.234477 0.694429 0
1.643852 0.760399 0
0.392930 1.570287 1
1.214616 1.259595 1
1.217450 -0.163286 0
1.983342 -0.055536 0
0.785141 1.098018 1
0.628452 0.285500 0
1.282630 0.558699 0
1.399978 1.348398 1
0.367181 0.713266 1
1.785711 1.322965 0
1.625674 1.215127 1
1.225016 0.650786 0
0.274011 1.344303 1
1.959842 0.861759 0
0.254630 0.627189 0
1.850592 0.891953 0
1.383534 1.433218 1
0.867258 2.056960 1
1.421420 1.614693 1
1.300722 1.630263 1
0.444234 0.175843 0
1.052459 0.383043 0
1.886966 1.211919 0
1.696020 0.997728 0
1.395513 1.925333 1
1.332482 0.836457 1
1.420655 1.002262 0
1.352227 1.405529 1
1.174018 0.275526 0
0.364073 0.458990 0
1.370434 1.049615 0
0.404029 1.560762 1
1.624146 0.397578 0
1.971894 1.945735 1
0.568562 2.051488 1
0.078996 2.024751 1
1.086842 0.464487 0
0.358297 0.695553 0
1.400748 0.518183 0
0.797765 0.416624 0
1.531991 0.092013 0
0.981366 1.162629 0
0.553108 1.870347 1
0.203139 1.467194 1
0.176148 -0.049191 0
1.520168 1.726579 1
0.916152 1.336001 1
1.105607 0.212809 0
1.764669 0.164247 0
1.361609 -0.073752 0
1.851041 0.827955 0
0.517244 0.760751 0
0.345182 1.252981 1
0.851698 1.628850 1
1.247637 0.769728 1
0.758984 0.462302 0
1.559659 0.628216 0
1.306679 1.646925 1
1.898652 1.526497 1
1.898140 1.493473 1
1.823493 1.841850 1
1.996667 1.837711 1
0.701422 0.089568 0
1.472636 0.580588 0
0.185343 1.543651 1
1.956739 0.082224 0
1.539739 1.323013 1
0.126611 -0.034031 0
0.203410 2.073999 1
0.279193 1.945933 1
0.701562 -0.168676 0
0.956021 1.546682 1
0.219393 1.351132 1
1.431325 1.502026 1
0.762182 0.263863 0
1.388833 0.675800 0
1.048870 0.609985 0
1.343341 0.264184 0
1.621458 2.208468 1
1.450847 1.619188 1
1.206822 0.629988 0
0.754855 1.272082 1
0.663485 1.086135 1
0.074082 1.564131 1
1.082024 1.151659 0
1.661146 1.735380 1
1.424005 1.884334 1
0.003468 1.006842 1
1.063872 2.146962 1
0.196854 0.262861 0
1.631879 1.986560 1
0.257892 0.900192 1
1.282115 1.040852 1
0.291281 1.675553 1
1.050145 -0.167491 0
1.156128 0.505583 0
1.143065 0.761502 0
0.610609 1.069957 1
1.167776 1.265678 1
0.699427 -0.119461 0
0.582943 0.529579 0
1.644676 1.905722 1
1.467362 1.226927 1
1.643720 1.886705 1
0.565363 0.566225 0
1.473236 0.576687 0
1.904245 1.139037 1
1.009261 1.514688 1
0.166580 0.107522 0
1.020913 0.339678 0
1.329434 1.575490 1
1.996750 1.167390 1
1.449093 1.168658 0
1.373446 0.133205 0
0.605090 0.428948 0
0.568001 1.670534 1
0.591273 0.293642 0
0.228922 0.320024 0
1.695261 1.346316 1
0.738002 1.115353 0
0.757626 1.194094 0
0.649441 0.779827 1
0.024624 2.078382 1
1.943533 1.095771 0
1.660019 1.303482 1
1.980620 1.347573 1
0.931478 0.118846 0
1.750033 1.008336 1
1.632996 1.452248 1
1.923354 1.431096 1
0.609327 0.590983 0
1.117239 0.237505 0
1.345604 0.147210 0
0.273607 0.945801 1
0.866547 1.645195 1
1.056413 2.069278 1
0.418684 1.267245 0
1.982799 -0.099959 0
0.448088 1.674776 1
0.918985 1.249451 1
1.469219 0.810154 0
0.343411 0.299706 0
0.630168 2.001174 1
1.947615 1.775615 1
1.906668 0.083298 0
0.540516 0.637768 0
1.956232 1.283689 1
1.992956 1.238788 1
0.170416 2.225228 1
1.508133 0.185740 0
0.398772 0.738336 0
1.649206 1.046312 1
1.454812 1.822796 1
1.462014 0.432153 0
0.922304 1.647813 1
1.601273 0.311702 0
0.704750 -0.184471 0
0.659875 0.659218 0
0.834299 0.691264 0
1.639643 0.047193 0
1.370498 0.490419 0
1.777129 1.558453 1
1.231469 2.263580 1
1.124550 0.713739 0
0.572953 0.345247 0
0.950376 0.472921 0
0.817222 1.551748 1
1.706769 0.544185 0
1.617085 0.657941 0
1.433967 1.222907 1
0.676798 0.338891 0
0.114833 0.361893 0
1.539203 1.504440 1
1.387504 1.508854 1
1.816133 1.177150 1
0.863165 -0.359997 0
1.325823 1.002587 0
1.078433 1.163070 1
1.087350 0.207740 0
0.112665 1.169618 1
0.705644 1.770185 1
1.014787 0.813104 0
1.076458 1.374715 1
1.856587 1.064559 0
0.633270 0.368481 0
0.744711 1.510427 1
1.029291 1.767247 1
0.893306 0.422625 0
1.560862 1.045327 0
0.830008 1.200077 1
0.950083 -0.005466 0
0.638229 2.167525 1
0.090007 1.280116 1
1.985240 0.651674 0
0.821602 0.465596 0
0.772577 1.926779 1
1.015422 0.250771 0
1.298630 1.540568 1
0.772366 1.757386 1
0.293528 0.337957 0
1.953814 0.758316 1
1.826876 0.219471 0
0.344057 0.020166 0
0.294312 1.374908 0
1.933360 0.024413 0
0.732670 1.023952 1
0.995892 1.934841 1
0.416708 0.868616 0
0.070530 1.374580 1
1.758339 1.678520 1
1.571936 1.006547 0
0.702112 2.072512 1
0.420516 1.521862 1
0.170974 -0.311342 0
1.070460 1.409812 1
1.862681 0.682083 0
1.761582 1.695081 1
0.770912 1.919232 1
1.518042 0.491398 0
1.880567 -0.227240 0
0.885910 1.359384 1
0.194737 0.330401 0
1.328048 -0.094033 0
0.878918 0.971516 0
0.478558 1.497090 1
1.888526 0.632683 0
0.666320 1.012339 1
1.259015 1.636264 1
0.038851 1.558260 1
0.481586 1.362621 1
1.616525 0.454567 0
1.477029 0.813899 0
1.171233 0.712861 0
0.083207 2.134637 1
1.016475 0.235710 0
0.568876 1.191465 1
0.539929 0.441452 0
1.553217 2.039320 1
1.792861 0.486028 0
0.643896 1.784540 1
0.819581 1.135306 1
0.504123 0.417440 0
0.411643 0.790227 0
1.661617 1.739386 1
1.205246 0.758417 0
0.303216 1.746390 1
0.507412 0.091773 0
0.209316 1.779041 1
1.250547 1.264987 1
1.726232 1.439041 1
1.696861 1.451234 1
1.017701 1.173464 1
0.696957 0.091176 0
0.364833 -0.068863 0
0.131495 1.107237 1
1.971025 1.112925 0
1.549855 0.454251 0
0.410407 0.513112 0
0.171984 -0.081973 0
0.772952 1.702511 1
1.991907 0.230710 0
0.612080 0.855418 1
1.093259 0.177764 0
1.342336 0.300797 0
0.751479 1.703079 1
1.308155 1.393395 1
1.735250 2.100272 1
1.407667 1.264006 1
0.567106 1.726286 1
1.915187 0.274492 0
0.981208 1.395712 1
1.626821 0.948957 0
0.237118 0.201045 0
0.539246 0.862721 0
1.779260 0.770324 0
0.853192 2.037067 1
0.233065 0.445235 0
0.900801 0.350775 0
0.018678 0.386786 0
1.853099 1.609521 1
1.842744 1.069227 0
1.696443 0.660218 0
1.661687 2.089812 1
1.829293 1.045746 1
1.397316 0.337836 0
1.208189 1.202062 0
0.034396 0.430404 0
1.200496 0.241369 0
0.287425 0.681129 0
1.356684 0.080330 0
0.283517 1.577051 1
1.302250 1.984488 1
1.589382 0.733988 0
0.999370 1.584400 1
1.719967 0.154313 0
1.067691 0.226885 0
1.015477 1.986386 1
0.225701 0.696976 0
1.415886 1.200986 1
0.036664 0.602118 0
0.796635 1.941281 1
0.451416 0.452827 0
1.108516 1.932909 1
0.562908 0.742951 0
1.326987 1.615842 1
0.967407 1.902278 1
1.015991 1.454629 1
1.995614 0.053273 0
0.004496 0.611634 0
1.093632 0.315600 0
1.064020 0.104685 0
1.481294 1.289930 0
0.265492 0.229569 0
0.357799 0.077750 0
1.370562 0.607488 0
0.909136 1.830103 1
0.275465 0.585543 0
0.453952 1.045763 0
1.510417 0.721959 0
1.621229 1.128900 1
0.331177 1.794221 1
1.097034 0.697913 0
0.018859 0.568157 0
0.852382 1.598584 1
0.446231 0.177381 0
0.196812 0.302301 0
0.184495 0.305512 0
1.182926 2.186271 1
1.049632 1.561887 1
0.791167 1.111825 0
0.667872 1.689742 1
0.770278 1.910703 1
1.427182 1.180038 1
0.355779 0.951849 0
1.888431 1.208929 1
0.680662 1.831303 1
0.357224 1.295329 1
0.403037 0.888572 0
0.861295 0.562139 0
1.784448 -0.247875 0
1.658937 1.034305 0
0.216708 0.139561 0
1.523975 1.323835 1
1.503317 0.538357 0
1.569254 0.694272 0
0.898135 0.076893 0
0.239091 0.138264 0
0.571422 1.986774 1
1.307369 0.741526 0
1.725743 2.201841 1
1.518153 0.190161 0
0.296952 1.519576 1
1.617305 1.100685 0
0.591724 0.818617 0
1.607833 0.714094 0
1.180783 0.524688 0
1.234277 1.866984 1
1.321696 1.247533 0
0.949456 0.434318 0
0.278536 2.040892 1
0.568870 0.327562 0
0.475555 0.415869 0
0.330948 0.508938 0
1.918428 1.452640 1
0.219808 1.121415 0
1.033670 1.529039 1
0.178019 1.030476 0
1.245575 0.697326 0
0.261727 1.100699 1
0.087777 0.207269 0
1.310261 0.839201 1
1.983693 0.238611 0
0.652048 0.056925 0
1.810346 0.825090 1
0.144566 1.515800 1
0.746762 1.395993 1
0.417378 0.708504 0
1.795117 0.675598 1
1.825421 0.778286 1
1.191318 2.090331 1
0.779368 1.254619 0
0.921199 1.043540 0
1.143988 0.250439 0
0.049963 0.600616 0
1.411285 1.039225 0
1.317491 0.813330 0
1.060100 1.073598 1
1.435123 1.109708 1
1.501947 -0.033068 0
0.048652 -0.143422 0
0.345782 1.002985 0
0.712917 0.300678 0
1.884199 1.376704 1
1.678284 0.322739 0
1.053769 0.404336 0
0.910303 0.366958 0
0.643394 1.847377 1
0.138316 0.063730 0
0.001017 1.074937 1
0.985790 1.593015 1
0.966174 0.878667 1
0.827361 1.041637 1
0.751518 1.395773 1
0.784862 0.805012 0
1.088597 1.095672 1
1.675329 0.389738 0
0.135484 0.172841 0
0.381051 1.659218 1
0.804091 1.045863 0
1.013609 0.944959 1
1.487927 1.055030 0
1.208514 1.840999 1
1.622070 1.154755 1
1.794590 1.340654 1
1.314221 0.507082 0
1.812442 1.380136 1
0.956529 0.032974 0
1.341599 0.637993 0
0.505714 0.874266 1
0.465262 0.582789 0
1.565517 1.461738 1
1.948628 1.035281 0
0.468045 0.334061 0
0.568317 0.941173 0
0.301303 0.626608 0
1.683210 0.968558 1
1.263990 0.854426 0
0.210613 1.502966 1
0.417308 1.351020 1
1.223235 1.805148 1
0.826853 0.220845 0
0.935909 0.759068 0
1.358664 -0.346214 0
1.273600 1.310384 1
1.757892 1.850621 1
0.760128 0.996003 1
0.034278 0.452074 0
1.161322 0.481443 0
1.510480 1.799208 1
1.685505 0.945967 1
0.050024 0.728878 0
1.790224 0.743752 0
1.773813 1.096700 1
1.129662 1.894198 1
1.723195 0.550107 0
0.983220 0.649659 0
1.083366 0.908407 1
1.479171 1.150581 1
1.128869 0.178233 0
1.638815 2.193957 1
1.956733 1.422047 1
1.910232 1.415850 1
1.301832 0.519137 0
0.136649 0.903554 0
1.603305 1.984217 1
1.961865 0.878213 0
0.800377 1.126894 0
0.982006 0.740947 0
0.892909 1.154474 1
0.363666 1.608669 1
0.629331 0.145650 0
0.700166 0.501067 0
0.281400 0.640815 0
1.959532 1.710667 1
0.652258 0.849169 0
1.309239 0.869528 0
1.378436 1.572740 1
1.193099 0.144982 0
1.252036 1.485413 1
0.197192 0.986664 1
0.103662 1.945330 1
0.324241 0.009365 0
1.099347 0.844881 1
0.600405 0.647613 0
1.335474 -0.332484 0
1.537597 2.069929 1
1.338972 0.430418 0
1.394886 1.723269 1
0.303760 2.108908 1
1.420674 1.839942 1
0.464774 1.861222 1
0.353364 0.454379 0
1.841611 1.637315 1
1.067329 2.088388 1
1.248441 0.377249 0
1.656411 2.222220 1
0.458678 -0.008101 0
0.751291 2.164778 1
0.329941 0.738677 0
0.694065 0.770102 0
1.335139 0.675336 0
1.285556 1.630770 1
1.642980 1.374777 1
1.264459 2.058914 1
0.486497 0.962979 0
1.223467 1.124772 0
0.363663 -0.147232 0
0.115540 0.644497 0
1.459088 1.516563 1
1.809502 1.598287 1
0.032299 0.512838 0
1.574901 1.084817 1
0.575150 1.348657 0
0.023171 0.560258 0
0.879499 0.895736 0
1.819093 1.529960 1
1.929694 0.780749 0
1.027457 1.474765 1
1.980352 2.026741 1
0.791239 1.145251 0
1.345100 0.969403 0
0.375619 0.333192 0
1.817509 1.462127 1
0.279115 -0.023719 0
1.421254 1.390039 1
0.340030 1.184153 0
0.945531 0.852668 0
1.752611 0.608044 0
1.948262 1.276739 1
0.860572 1.880536 1
1.461835 0.503312 0
1.443261 2.103968 1
0.832930 0.419960 0
0.636475 1.544078 1
0.149454 1.569519 1
0.474429 0.928720 0
0.035396 1.624775 1
1.693969 1.430470 1
0.002600 0.908141 1
0.357349 0.819262 0
0.346702 0.451597 0
1.985113 1.414150 1
0.470563 0.841107 0
0.658145 2.134967 1
0.369401 0.927018 1
0.582649 0.618220 0
1.627443 0.244765 0
1.664569 1.482004 1
0.927839 0.412923 0
0.307731 1.156161 1
0.469664 0.324072 0
0.887371 0.860339 0
1.367968 1.510595 1
1.488329 1.488536 1
1.976943 0.188447 0
1.713413 2.061051 1
0.442886 0.645593 0
0.852720 0.410842 0
0.929754 1.170784 1
1.621481 1.506313 1
0.421058 2.103268 1
1.935443 0.452602 0
0.433414 1.913085 1
1.738229 1.456118 1
1.394786 1.502414 1
0.162380 1.581025 1
0.153094 0.603168 0
0.127311 0.847516 1
1.973714 0.578513 0
1.026571 1.723868 1
1.366021 1.806529 1
1.640487 0.190074 0
0.184288 0.729664 0
0.611320 1.910447 1
1.542013 0.747562 0
1.735383 0.331334 0
0.769823 0.808342 1
1.170353 0.308483 0
1.577023 1.227870 0
1.991242 0.885016 1
1.055102 1.623832 1
0.137471 1.944109 1
1.994492 0.167559 0
1.899513 1.274395 1
0.987153 0.803986 0
0.939072 1.443458 1
1.765015 0.040368 0
0.516902 0.302212 0
0.462643 0.659561 0
0.812997 0.448987 0
0.962665 1.088115 1
1.588886 1.207607 1
1.046052 0.287963 0
1.710020 1.866943 1
1.786939 1.962041 1
1.370721 0.500011 0
1.210089 1.955020 1
1.630517 1.482984 1
0.968684 2.155838 1
0.902073 0.591640 0
1.530725 1.660243 1
0.953918 0.550939 0
0.583604 1.473878 1
0.460202 1.606856 1
1.285355 1.659974 1
0.167131 1.209060 1
0.878470 0.366415 0
1.959125 0.902998 1
0.186842 2.132738 1
0.022434 0.551004 0
0.932564 1.164430 1
0.496648 -0.315701 0
0.558545 -0.204916 0
1.321029 1.369390 1
0.708615 0.499689 0
0.608996 0.997632 0
1.364015 1.441571 1
1.004808 0.322370 0
0.639770 1.375314 1
1.483760 1.516676 1
0.846685 0.287169 0
1.121036 2.270429 1
1.881564 -0.199934 0
0.606521 0.995289 0
1.833450 1.140405 1
0.964689 1.863410 1
0.397301 1.661353 1
1.668845 1.760591 1
1.890758 0.614096 0
0.540365 1.050594 0
0.204702 2.118206 1
1.728041 1.762439 1
1.057472 -0.255141 0
1.277188 1.091354 1
0.744791 1.321373 1
0.864132 1.360261 1
0.068223 2.147420 1
1.303171 2.039980 1
0.789743 1.909458 1
0.052383 1.202062 1
0.496780 1.072271 1
0.812133 0.773764 1
1.861806 0.344603 0
0.772054 1.735351 1
0.521256 -0.293637 0
0.743709 0.683396 1
1.359735 0.504958 0
1.436696 0.316246 0
1.058584 1.857040 1
1.996150 1.196965 1
0.666337 1.345644 1
1.601703 1.964481 1
0.125457 0.995345 0
1.728323 1.852853 1
1.433378 -0.091343 0
0.222763 1.837401 1
0.576880 1.026705 1
0.835218 1.643146 1
1.727632 0.418993 0
0.187415 0.497447 0
0.960821 1.729108 1
1.842078 1.306134 1
1.166916 0.933127 1
0.401871 0.142516 0
1.071924 0.459220 0
0.832762 1.973358 1
0.285803 1.071325 1
0.112256 0.508626 0
0.434489 0.064551 0
0.698303 1.484749 1
0.831902 1.518549 1
1.310591 0.294812 0
1.086789 -0.170585 0
1.226426 1.146873 1
0.212370 1.728429 1
0.676151 0.025545 0
1.466336 0.552694 0
1.343330 1.160676 1
1.061034 -0.108108 0
1.291719 1.338657 1
1.842891 1.213911 1
1.311356 1.777222 1
0.268917 1.064156 1
1.757135 1.477179 1
1.590174 1.029278 0
1.355235 0.237576 0
0.747921 0.513392 0
1.129291 0.534732 0
1.878520 0.636039 0
0.909190 0.239726 0
1.983370 1.208992 1
1.361101 -0.132947 0
0.664393 0.704194 1
0.461011 0.974788 1
1.072279 1.300810 1
0.645426 0.511190 0
0.553783 0.471789 0
0.549419 0.834537 0
0.922227 1.265288 1
0.749933 0.493114 0
1.832956 0.196024 0
0.739605 0.695370 0
1.959357 1.340693 1
1.231352 0.559249 0
0.179939 0.789314 0
0.680521 0.006872 0
0.433435 0.264191 0
1.274841 1.913485 1
1.429325 1.247634 1
1.787281 1.308147 0
1.549508 1.508996 1
1.981564 1.015304 1
0.931668 1.333584 1
0.378848 0.048391 0
0.487656 0.516376 0
0.752152 0.649795 0
1.402962 0.412571 0
1.468914 0.607537 0
1.880356 1.388066 1
1.983738 -0.101642 0
0.855983 0.890020 0
1.174854 1.778595 1
0.608450 1.469651 1
1.249735 0.959407 1
1.082872 1.154134 0
0.789591 1.172069 1
1.525002 1.627895 1
0.429617 -0.337102 0
0.633636 0.014947 0
1.073193 0.381831 0
1.700640 1.615497 1
1.161205 1.070601 1
1.421254 0.124758 0
0.903810 0.841131 0
1.049029 1.497293 1
0.280590 1.394602 1
1.077036 1.042186 1
0.694644 1.969761 1
0.657349 0.191278 0
1.518937 1.064330 0
1.868457 0.379731 0
0.162626 2.007452 1
1.532570 0.199744 0
1.899798 1.302539 1
1.358186 1.582582 1
0.755085 1.837780 1
1.037997 1.615194 1
0.932915 -0.006585 0
0.854294 1.611659 1
0.534025 1.005164 0
1.866696 0.455590 0
1.980775 1.399935 1
1.746050 1.059995 1
0.275628 0.533700 0
1.677928 1.268872 1
1.715034 1.637448 1
0.172410 1.869828 1
0.578929 1.047295 0
0.364436 1.740096 1
1.868216 1.867897 1
0.575661 1.528960 1
1.456651 1.482555 1
0.963753 1.471644 1
1.306314 0.690906 0
1.595029 1.195312 0
1.715517 1.156703 0
1.316424 1.783215 1
1.716795 1.036294 1
0.258307 1.200970 1
1.474990 0.610384 0
0.982373 1.262056 0
1.289345 0.684231 0
1.125940 0.695184 0
0.220642 0.700101 0
0.053785 -0.086446 0
0.338395 0.661524 0
1.974933 1.512605 1
0.957979 1.559428 1
0.566740 -0.217202 0
0.227108 -0.060250 0
0.671105 0.346123 0
1.456545 1.024217 0
0.400763 1.398527 1
1.201602 2.200284 1
1.909923 1.084327 1
0.343697 1.057858 0
0.312152 0.840120 1
1.914350 0.506996 0
0.608865 2.186131 1
1.017863 0.977193 1
1.445610 0.045862 0
1.374680 0.630013 0
0.488389 1.365172 1
0.781896 0.137642 0
0.047923 0.476333 0
0.081261 1.737077 1
1.529393 0.378008 0
0.442422 2.084083 1
1.915892 -0.200655 0
1.425431 1.545171 1
1.004518 1.721966 1
0.639601 0.674975 0
1.142979 0.354025 0
1.651105 0.771695 0
1.313064 1.696676 1
0.195980 1.186492 0
1.478338 1.133088 1
1.476552 0.904999 1
1.440208 1.869105 1
1.649687 1.106989 0
1.426784 0.645242 0
1.400233 -0.293613 0
0.468834 0.484461 0
1.527088 1.961275 1
0.842673 0.994094 0
0.304979 1.948656 1
