0.117509 1.120124 1
1.732482 1.169557 1
0.815584 1.799354 1
1.378213 0.356469 0
1.536003 1.022561 1
1.914971 0.179687 0
0.179639 0.343035 0
0.776377 0.226772 0
1.902820 0.756471 0
1.257367 1.205993 1
0.447470 1.324944 1
0.589241 0.116549 0
1.681643 1.605670 1
0.718899 1.757156 1
0.026791 1.852337 1
0.169681 0.918065 0
1.609481 0.425637 0
1.802285 2.005084 1
1.108003 0.779486 0
0.709564 1.669334 1
0.636736 0.189327 0
1.997431 0.027218 0
0.436768 0.547817 0
1.497363 1.680424 1
0.854877 0.416323 0
0.821927 0.926254 0
1.373882 0.218844 0
0.885473 1.472525 1
1.029804 0.714661 0
0.335208 0.857272 0
1.149212 1.985755 1
0.576123 0.341581 0
0.868793 0.131671 0
0.894607 0.305345 0
0.398150 1.814674 1
0.491103 0.843230 0
0.048213 1.358402 1
1.869510 1.645247 1
0.267708 0.363081 0
0.835536 0.311197 0
1.349039 0.806104 0
1.252486 1.370374 1
1.328837 0.941928 0
0.850617 1.658669 1
1.149035 1.324267 1
0.324362 1.908367 1
0.984093 0.691328 0
0.864956 1.689744 1
0.797200 0.554883 0
0.710599 1.479918 1
0.506969 1.530413 1
0.910311 1.010775 1
0.169931 1.990911 1
0.216022 1.055611 1
1.801088 1.257140 1
0.510718 1.675662 1
0.334858 1.481971 1
1.767135 0.568396 0
0.395525 1.473860 1
1.531004 1.206159 1
0.390449 0.277487 0
0.237012 1.620579 1
0.306155 0.232429 0
1.913506 0.226499 0
1.619434 1.373304 1
0.032773 0.866576 0
1.277435 0.579246 0
0.579860 1.156480 1
1.142363 0.320478 0
0.041079 1.401269 1
0.264894 0.664490 0
1.875349 0.926348 0
0.310009 1.241010 1
0.990448 1.852648 1
1.674245 0.573767 0
1.423129 0.814575 0
1.371136 1.207173 1
1.047701 1.198756 1
1.824588 1.660448 1
1.556818 1.128631 1
0.483538 1.477077 1
1.695174 0.478576 0
1.324445 1.398964 1
0.587602 0.979274 0
1.596490 1.226864 1
1.497237 1.600998 1
1.267070 1.744931 1
1.344406 1.444860 1
1.450557 1.948797 1
1.023399 0.604150 0
0.332114 1.746167 1
1.373637 0.305780 0
0.043692 0.156445 0
1.755007 1.088994 1
0.702950 0.596704 0
0.887414 0.301243 0
1.360997 0.635281 0
0.033142 1.751875 1
0.715110 1.879422 1
0.246478 1.570494 1
1.334272 1.902397 1
1.866272 1.303625 1
0.324601 1.003829 1
0.695585 1.841144 1
1.210596 0.228903 0
0.643260 1.000370 0
0.903530 0.769056 0
1.179309 1.210149 1
0.126798 1.406553 1
1.361129 1.726298 1
1.379671 0.991045 0
1.685727 1.102340 1
0.026430 1.254250 1
0.633504 0.268842 0
0.018437 1.213117 1
0.544689 0.115014 0
0.378246 1.702521 1
1.308761 1.451419 1
1.914358 0.257713 0
1.119293 0.425149 0
0.452834 1.244555 1
0.523815 0.738833 0
1.719784 1.614366 1
1.337211 1.605576 1
0.404636 1.258110 1
0.392399 0.281254 0
0.017338 0.857301 0
0.719567 1.089787 1
0.507701 0.228350 0
0.154414 0.575117 0
1.905461 1.584880 1
1.115447 0.730457 0
0.571985 1.720940 1
0.614097 1.095966 1
1.992611 0.163411 0
0.738601 0.183790 0
1.668081 0.457398 0
0.365189 1.853617 1
1.979186 0.113680 0
1.714402 0.795659 0
0.007328 1.675163 1
1.799193 1.384706 1
0.403351 0.009276 0
1.794599 0.791441 0
1.056117 0.514505 0
1.775559 0.879965 0
0.129351 1.884290 1
1.687315 1.145132 1
0.329661 0.754618 0
0.720842 0.168174 0
1.595189 0.136866 0
1.439134 1.389941 1
1.175280 1.363038 1
1.494010 1.462180 1
0.177128 1.740678 1
1.298127 0.172095 0
1.780824 0.112376 0
0.405343 1.966306 1
0.699486 1.841921 1
1.274078 0.429358 0
0.596098 1.052137 1
0.327839 1.803956 1
0.275214 1.556644 1
0.063786 1.560280 1
0.306269 0.901817 0
1.386268 0.225908 0
0.737268 1.974603 1
0.389166 0.372745 0
0.422019 1.249514 1
1.763167 0.397747 0
1.406115 1.322929 1
1.025907 1.846362 1
0.416528 1.274272 1
0.959081 1.886974 1
1.272135 1.067288 1
0.678904 0.689860 0
1.475501 0.383133 0
0.893838 1.171620 1
0.280339 0.315100 0
1.023660 1.213133 1
0.997596 1.366548 1
1.786437 1.177515 1
0.013924 1.749517 1
1.859912 0.379719 0
1.033905 0.887065 0
1.302045 0.094324 0
0.405396 0.824364 0
1.535397 1.465999 1
0.672125 0.804109 0
0.502208 0.777832 0
0.822118 1.473036 1
1.587761 1.470563 1
0.285342 0.549335 0
1.707252 0.736094 0
0.333757 1.808045 1
1.150924 1.308260 1
1.260287 0.171182 0
0.036554 0.052278 0
0.729454 1.386365 1
0.674701 0.139730 0
1.334874 0.401872 0
1.346423 1.310809 1
0.311592 1.080376 1
1.834162 0.938885 0
1.570733 1.066062 1
1.270604 0.741664 0
0.214924 1.611952 1
0.006657 0.627659 0
0.309934 0.643463 0
1.903310 0.879923 0
1.326894 1.514799 1
0.814610 1.695463 1
1.361631 1.984273 1
1.240710 1.724503 1
0.497809 0.557557 0
1.110133 0.771301 0
1.947074 0.919651 0
1.758530 0.809027 0
1.338187 1.625378 1
1.280196 1.180356 1
1.471358 0.926489 0
1.293872 1.145672 1
1.230496 0.675887 0
0.419626 0.676968 0
1.427038 0.752000 0
0.348717 1.454123 1
1.672899 0.366868 0
1.919007 1.570874 1
0.509730 1.809932 1
0.021791 1.706606 1
1.142423 0.373614 0
0.414982 0.506643 0
1.461218 0.346787 0
0.846887 0.170012 0
1.595676 0.244851 0
1.031645 0.951960 0
0.498723 1.466945 1
0.145709 1.299681 1
0.233278 0.139050 0
1.468255 1.679144 1
0.857457 1.552854 1
1.161472 0.456534 0
1.827057 0.552517 0
1.423437 0.293240 0
1.903500 0.700479 0
0.571482 0.827208 0
0.296346 1.094948 1
0.790989 1.323690 1
1.185960 1.129798 1
0.816546 0.518291 0
1.611680 0.963684 0
1.246630 1.425207 1
1.843450 1.696331 1
1.843752 1.295511 1
1.772274 1.539790 1
1.931661 1.825565 1
0.765333 0.211923 0
1.531105 0.847838 0
0.116728 1.321213 1
0.012446 0.176996 0
1.482782 1.607271 1
0.170717 0.093387 0
0.152110 1.960237 1
0.222307 1.831460 1
0.748426 0.036194 0
0.898904 1.314503 1
0.160657 1.643782 1
1.383527 1.111928 1
0.811845 0.424996 0
1.449311 0.684641 0
1.101046 0.216169 0
1.396644 0.300764 0
1.538272 2.003821 1
1.398297 1.252669 1
1.261327 0.581147 0
0.695767 1.101349 1
0.607875 1.093187 1
0.019107 1.345741 1
1.131749 0.898381 0
1.606074 1.971047 1
1.373947 1.821723 1
1.951786 1.010838 1
1.014439 1.788815 1
0.250858 0.497098 0
1.575981 1.885147 1
0.197703 1.271990 1
1.227714 1.087730 1
0.237741 1.983493 1
1.086829 0.093179 0
1.205477 0.660647 0
1.192166 0.819403 0
0.558242 1.349348 1
1.110083 1.022240 1
0.755142 0.005359 0
0.636797 0.264676 0
1.581610 1.785571 1
1.416195 1.034345 1
1.589347 1.913401 1
0.611532 0.233682 0
1.527448 0.900568 0
1.853880 1.512159 1
0.948341 1.862309 1
0.214729 0.413748 0
1.067233 0.239426 0
1.275190 1.385927 1
1.946294 1.334819 1
1.502724 0.767815 0
1.430031 0.401245 0
0.661513 0.364298 0
0.506259 1.913162 1
0.648453 0.599273 0
0.281310 0.098717 0
1.637078 1.750612 1
0.782257 0.859694 0
0.807696 0.995448 0
0.592007 1.109441 1
1.959056 1.795868 1
0.004262 0.984824 0
1.609429 1.506505 1
1.934809 1.577065 1
0.990683 0.102979 0
1.695736 1.397365 1
1.578483 1.116252 1
1.866094 1.589386 1
0.674873 0.953493 0
1.188915 0.007903 0
1.397382 0.431518 0
0.230043 1.330470 1
0.806733 1.402598 1
0.987530 1.966549 1
0.475595 0.962554 0
0.043573 0.193759 0
0.401015 1.831589 1
0.862641 1.617245 1
1.513412 0.489145 0
0.398016 0.532000 0
0.573751 1.700941 1
1.890384 1.692074 1
1.966790 0.339798 0
0.596809 0.891279 0
1.903931 1.247136 1
1.938357 1.050507 1
0.113664 1.947105 1
1.565409 0.290452 0
0.453739 0.352830 0
1.598624 1.422424 1
1.405074 1.630840 1
1.521340 0.254308 0
0.865150 1.309216 1
1.664346 0.070648 0
0.782717 0.008905 0
0.721934 0.322812 0
0.888383 0.491584 0
1.698043 0.416191 0
1.427346 0.457785 0
1.727778 1.700152 1
1.192849 1.992061 1
1.178735 0.462653 0
0.627085 0.723090 0
1.007589 0.786987 0
0.764863 1.791164 1
1.765359 0.258168 0
1.672896 0.884751 0
1.384503 1.122998 1
0.732322 0.041340 0
0.164241 0.530023 0
1.478327 1.133447 1
1.329461 1.574690 1
1.751773 1.470555 1
0.918057 0.028835 0
1.381627 0.676995 0
1.039511 1.525470 1
1.146929 0.052542 0
0.053172 1.005623 1
0.646883 1.648079 1
1.079424 0.535155 0
1.035120 1.492920 1
1.913993 0.956001 0
0.692754 0.756369 0
0.692653 1.202524 1
0.979343 1.860403 1
0.951247 0.031069 0
1.615399 0.879437 0
0.780911 1.204655 1
1.004231 0.075208 0
0.581084 1.882958 1
0.043210 1.219560 1
0.037903 0.809574 0
0.882153 0.168707 0
0.723533 1.572996 1
1.061860 0.427375 0
1.236441 1.743075 1
0.717797 1.462700 1
0.347172 0.380195 0
1.895695 1.137816 1
1.875460 0.121222 0
0.398872 0.330846 0
0.347970 1.000353 0
1.983582 0.155511 0
0.674468 1.030885 1
0.939552 1.851751 1
0.469315 0.949248 0
0.017635 1.104416 1
1.703857 1.605456 1
1.625171 0.646232 0
0.650843 1.891680 1
0.370249 1.549158 1
0.236811 0.042816 0
1.024574 1.716230 1
1.913935 0.432866 0
1.709411 1.562961 1
0.712498 1.572552 1
1.569252 0.485222 0
1.931024 0.140643 0
0.827424 1.428578 1
0.245855 0.588532 0
1.374797 0.259321 0
0.936245 0.724788 0
0.432626 1.791273 1
1.943480 0.370184 0
0.613426 1.137867 1
1.194865 1.338342 1
1.980056 1.881468 1
0.421468 1.122832 1
1.675267 0.153580 0
1.529825 0.777696 0
1.228905 0.896853 0
0.013931 1.969544 1
1.074604 0.536285 0
0.510889 1.200737 1
0.595646 0.459354 0
1.498586 1.900243 1
1.850138 0.475352 0
0.586633 1.795714 1
0.767907 1.076610 1
0.558058 0.688704 0
0.465346 0.448273 0
1.594358 1.617468 1
1.258393 0.546318 0
0.243850 1.451792 1
0.568124 0.088389 0
0.156564 1.679107 1
1.196149 1.209685 1
1.669741 1.284581 1
1.634886 1.728153 1
0.962009 1.561910 1
0.761731 0.084433 0
0.423537 0.130675 0
0.079107 1.015553 1
0.027037 0.745490 0
1.605154 0.669011 0
0.464059 0.113264 0
0.229925 0.131387 0
0.716826 1.577154 1
0.052371 0.517173 0
0.550079 1.117759 1
1.149568 0.212748 0
1.402679 0.657447 0
0.680031 1.397194 1
1.250167 1.727359 1
1.705793 2.002425 1
1.352706 1.191691 1
0.503505 1.951567 1
1.969603 0.472456 0
0.928620 1.584652 1
1.685103 0.764108 0
0.297965 0.108308 0
0.592968 0.726360 0
1.837085 0.456384 0
0.808925 1.910838 1
0.288332 0.561388 0
0.949004 0.575550 0
0.084218 0.218259 0
1.802612 1.351073 1
1.896534 0.985099 0
1.755665 0.583683 0
1.608830 1.757154 1
1.775207 1.207340 1
1.453465 0.301222 0
1.263097 0.800607 0
0.088860 0.812334 0
1.259855 0.510170 0
0.342295 0.386332 0
1.411596 0.094827 0
0.227303 1.912936 1
1.245954 1.926804 1
1.642318 0.815178 0
0.941996 1.324488 1
1.775369 0.554798 0
1.117519 0.102459 0
0.958897 1.911379 1
0.286745 0.825101 0
1.361251 1.605418 1
0.095513 0.783716 0
0.748559 1.656619 1
0.508063 0.396831 0
1.053142 1.988688 1
0.621957 0.834899 0
1.275859 1.751738 1
0.901777 1.902302 1
0.952189 1.222959 1
0.052303 0.295650 0
0.059677 0.633887 0
1.143283 0.655882 0
1.114044 0.280608 0
1.534952 0.889508 0
0.326906 0.215105 0
0.414183 0.016465 0
1.426121 0.225830 0
0.853853 1.808476 1
0.330324 0.604745 0
0.506237 0.834911 0
1.568215 0.776556 0
1.563351 1.460431 1
0.278455 1.514135 1
1.160609 0.718684 0
0.073788 0.823419 0
0.801240 1.820546 1
0.505620 0.304900 0
0.249578 0.537810 0
0.229929 0.660551 0
1.118821 1.934480 1
1.007907 1.818612 1
0.848832 0.948762 0
0.612206 1.868287 1
0.714080 1.652241 1
1.374800 1.578804 1
0.406928 0.589469 0
1.833925 1.039658 1
0.627343 1.841901 1
0.302082 1.642229 1
0.450264 0.771019 0
0.915176 0.854797 0
1.834946 0.137840 0
1.714587 0.829197 0
0.260320 0.201668 0
1.470874 1.062297 1
1.559365 0.542961 0
1.625889 0.308810 0
0.961752 0.431395 0
0.294257 0.388390 0
0.514061 1.915727 1
1.362579 0.592912 0
1.687238 1.852492 1
1.573643 0.508883 0
0.238784 1.799471 1
1.670517 0.729345 0
0.648148 0.667167 0
1.660084 0.758682 0
1.234291 0.533803 0
1.170704 1.610895 1
1.377657 0.980902 0
1.003081 0.554057 0
0.223283 1.828554 1
0.621965 0.558137 0
0.534134 0.109060 0
0.382640 0.799479 0
1.865540 1.222748 1
0.278685 0.909425 0
0.981664 1.279935 1
0.233894 0.656001 0
1.303810 0.403442 0
0.209619 1.475766 1
0.146666 0.165948 0
1.252918 1.059560 1
0.039360 0.599195 0
0.707533 0.261691 0
1.756283 1.012229 1
0.090890 1.824368 1
0.683874 1.413256 1
0.474496 0.689867 0
1.737244 1.024502 1
1.773437 1.099682 1
1.134138 1.898511 1
0.832849 0.912257 0
0.982688 0.739389 0
1.204434 0.245231 0
0.109860 0.560650 0
1.467568 0.746605 0
1.373690 0.924485 0
0.999187 1.169074 1
1.379076 1.114805 1
1.558325 0.360134 0
0.103509 0.074842 0
0.396919 0.825353 0
0.770459 0.267128 0
1.828556 1.606791 1
1.732649 0.618510 0
1.098731 0.031063 0
0.959497 0.762544 0
0.589133 1.773542 1
0.190186 0.033906 0
1.948430 1.299121 1
0.926128 1.922361 1
0.914152 1.008444 1
0.771828 1.245096 1
0.694914 1.076221 1
0.841152 0.660348 0
1.035680 1.163506 1
1.729617 0.245746 0
0.182373 0.485841 0
0.319049 1.386530 1
0.866465 0.911029 0
0.952007 1.270610 1
1.546180 0.745967 0
1.155066 1.922138 1
1.566399 1.258307 1
1.741811 1.695094 1
1.372170 0.718672 0
1.752926 1.562231 1
1.011439 0.340789 0
1.399207 0.822519 0
0.456919 1.082459 1
0.522224 0.453779 0
1.511830 1.343792 1
1.997076 0.669410 0
0.526373 0.607509 0
0.622086 0.563491 0
0.357426 0.524496 0
1.627070 1.160354 1
1.309304 0.680726 0
0.158149 1.404104 1
0.367755 1.437010 1
1.162894 1.730369 1
0.875332 0.065544 0
0.991965 0.700849 0
1.413551 0.033816 0
1.208915 1.491119 1
1.703062 1.675610 1
0.707911 1.075133 1
0.088558 0.769507 0
1.221397 0.328067 0
1.456529 1.485962 1
1.628168 1.133607 1
0.107907 0.539629 0
1.839959 0.969238 0
1.717405 1.222322 1
1.080234 1.994092 1
1.780993 0.444231 0
1.036403 0.300972 0
1.030852 1.274264 1
1.426500 1.475586 1
1.186487 0.393076 0
1.579284 1.994910 1
1.901616 1.104322 1
1.852725 1.236966 1
1.347152 0.309735 0
0.190548 0.812108 0
1.548573 1.668840 1
0.012458 0.791902 0
0.861161 0.908765 0
1.042560 0.673382 0
0.835668 1.489868 1
0.306289 1.983649 1
0.678359 0.214423 0
0.752832 0.538364 0
0.334967 0.525922 0
1.901195 1.756757 1
0.708396 0.474798 0
1.363748 0.688560 0
1.321763 1.251960 1
1.249969 0.462272 0
1.178338 1.432569 1
0.145217 1.020859 1
0.056702 1.783943 1
0.376652 0.201733 0
1.047579 1.203164 1
0.657364 0.244743 0
1.364847 0.070267 0
1.475518 1.917597 1
1.386757 0.286276 0
1.340503 1.336917 1
0.257212 1.823126 1
1.371992 1.779733 1
0.419388 1.798939 1
0.410894 0.353845 0
1.783638 1.348809 1
1.012063 1.969620 1
1.302528 0.123724 0
1.608819 1.956019 1
0.513249 0.228519 0
0.698575 1.903436 1
0.384527 0.440256 0
0.746783 0.421317 0
1.391640 0.777109 0
1.230937 1.271589 1
1.587517 1.469529 1
1.215370 1.963385 1
0.540356 0.863000 0
1.276346 0.984133 0
0.421695 0.199477 0
0.164556 0.900573 0
1.408004 1.708172 1
1.750182 1.259376 1
0.089537 0.508324 0
1.517267 1.399269 1
0.628979 0.974202 0
0.082697 0.899658 0
0.926484 0.658623 0
1.763301 1.477108 1
1.988445 0.385992 0
0.969398 1.291936 1
1.916504 1.695452 1
0.850966 0.964849 0
1.400427 0.773534 0
0.432992 0.715008 0
1.759521 1.514293 1
0.333559 0.159539 0
1.366381 1.530533 1
0.394416 0.975735 0
1.008869 0.700338 0
1.819248 0.798145 0
1.892763 1.187180 1
0.809726 1.610418 1
1.515000 0.837196 0
1.379807 1.969427 1
0.883570 0.370086 0
0.591752 1.719136 1
0.094128 1.637648 1
0.528452 0.800953 0
1.976751 1.802620 1
1.642329 1.061825 1
1.949040 1.274495 1
0.412111 0.584011 0
0.401132 0.570645 0
1.943784 1.631046 1
0.529301 0.470266 0
0.605985 1.874496 1
0.321788 1.148236 1
0.636919 0.389423 0
1.678453 0.608230 0
1.619067 1.439928 1
0.980859 0.728217 0
0.252764 1.535384 1
0.525279 0.608494 0
0.936856 0.659979 0
1.311996 1.168886 1
1.435902 1.421468 1
0.028564 0.578340 0
1.659351 1.996694 1
0.495488 0.941830 0
0.916212 0.375596 0
0.869480 1.025955 1
1.561518 1.417993 1
0.361711 1.919241 1
1.997727 0.455857 0
0.382341 1.946872 1
1.684266 1.230783 1
1.340197 1.673903 1
0.111105 1.711534 1
0.199592 0.226040 0
0.072699 1.159925 1
0.021965 0.659536 0
0.976716 1.475868 1
1.308391 1.757678 1
1.699690 0.405597 0
0.243229 0.874683 0
0.548549 1.676024 1
1.597269 0.794799 0
1.782530 0.102054 0
0.716214 1.032557 1
1.222393 0.571825 0
1.629439 0.952557 0
1.938538 1.162730 1
1.007046 1.371357 1
0.079108 1.931241 1
0.060965 0.103214 0
1.840029 1.187718 1
1.046043 0.572629 0
0.889316 1.754490 1
1.820908 0.113603 0
0.572706 0.705669 0
0.519109 0.429594 0
0.866541 0.131210 0
0.910190 1.135923 1
1.528135 1.139074 1
1.097444 0.388199 0
1.667045 1.813114 1
1.739191 1.608075 1
1.425333 0.397227 0
1.142877 1.694120 1
1.573357 1.384007 1
0.908046 1.767876 1
0.950771 0.508300 0
1.476556 1.291969 1
1.009488 0.542856 0
0.520294 1.744351 1
0.413041 1.448608 1
1.228619 1.255715 1
0.114880 1.196702 1
0.935383 0.099019 0
1.900337 1.096617 1
0.125691 1.873885 1
0.084644 0.269812 0
0.878209 1.514642 1
0.538102 0.022587 0
0.624637 0.006315 0
1.264208 1.489555 1
0.763809 0.237019 0
0.674509 0.649718 0
1.309311 1.137333 1
1.054533 0.468694 0
0.583150 1.257148 1
1.430648 1.520845 1
0.907975 0.349244 0
1.056984 1.977653 1
1.929317 0.137191 0
0.663772 0.644303 0
1.779662 1.146875 1
0.904397 1.839980 1
0.340230 1.720029 1
1.620658 1.985209 1
1.945367 0.921911 0
0.595898 0.690716 0
0.155833 1.890986 1
1.668337 1.558307 1
1.113252 0.077788 0
1.223070 1.386980 1
0.687843 1.458963 1
0.810394 1.029022 1
0.004277 1.858216 1
1.255414 1.883878 1
0.728319 1.980077 1
1.995615 1.209186 1
0.446244 1.438835 1
0.761931 0.999074 1
1.915886 0.315678 0
0.716702 1.698431 1
0.583693 -0.006361 0
0.686553 1.085656 1
1.416355 0.162378 0
1.497108 0.414813 0
1.010775 1.558628 1
1.945250 1.080683 1
0.614706 1.229100 1
1.542657 1.909026 1
0.175241 0.702904 0
1.671564 1.491960 1
1.497845 0.208821 0
0.165776 1.883757 1
0.520651 1.268052 1
0.779266 1.524774 1
1.793017 0.311014 0
0.240298 0.835944 0
0.904024 1.518210 1
1.778328 1.381871 1
1.111982 1.272260 1
0.453252 0.358462 0
1.127466 0.076390 0
0.782424 1.962661 1
0.226399 1.140514 1
0.172604 0.787754 0
0.489575 0.426851 0
0.645531 1.200785 1
0.783106 1.175714 1
1.356918 0.057872 0
1.156339 0.152328 0
1.164784 1.197593 1
0.156202 1.345399 1
0.725662 0.147763 0
1.526710 0.225481 0
1.287093 1.413558 1
1.113920 0.080384 0
1.236979 1.234109 1
1.792172 1.098282 1
1.257666 1.914136 1
0.217352 1.310092 1
1.700804 1.684810 1
1.646646 0.978160 0
1.416716 0.047116 0
0.808914 0.578588 0
1.184109 0.189437 0
1.935111 0.436588 0
0.963402 0.640281 0
1.937374 1.401083 1
1.427027 0.092411 0
0.607693 1.083426 1
0.402797 1.072468 1
1.027929 1.683340 1
0.706070 0.316371 0
0.607007 0.751955 0
0.605116 0.986013 0
0.864173 1.111348 1
0.802883 0.736134 0
1.876571 0.307180 0
0.793112 0.430074 0
1.909493 1.403769 1
1.295254 0.574047 0
0.237002 0.936381 0
0.726345 0.041850 0
0.485240 0.653691 0
1.218859 1.698990 1
1.368826 1.102554 1
1.839288 0.963317 0
1.494251 1.310254 1
1.925903 1.102830 1
0.877534 1.584079 1
0.440557 0.146149 0
0.545360 0.864031 0
0.799585 0.987573 0
1.460240 0.286303 0
1.521647 0.835101 0
1.828552 1.523249 1
0.040887 0.115067 0
0.910300 0.834508 0
1.111182 1.835758 1
0.545687 1.139172 1
1.195844 1.199243 1
1.147603 0.910599 0
0.734036 1.150672 1
1.467647 1.921536 1
0.469614 0.061036 0
0.682327 0.272883 0
1.131069 0.049440 0
1.641653 1.731021 1
1.106912 1.141606 1
1.479526 0.330252 0
0.958276 0.673133 0
0.999365 1.522701 1
0.224253 1.048279 1
1.021701 1.278917 1
0.632122 1.561902 1
0.711629 0.442926 0
1.572736 0.935951 0
1.917475 0.649179 0
0.098889 1.998170 1
1.587446 0.150692 0
1.847958 1.375590 1
1.303511 1.432981 1
0.695162 1.738697 1
0.985508 1.315317 1
0.985993 0.258473 0
0.796840 1.270176 1
0.587779 0.889840 0
1.914849 0.414037 0
1.931214 1.619280 1
1.686034 1.255867 1
0.329535 0.498890 0
1.622922 1.642938 1
1.664475 1.925837 1
0.117571 1.732346 1
0.639168 0.823527 0
0.307514 1.856357 1
1.809391 1.649546 1
0.526265 1.304659 1
1.402760 1.484011 1
0.911712 1.465380 1
1.363067 0.595833 0
1.655495 0.950749 0
1.773910 0.850476 0
1.257431 1.417000 1
1.660092 1.015317 1
0.196423 1.257043 1
1.520319 0.549066 0
1.036526 0.906836 0
1.336163 0.790552 0
1.172881 0.467267 0
0.274348 0.668970 0
0.116269 0.018543 0
0.389906 0.697028 0
1.919311 1.558983 1
0.905185 1.460816 1
0.627022 0.079380 0
0.279548 0.240209 0
0.729568 0.127189 0
1.509258 0.995266 0
0.348894 1.648550 1
1.152081 1.927973 1
1.854434 1.060791 1
0.397709 0.870863 0
0.256422 1.205114 1
1.972952 0.366167 0
0.543961 1.927882 1
0.967864 1.094087 1
1.506686 0.405849 0
1.433326 0.337119 0
0.434220 1.055856 1
0.835157 0.497029 0
0.110036 0.794860 0
0.022102 1.992664 1
1.573973 0.131787 0
0.395267 1.678414 1
1.970778 -0.003211 0
1.371141 1.392297 1
0.949679 1.491025 1
0.701481 0.671425 0
1.203640 0.276268 0
1.700486 0.519154 0
1.257493 1.644379 1
0.246768 0.899924 0
1.426016 1.379442 1
1.420947 1.025204 1
1.386402 1.511206 1
1.706888 0.912178 0
1.481727 0.747352 0
1.492265 0.000396 0
0.524118 0.632404 0
1.472520 1.800197 1
0.883940 0.741689 0
0.253555 1.557152 1
