0.445577 0.976604 1
0.063330 1.159949 1
1.145860 1.948959 1
1.049977 0.522626 0
1.865917 0.931097 1
1.586282 0.115631 0
1.854439 0.572104 0
0.442752 -0.003264 0
1.573090 0.766877 0
1.587236 1.256415 1
0.775906 1.298561 1
0.256098 0.166003 0
0.013226 1.615613 1
1.048425 1.861978 1
0.355459 1.869419 1
1.842415 0.790700 0
1.279009 0.556386 0
0.126607 2.235972 1
0.778587 0.666892 0
1.041185 1.447733 1
0.309671 0.271960 0
1.668059 0.223877 0
0.105528 0.588648 0
1.825979 1.784331 1
0.523288 0.529637 0
0.493944 1.135138 0
1.046302 0.266089 0
1.215701 1.523677 1
0.698150 0.552977 0
0.005450 0.998423 0
1.479288 2.097929 1
0.247484 0.414887 0
0.539319 0.227667 0
0.564172 0.515502 0
0.726992 1.901773 1
0.162688 0.643524 0
0.377326 1.196448 1
0.199459 1.683852 1
1.937761 0.510989 0
0.507606 0.313288 0
1.020843 0.701810 0
1.583008 1.490737 1
1.001390 0.767052 0
1.180993 1.440200 1
1.483271 1.286415 1
0.658838 2.100031 1
0.654176 0.679532 0
1.194209 1.603725 1
0.468627 0.778288 0
1.040900 1.510304 1
0.835568 1.683705 1
1.239146 1.191492 1
0.494936 2.019003 1
0.546643 0.912613 1
0.132677 1.331497 1
0.842583 1.503175 1
0.665892 1.396252 1
1.435402 0.490787 0
0.723637 1.626884 1
1.863671 1.320218 1
0.059767 0.044455 0
0.567154 1.782282 1
1.976655 0.254236 0
1.584561 0.205288 0
1.946402 1.396052 1
1.702819 0.725298 0
0.945917 0.550073 0
0.910645 1.170952 1
0.812494 0.322763 0
0.371134 1.592988 1
1.936166 0.513532 0
1.545080 1.159579 0
0.636998 1.048492 1
1.320013 1.643966 1
1.347364 0.447390 0
1.091836 0.675048 0
1.699119 1.182856 1
1.375115 1.261162 1
0.155541 1.717672 1
1.888811 1.071160 1
0.810887 1.506246 1
1.364541 0.331466 0
1.654294 1.439218 1
0.258585 0.783346 0
1.924621 1.282079 1
1.823897 1.437676 1
1.597395 1.934778 1
1.673622 1.232132 1
1.783958 1.860226 1
0.692040 0.451566 0
0.663733 1.909521 1
1.046268 0.225032 0
1.711738 0.220322 0
0.085968 1.065576 1
0.371544 0.581341 0
0.556545 0.220791 0
1.031504 0.788732 0
0.361815 1.857286 1
1.043420 1.705086 1
0.577956 1.580905 1
1.664393 1.702893 1
0.196211 1.220260 1
0.653971 0.877299 1
1.026242 1.863510 1
0.877183 0.228150 0
0.311500 1.137731 0
0.575379 0.855595 0
1.509469 1.161421 1
0.458894 1.219444 1
1.689717 1.721657 1
1.048982 0.936072 0
0.015245 1.036290 1
0.354993 1.102027 1
0.305354 0.383412 0
0.348171 0.993997 1
0.214626 0.180057 0
0.707668 1.873589 1
1.639033 1.614589 1
1.584315 0.355409 0
0.789897 0.222865 0
0.781743 1.172590 1
0.194242 0.815500 0
0.048318 1.626911 1
1.668294 1.793573 1
0.740495 1.214447 1
0.063035 0.447631 0
1.688900 0.887418 0
1.047696 0.961352 1
0.176539 0.371747 0
1.822167 0.707124 0
0.235507 1.699195 1
0.786269 0.893989 0
0.901861 1.596621 1
0.942763 1.321472 1
1.664045 0.172569 0
0.407804 0.071872 0
1.340367 0.291681 0
0.694779 1.657444 1
1.650283 0.039448 0
1.381925 0.764477 0
0.337826 1.694567 1
0.128706 1.336128 1
0.080858 0.029915 0
1.465584 0.674692 0
0.724442 0.601486 0
1.445147 1.060173 0
0.460303 1.933843 1
0.016617 0.978333 1
0.000405 0.522310 0
0.390765 0.241516 0
1.261864 0.281927 0
1.767722 1.531007 1
1.506789 1.196017 1
1.823250 1.591680 1
0.505847 1.807226 1
0.969964 0.195454 0
1.458962 0.011277 0
0.728768 2.015383 1
1.029586 1.780627 1
0.942761 0.271024 0
0.926767 1.240556 1
0.659700 1.776979 1
0.604885 1.404271 1
0.396436 1.738164 1
1.973388 0.669982 0
1.056304 0.183123 0
1.066133 1.758615 1
0.060164 0.255074 0
0.753349 1.427664 1
1.433185 0.529820 0
1.736033 1.514569 1
1.351853 1.922832 1
0.750361 1.305134 1
1.288125 1.904509 1
1.599302 0.953344 1
0.348173 0.474595 0
1.144753 0.183267 0
1.224947 0.969981 1
1.950975 0.384290 0
1.353615 1.303833 1
1.324794 1.317688 1
0.115632 1.037748 1
0.344362 1.700420 1
1.531070 0.565629 0
0.705293 0.953806 0
0.973384 -0.001508 0
0.073982 1.008313 0
1.864216 1.648428 1
0.337125 0.992625 0
0.173418 0.811712 0
1.154257 1.586772 1
1.916889 1.302049 1
1.956406 0.633031 0
1.374265 0.749164 0
0.665185 1.670959 1
1.484089 1.280683 1
0.933325 -0.024247 0
1.706557 -0.011039 0
1.059602 1.221506 1
0.347402 0.223103 0
1.005371 0.491600 0
1.676100 1.332323 1
0.641262 0.869587 1
1.506646 1.159282 0
1.901136 1.151289 1
0.944289 0.689586 0
0.548017 1.458230 1
1.680291 0.761335 0
1.979364 0.634953 0
1.574301 0.886775 0
1.657750 1.468029 1
1.144115 1.901591 1
1.694348 1.772801 1
1.571432 1.671443 1
0.168044 0.337959 0
0.779350 0.548116 0
1.614660 1.087786 0
1.426188 0.915841 0
1.668854 1.799120 1
1.610125 0.983931 1
1.143339 0.969790 0
1.625257 1.294214 1
0.900688 0.446385 0
0.089721 0.551907 0
1.096225 0.923641 0
0.678491 1.514506 1
1.344869 0.385291 0
0.247439 1.787385 1
0.840418 1.949538 1
0.351862 1.890401 1
0.811944 0.427010 0
0.084336 0.615570 0
1.129901 0.445568 0
0.518951 0.311565 0
1.262846 0.154909 0
0.703528 1.072140 0
0.826271 1.699370 1
0.475828 1.391802 1
1.903292 0.031980 0
1.797732 1.705930 1
1.188980 1.428197 1
0.831319 0.317287 0
1.494510 0.329405 0
1.091571 0.082782 0
1.574927 0.772350 0
0.241191 0.788811 0
0.625325 1.186812 1
1.122878 1.498788 1
1.518230 0.922798 1
0.485574 0.484162 0
1.282755 0.771281 0
1.578648 1.553602 1
0.174178 1.599081 1
0.173670 1.410005 1
0.100478 1.713079 1
0.266765 1.832956 1
0.433099 0.143296 0
1.200101 0.693316 0
0.450817 1.449226 1
1.682231 0.122006 0
1.813193 1.444439 1
1.843590 0.020226 0
0.480497 2.027066 1
0.553657 1.897123 1
0.420207 -0.083476 0
1.229926 1.446971 1
0.492475 1.476132 1
1.710986 1.336189 1
0.483359 0.333226 0
1.116663 0.678695 0
0.772506 0.442837 0
1.067552 0.280456 0
1.876251 2.125528 1
1.727164 1.462497 1
0.931374 0.610127 0
1.026391 1.199466 1
0.938108 1.089977 1
0.350085 1.469753 1
0.803896 1.041952 0
1.935842 1.833934 1
1.702148 1.861307 1
0.280771 1.007816 1
1.342141 1.995403 1
1.920944 0.360633 0
1.906877 1.945072 1
0.529399 1.057532 1
1.558435 1.061591 1
0.566586 1.807082 1
0.762106 -0.058351 0
0.877435 0.572519 0
0.863012 0.786588 0
0.886624 1.189618 1
1.440817 1.162501 1
0.424681 -0.064659 0
0.307604 0.416635 0
1.915303 1.853001 1
1.745594 1.143857 1
1.919231 1.898487 1
0.285382 0.424243 0
1.198106 0.715852 0
0.181518 1.297902 1
1.280113 1.662679 1
1.886522 0.236565 0
0.740366 0.296377 0
1.605031 1.494678 1
0.274759 1.239183 1
1.173347 0.998698 0
1.100182 0.247214 0
0.331758 0.400866 0
0.839042 1.771548 1
0.317892 0.423096 0
1.951703 0.226340 0
1.968421 1.517972 1
0.456526 1.004949 0
0.479211 1.109987 0
0.923225 0.920272 1
0.292129 1.960366 1
1.671990 1.048288 0
1.937531 1.389491 1
0.261299 1.442404 1
0.658656 0.111860 0
0.025179 1.175056 1
1.907930 1.309227 1
0.197284 1.499263 1
0.340457 0.745037 0
0.852621 0.137534 0
1.069012 0.268851 0
0.554287 1.109914 1
1.138659 1.542176 1
1.322383 2.026888 1
0.144965 1.137132 0
1.711516 0.026416 0
0.728638 1.741715 1
1.193319 1.404853 1
1.188345 0.673914 0
0.067880 0.397283 0
0.904416 1.875308 1
0.220752 1.741766 1
1.633833 0.193376 0
0.265948 0.744029 0
0.232951 1.268553 1
0.267658 1.158986 1
0.444551 2.113765 1
1.233495 0.230941 0
0.123976 0.573869 0
1.927367 1.205701 1
1.733356 1.741078 1
1.190444 0.356551 0
1.196052 1.503770 1
1.330841 0.206511 0
0.444376 -0.109953 0
0.389154 0.516458 0
0.558279 0.608493 0
1.367830 0.200607 0
1.096941 0.478541 0
0.056156 1.618667 1
1.518326 2.155344 1
0.848661 0.608116 0
0.297330 0.506473 0
0.676128 0.607533 0
1.093952 1.652805 1
1.433467 0.422423 0
1.342986 0.754207 0
1.712301 1.180232 1
0.403180 0.211448 0
1.834843 0.433308 0
1.810476 1.346051 1
1.661243 1.537522 1
0.084703 1.301381 1
0.588514 -0.195232 0
1.050937 0.864281 0
1.363043 1.316549 1
0.814418 0.139234 0
0.385640 1.100719 1
0.978122 1.717052 1
0.746105 0.695036 0
1.360551 1.424912 1
1.582986 1.016556 0
0.360441 0.534157 0
1.021891 1.379948 1
1.307506 1.806466 1
0.620888 0.255432 0
1.285350 0.973960 0
1.108485 1.203502 1
0.674225 0.023074 0
0.911690 2.048454 1
0.370333 1.256551 1
1.708946 0.719466 0
0.549478 0.340556 0
1.051251 1.775732 1
0.734435 0.324904 0
1.568687 1.626027 1
1.047081 1.632032 1
0.017852 0.355135 0
0.227065 0.918522 1
1.546411 0.176608 0
0.068741 0.153500 0
0.018632 1.215442 0
1.655171 0.079840 0
1.005642 1.026990 1
1.270002 1.899233 1
0.140272 0.903228 0
0.346946 1.261671 1
0.033946 1.648497 1
1.295471 0.852841 0
0.980297 1.992740 1
0.698380 1.533800 1
1.901837 -0.162753 0
1.352640 1.541870 1
1.585366 0.578366 0
0.039016 1.638889 1
1.044192 1.770469 1
1.240505 0.486362 0
1.602050 -0.074325 0
1.157947 1.388076 1
1.917821 0.440292 0
1.046765 0.055096 0
0.606293 0.866972 0
0.759174 1.622121 1
1.614153 0.519784 0
0.942370 1.065248 1
1.526876 1.510741 1
0.311416 1.694920 1
0.752968 1.261347 1
1.342113 0.326444 0
1.199750 0.800578 0
0.898415 0.792754 0
0.350335 2.070194 1
0.742476 0.364170 0
0.842417 1.196127 1
0.264804 0.449177 0
1.828090 1.980526 1
1.519019 0.481041 0
0.917437 1.788174 1
1.096251 1.109448 1
0.228910 0.533763 0
0.136139 0.645185 0
1.928477 1.688157 1
0.928665 0.669531 0
0.575454 1.620904 1
0.237372 0.086143 0
0.484828 1.735010 1
1.526012 1.241350 1
0.001035 1.373838 1
1.967184 1.569540 1
1.291672 1.338214 1
0.428984 0.088069 0
0.093754 0.014308 0
0.408433 1.068239 1
1.697512 0.957639 0
1.276805 0.547104 0
0.133827 0.342668 0
1.899822 0.003810 0
1.046923 1.648753 1
1.721258 0.351068 0
0.883253 0.967906 1
0.819743 0.192234 0
1.069275 0.452752 0
1.016022 1.572286 1
1.580739 1.534865 1
0.028188 2.061026 1
1.682326 1.233877 1
0.836803 1.823287 1
1.639360 0.357689 0
1.257581 1.476298 1
1.354031 0.869727 0
1.965532 0.159736 0
0.263481 0.804683 0
1.506703 0.638313 0
1.134419 1.987216 1
1.958412 0.494471 0
0.622106 0.446014 0
1.750980 0.315189 0
0.131220 1.499837 1
1.566131 1.033331 0
1.422801 0.627819 0
1.938995 1.949338 1
0.105016 1.114571 1
1.123114 0.321422 0
0.932785 1.030412 0
1.758861 0.591924 0
0.928788 0.356207 0
0.012606 0.554974 0
1.080969 0.085518 0
0.556773 1.719626 1
1.575552 1.958482 1
1.313157 0.769294 0
1.273409 1.473926 1
1.445126 0.323916 0
0.788934 0.173248 0
1.289074 1.956365 1
1.955038 0.752583 0
1.691246 1.373535 1
1.764377 0.680125 0
1.076484 1.821028 1
0.176877 0.428791 0
1.384260 1.957152 1
0.290439 0.781815 0
1.604508 1.674418 1
1.235420 1.903361 1
1.285645 1.354298 1
1.723614 0.156569 0
1.728428 0.620471 0
0.815503 0.460799 0
0.785033 0.178160 0
1.205419 1.119746 0
1.995353 0.223249 0
0.083555 0.052149 0
1.095795 0.445191 0
1.183910 1.819375 1
1.999935 0.593781 0
0.177288 0.957206 0
1.236734 0.744685 0
1.894559 1.270158 1
0.607130 1.675638 1
0.826881 0.707581 0
1.743518 0.676873 0
1.130734 1.693672 1
0.174103 0.231571 0
1.920619 0.401503 0
1.903507 0.457408 0
1.450703 2.078485 1
1.333978 1.672072 1
0.517404 1.041829 0
0.942301 1.764422 1
1.044768 1.801186 1
1.704065 1.349335 1
0.077362 0.798403 0
0.164197 1.136996 1
0.956635 1.837325 1
0.631467 1.443707 1
0.122829 0.838326 0
0.584880 0.686365 0
1.503841 -0.088343 0
1.384661 0.946988 0
1.934305 0.164475 0
1.800130 1.213164 1
1.227792 0.540263 0
1.296817 0.529528 0
0.628632 0.228436 0
1.964089 0.245143 0
0.845321 1.957296 1
1.032367 0.678340 0
0.010542 2.053305 1
1.243041 0.326216 0
0.569153 1.637629 1
1.341173 0.942789 0
0.318470 0.753426 0
1.331181 0.730590 0
0.904826 0.527296 0
1.505214 1.754935 1
1.047298 1.133862 0
0.674088 0.484292 0
0.554051 1.950539 1
0.292614 0.425136 0
0.204050 0.285315 0
0.054232 0.633212 0
0.195064 1.355372 1
1.946598 1.030378 0
1.310595 1.422770 1
1.904735 0.871687 0
0.972993 0.572181 0
0.538679 1.260808 1
1.815039 0.189285 0
1.583798 0.931248 1
1.709561 0.394416 0
0.376876 0.144849 0
0.085194 0.904806 1
0.419801 1.647558 1
1.017135 1.403980 1
0.143553 0.701117 0
0.068436 0.823731 1
0.102920 0.915255 1
1.464963 2.006247 1
0.503882 1.109045 0
0.650313 0.915293 0
0.872272 0.248256 0
1.778362 0.582123 0
1.137485 0.913839 0
1.042727 0.860468 0
1.331394 1.114443 1
1.709172 1.109504 1
1.227433 0.131227 0
1.773475 -0.054482 0
0.068283 0.925145 0
0.439229 0.286611 0
0.159149 1.475249 1
1.402795 0.448966 0
0.772661 0.245267 0
0.631194 0.535012 0
0.918527 1.816612 1
1.860386 0.053634 0
0.277387 1.170045 1
1.257568 1.733823 1
1.243019 0.932942 1
1.102807 1.127518 1
1.025768 1.260540 1
0.511305 0.742178 0
1.365295 1.125325 1
1.401422 0.327102 0
1.854821 0.306325 0
0.651455 1.543027 1
0.533090 0.986303 0
1.284832 1.084011 1
1.214897 0.922778 0
1.484075 1.876438 1
1.896865 1.198342 1
0.069713 1.491280 1
1.041407 0.596297 0
0.084208 1.456722 1
0.682979 0.165074 0
1.069024 0.717122 0
0.783874 0.962233 1
0.191000 0.527493 0
1.841391 1.411023 1
1.669484 0.879484 0
0.194676 0.450788 0
0.293101 0.779960 0
0.027239 0.582905 0
1.957056 1.051385 1
0.982387 0.780690 0
0.487403 1.461912 1
0.696517 1.385987 1
1.494998 1.771422 1
0.547824 0.150597 0
0.661116 0.734184 0
1.084010 -0.191042 0
1.542267 1.387057 1
0.033349 1.776976 1
1.037315 1.030168 1
1.758619 0.585469 0
0.889374 0.416653 0
1.785749 1.665574 1
1.958575 1.024791 1
1.777230 0.648688 0
1.510880 0.838574 0
0.047697 1.150844 1
1.408955 1.935012 1
1.450596 0.505394 0
0.707946 0.501321 0
1.359682 1.063705 1
1.756107 1.289457 1
0.855237 0.269549 0
1.910620 2.108999 1
0.232135 1.286801 1
0.184040 1.339525 1
1.020513 0.429174 0
1.860542 0.865001 0
1.877629 1.848798 1
1.685474 0.840369 0
0.529188 1.033087 0
0.709908 0.712350 0
1.166284 1.296161 1
0.637411 1.768539 1
0.350012 0.175162 0
0.424017 0.516304 0
0.005491 0.592091 0
0.233364 1.730583 1
0.379203 0.690743 0
1.034651 0.792448 0
1.652248 1.435819 1
0.919530 0.279884 0
1.514582 1.462207 1
0.474168 1.001199 1
0.384275 1.877128 1
0.046773 0.092576 0
1.376195 0.995238 1
0.326702 0.476713 0
1.041033 -0.158690 0
1.807109 2.009855 1
1.058733 0.368949 0
1.670575 1.559355 1
0.584990 1.990020 1
1.699673 1.814821 1
0.745771 1.833201 1
0.079867 0.411147 0
0.115513 1.516036 1
1.343341 2.041497 1
0.973165 0.270543 0
1.937909 2.111169 1
0.183409 0.091095 0
1.029848 2.058872 1
0.054622 0.612038 0
0.418117 0.622297 0
1.061609 0.719141 0
1.560048 1.476798 1
1.917420 1.415380 1
1.542506 2.020460 1
0.210735 0.920912 0
0.947929 1.064496 0
0.091414 -0.004022 0
1.837335 0.752346 0
1.736264 1.598693 1
0.081350 1.453420 1
1.758458 0.509681 0
1.847538 1.218170 1
0.299360 1.189664 0
1.750948 0.706303 0
0.599911 0.794967 0
0.093438 1.508155 1
1.655927 0.613848 0
1.300886 1.396147 1
0.247479 1.887660 1
0.519020 1.069068 0
1.070742 0.886147 0
0.102096 0.495470 0
0.090508 1.484226 1
0.002779 0.052998 0
1.696635 1.449433 1
0.064636 1.095274 0
0.676400 0.789907 0
1.484619 0.691363 0
0.222866 1.237838 1
1.139118 1.764788 1
1.185905 0.643551 0
1.711184 2.050266 1
0.555168 0.400245 0
0.918653 1.621084 1
0.424459 1.595568 1
0.198780 0.874468 0
0.307317 1.699999 1
1.971925 1.272890 1
0.278621 1.064315 1
0.081647 0.720102 0
0.071364 0.501733 0
0.269128 1.508670 1
0.197737 0.683571 0
0.935344 2.022518 1
0.648853 1.020560 1
0.307220 0.521921 0
1.350230 0.399394 0
1.945009 1.465895 1
0.651306 0.547077 0
0.583775 1.317526 1
0.195105 0.444169 0
0.608876 0.773991 0
1.641970 1.365693 1
1.765052 1.459324 1
1.699956 0.353190 0
1.987895 2.031423 1
0.166163 0.771424 0
0.582836 0.396570 0
1.201410 1.108729 1
1.893398 1.471069 1
0.692448 2.026700 1
1.665258 0.454434 0
0.709891 1.927250 1
0.014988 1.359306 1
1.670284 1.575879 1
0.441073 1.637084 1
1.872714 0.442307 0
0.402183 0.980067 1
1.693472 0.612169 0
1.305361 1.618542 1
1.638168 1.785771 1
1.368306 0.280512 0
1.912378 0.791148 0
0.881034 1.810616 1
1.266640 0.768275 0
1.456738 0.233650 0
1.045515 0.903780 1
0.894604 0.420035 0
1.300401 1.111527 0
0.267446 1.002696 1
1.334654 1.517408 1
0.410789 1.938769 1
1.727523 0.139588 0
0.171138 1.236972 1
0.714568 0.705992 0
1.216625 1.576438 1
1.490535 0.074875 0
0.242453 0.473801 0
0.188435 0.562124 0
0.537261 0.313397 0
1.238815 1.108915 1
1.860203 1.178257 1
0.769088 0.330628 0
1.992703 1.844725 1
0.067298 1.815193 1
1.095565 0.456150 0
1.478435 1.845848 1
1.903928 1.441144 1
1.238815 1.993461 1
0.622919 0.556489 0
1.807441 1.503728 1
0.679523 0.547887 0
0.853984 1.589319 1
0.740556 1.539402 1
1.558555 1.487856 1
0.443229 1.203694 1
0.604721 0.252343 0
0.231300 0.984675 1
0.457491 2.023371 1
1.751687 0.431001 0
1.208443 1.312883 1
0.212740 -0.173425 0
0.289435 -0.116619 0
1.594686 1.420071 1
0.433709 0.387995 0
0.341395 0.850560 0
1.639125 1.312107 1
0.726136 0.385489 0
0.912599 1.326557 1
1.760085 1.519283 1
0.575829 0.313368 0
1.388247 2.151632 1
1.601701 -0.052163 0
0.333226 0.845722 0
0.109390 1.143696 1
1.236597 1.851420 1
0.671653 1.685502 1
1.948154 1.856871 1
1.615410 0.744805 0
0.265754 0.897630 0
0.484144 2.022222 1
0.000504 1.676097 1
0.783288 -0.122867 0
1.553517 1.217045 1
1.019309 1.379063 1
1.139660 1.220195 1
0.336479 2.024397 1
1.583414 1.975714 1
1.060787 1.940334 1
0.326878 1.205122 1
0.774293 1.228498 1
1.090575 0.869208 1
1.585776 0.331221 0
1.047010 1.719322 1
0.252947 -0.176250 0
1.017404 0.853837 1
1.085230 0.358706 0
1.165112 0.358206 0
1.339619 1.730791 1
0.273178 1.147185 1
0.943647 1.295021 1
1.873725 1.941717 1
1.846087 0.871336 0
0.002390 1.699890 1
1.166967 0.033841 0
0.496049 1.857557 1
0.850741 1.127869 1
1.109550 1.593272 1
1.459677 0.372605 0
1.910326 0.640973 0
1.233724 1.640931 1
0.111183 1.338333 1
1.442269 1.077197 1
0.123258 0.234302 0
0.797023 0.297273 0
1.108643 1.970569 1
0.559066 1.100531 1
1.841036 0.627102 0
0.159378 0.217926 0
0.973905 1.365311 1
1.109862 1.372276 1
1.029947 0.193439 0
0.823288 -0.032842 0
1.497412 1.168598 1
0.486596 1.566397 1
0.397190 0.076641 0
1.195115 0.414062 0
1.617234 1.268201 1
0.784306 -0.023294 0
1.566445 1.295201 1
0.120486 1.165930 1
1.586780 1.835172 1
0.545613 1.169757 1
0.031291 1.564659 1
1.315826 1.007378 0
1.084079 0.156261 0
0.476388 0.541461 0
0.854064 0.388035 0
1.604676 0.551744 0
0.634419 0.409085 0
0.264158 1.292038 1
1.092128 -0.041198 0
0.938231 0.864623 1
0.734721 1.017209 1
1.354462 1.463320 1
0.374625 0.428092 0
0.277689 0.592305 0
0.275078 0.899125 0
1.196052 1.201153 1
0.474816 0.598157 0
1.551233 0.244480 0
0.463828 0.583090 0
0.238653 1.368763 1
0.961489 0.565719 0
1.907576 0.852717 0
0.399885 0.019542 0
0.156021 0.429240 0
1.550206 1.823404 1
1.700926 1.185832 1
1.510755 1.161651 0
1.824118 1.424313 1
0.255643 1.053284 1
1.207510 1.440514 1
0.108900 0.091668 0
0.215130 0.664146 0
0.472500 0.792908 0
1.129325 0.359052 0
1.192413 0.704848 0
0.157218 1.444970 1
1.710015 -0.011123 0
0.580526 0.867789 0
1.441794 1.802019 1
0.877606 1.329788 1
1.525235 1.061002 1
0.813595 1.051147 0
1.063676 1.162726 1
1.799319 1.752669 1
0.140841 -0.168228 0
0.353205 0.123623 0
0.799801 0.240217 0
1.971757 1.665279 1
1.436529 1.100579 1
1.148307 0.212340 0
0.628886 0.769130 0
1.327350 1.508543 1
0.555121 1.248229 1
1.351564 1.144777 1
0.965769 1.796264 1
0.381740 0.298578 0
1.243432 1.009750 0
1.590173 0.495226 0
0.431566 2.003869 1
1.257977 0.176780 0
0.176299 1.333757 1
1.633315 1.519388 1
1.027059 1.795454 1
1.314521 1.487874 1
0.656074 0.104811 0
1.127088 1.464845 1
0.258003 0.957252 0
1.586979 0.437142 0
0.259219 1.492474 1
0.017337 1.143437 1
0.000118 0.517838 0
1.954062 1.428396 1
1.991658 1.759946 1
0.447010 1.811324 1
0.307200 0.952316 0
0.638450 1.790703 1
0.141280 1.778423 1
0.854973 1.433602 1
1.732469 1.483101 1
1.240220 1.468504 1
1.032059 0.648597 0
1.323081 1.091205 0
1.442648 1.025340 0
1.588748 1.628270 1
1.990863 1.026857 1
0.528845 1.225997 1
1.194349 0.584070 0
0.706961 1.111206 0
1.009548 0.730140 0
0.845839 0.596591 0
1.944280 0.687886 0
1.785112 -0.044086 0
0.061491 0.677939 0
0.249552 1.535155 1
1.234459 1.517959 1
0.295705 -0.084227 0
1.951071 0.067824 0
0.398620 0.254576 0
1.180320 1.012422 0
0.676693 1.505595 1
1.480900 2.083936 1
0.184747 1.074182 1
0.068153 0.978158 0
0.586606 0.994792 1
1.641116 0.446947 0
0.874446 2.083502 1
1.295284 1.026057 1
1.174433 0.198844 0
1.102649 0.507076 0
0.763864 1.232126 1
0.504891 0.290047 0
1.777270 0.611892 0
0.353616 1.845355 1
1.248807 0.272869 0
0.722025 1.912364 1
1.644128 -0.123697 0
1.700724 1.480046 1
1.279312 1.624195 1
0.367712 0.673577 0
0.871365 0.321185 0
1.372452 0.663569 0
1.587445 1.674902 1
1.918112 1.065262 0
1.755502 1.237584 1
1.751045 0.956206 1
1.715930 1.716018 1
1.375806 1.024221 0
1.151259 0.688377 0
1.150492 -0.167623 0
0.193958 0.548034 0
1.801389 1.892736 1
0.559169 0.887856 0
0.583046 1.782476 1
