0.915964 0.824731 1
0.540280 1.146264 1
1.615639 2.104541 1
0.578343 0.696778 0
0.340016 0.834212 1
1.119069 0.051999 0
1.385082 0.816113 0
1.952951 -0.249174 0
1.101368 0.779320 0
0.061322 1.312647 1
1.242058 1.268050 1
1.769651 0.219795 0
0.493277 1.630275 1
1.522380 1.967648 1
0.831780 1.888866 1
1.374655 0.652459 0
0.800560 0.693046 0
0.593827 2.480017 1
0.301799 0.546832 0
1.515848 1.212011 1
1.844545 0.357358 0
1.195287 0.430619 0
1.627430 0.632873 0
0.294870 1.894047 1
0.044906 0.651795 0
0.022016 1.353283 0
0.577517 0.313589 0
1.691950 1.576393 1
0.217825 0.381627 0
1.532737 1.150528 0
1.950961 2.212697 1
1.776330 0.493806 0
0.067373 0.333780 0
0.088298 0.739644 0
1.193711 1.993698 1
1.689933 0.431758 0
0.850266 1.023086 1
0.678159 1.733356 1
1.463965 0.668588 0
0.037490 0.314826 0
0.550174 0.592905 0
0.059598 1.619850 1
0.533135 0.578715 0
1.659144 1.207013 1
1.969144 1.237839 1
1.147265 2.285139 1
0.182217 0.669562 0
1.670991 1.510245 1
0.001368 1.013448 0
1.519439 1.543267 1
1.310199 1.848839 1
1.708493 1.380915 1
0.955343 2.047337 1
1.023879 0.761724 1
0.612368 1.412302 1
1.317256 1.323819 1
1.142637 1.308475 1
0.958245 0.405589 0
1.191424 1.786085 1
0.345385 1.441928 1
1.589158 -0.201700 0
1.042125 1.955146 1
1.499851 0.271935 0
1.109508 0.182474 0
0.415412 1.421797 1
1.230692 0.571801 0
0.468608 0.522424 0
1.383199 1.184708 1
0.336798 0.324744 0
0.845618 1.796780 1
1.467006 0.350535 0
1.066829 1.407105 0
1.106789 0.841015 1
1.791426 1.424557 1
0.879490 0.309619 0
0.613956 0.528880 0
0.173510 1.157703 1
1.841740 1.330511 1
0.637423 1.779529 1
0.370582 1.011152 1
1.282817 1.540037 1
0.887231 0.172816 0
0.130003 1.483847 1
1.786148 0.574847 0
0.395605 1.341940 1
0.292974 1.266101 1
0.062106 2.136785 1
0.149870 1.007815 1
0.265168 1.764205 1
0.213203 0.291252 0
1.149303 2.081083 1
0.578346 0.139875 0
1.230549 0.284151 0
0.562211 1.042754 1
1.894802 0.563154 0
0.078106 0.138958 0
0.557614 0.951547 0
0.835804 1.972877 1
1.518823 1.521540 1
1.055423 1.595312 1
0.139615 1.491092 1
0.672406 1.133730 1
1.125065 0.741596 1
1.505215 1.882672 1
0.394212 0.231421 0
1.833394 1.287151 0
0.106215 0.948439 0
1.982072 1.111805 1
0.936250 1.019354 1
0.162077 1.717914 1
0.575057 0.876162 0
0.487318 0.966177 1
0.827136 0.940773 1
1.832426 0.510783 0
0.823796 0.762284 1
1.737521 0.248175 0
1.183921 2.059925 1
0.113419 1.785973 1
1.113197 0.459338 0
0.317542 0.012046 0
1.255020 1.099975 1
1.719638 0.897957 0
0.516851 1.641459 1
0.147591 1.990641 1
1.230900 1.168558 1
1.590344 0.624247 0
1.213430 0.915191 0
1.519062 0.822796 1
1.698705 0.524296 0
1.344322 0.844810 0
0.706530 1.823117 1
0.312116 1.068575 0
1.372933 1.469030 1
1.415340 1.560177 1
1.192813 0.180499 0
1.929005 -0.041599 0
0.871887 0.118922 0
1.167294 1.450773 1
1.183133 -0.035013 0
0.894645 0.728071 0
0.813896 1.715937 1
0.604940 1.285223 1
1.616696 0.060279 0
0.994703 0.554426 0
0.244162 0.692969 0
0.968714 1.249415 0
0.934405 1.990680 1
0.490173 0.803821 1
1.525545 0.275401 0
1.915105 0.319102 0
0.779704 0.431796 0
0.238188 1.678413 1
1.984950 1.019329 1
0.292116 1.729540 1
0.979467 1.877933 1
0.500318 0.225272 0
1.006069 -0.082067 0
1.184164 2.060026 1
1.506323 1.714583 1
0.461774 0.105508 0
1.402961 1.443976 1
1.132240 1.745696 1
1.084457 1.246243 1
0.874680 1.929824 1
1.493382 0.421889 0
0.583355 0.142086 0
1.536797 1.527374 1
1.586175 0.128214 0
1.227926 1.617367 1
0.962673 0.667289 0
0.211144 1.716428 1
1.818779 2.006919 1
1.235181 1.333045 1
1.757217 1.924683 1
0.069173 0.830417 1
1.870346 0.247019 0
0.670453 -0.023413 0
1.704592 0.756200 1
1.473591 0.459554 0
1.825801 1.399354 1
1.797007 1.267932 1
0.587979 0.892095 1
0.815728 1.648278 1
1.059183 0.763867 0
0.231195 1.028789 0
0.497843 -0.107911 0
1.595029 1.202597 0
0.333413 1.841537 1
1.852301 1.191448 0
1.702303 0.849528 0
1.631439 1.703493 1
0.388588 1.121527 1
1.485740 0.720875 0
0.891169 0.764248 0
1.144415 1.526561 1
1.967547 1.249772 1
0.472546 -0.220750 0
1.234312 -0.076174 0
1.535921 1.044384 1
1.881579 0.313495 0
0.533881 0.588031 0
0.148978 1.355761 1
1.117690 0.645470 1
1.037929 1.393817 0
0.375234 1.242493 1
0.477986 0.633958 0
1.024340 1.294491 1
1.211606 0.906630 0
1.505195 0.623965 0
1.101548 0.893466 0
0.133693 1.418411 1
1.615553 2.124163 1
0.172178 1.545751 1
0.053200 1.612041 1
1.695126 0.104893 0
0.301831 0.310894 0
1.135844 1.265847 0
0.942924 1.033863 0
0.146946 1.979818 1
0.080337 0.772366 1
0.671486 1.017030 0
0.103262 1.454280 1
0.422406 0.201013 0
1.613356 0.418785 0
0.620529 1.103932 0
1.154818 1.581116 1
0.876487 0.402447 0
0.723060 2.014976 1
1.320972 2.093558 1
0.830173 2.082526 1
0.336790 0.480389 0
1.607664 0.730264 0
0.648319 0.549717 0
0.050272 0.462797 0
0.778602 0.066003 0
0.232870 1.202344 0
1.304920 1.943917 1
0.954769 1.501692 1
1.425003 -0.085362 0
0.269036 1.735333 1
1.667300 1.295414 1
0.355385 0.167378 0
1.012298 0.092383 0
0.608819 -0.143598 0
1.101449 0.851810 0
1.767985 0.748948 0
1.092280 1.282201 1
1.603550 1.685554 1
1.999981 0.703189 1
0.008240 0.453512 0
0.810308 0.566609 0
0.057834 1.687102 1
0.647780 1.493823 1
0.648110 1.529081 1
0.572670 1.898459 1
0.748168 1.839133 1
1.946949 0.065018 0
0.721388 0.531749 0
0.939426 1.584300 1
1.206110 0.064632 0
0.291195 1.269811 1
1.381919 -0.058424 0
0.952612 2.094417 1
1.029775 1.966467 1
1.955344 -0.205741 0
1.706826 1.590289 1
0.971670 1.297369 1
0.178916 1.574376 1
0.014412 0.234359 0
0.637038 0.673800 0
0.299122 0.682974 0
0.593258 0.257287 0
0.384368 2.243291 1
0.200344 1.687349 1
0.457753 0.638945 0
1.506767 1.303874 1
1.413300 1.083920 1
0.823606 1.606009 1
0.333450 1.200039 0
0.412103 1.693460 1
0.172263 1.893324 1
0.752152 1.006580 1
1.811971 2.210478 1
1.447993 0.221327 0
0.380355 2.003842 1
1.009660 0.831991 1
0.030902 1.032221 1
1.042223 1.618322 1
0.308705 -0.214374 0
0.408334 0.476433 0
0.395830 0.749284 0
1.360254 1.017643 1
1.919475 1.310385 1
1.949853 -0.146116 0
1.832938 0.578607 0
0.396532 1.928629 1
0.215164 1.262979 1
0.393460 1.882301 1
1.817672 0.627772 0
0.723030 0.516215 0
0.653356 1.070088 1
1.761273 1.450326 1
1.419390 0.052240 0
0.273715 0.358420 0
0.079181 1.610909 1
0.745205 1.136693 1
0.699498 1.242282 0
0.621758 0.083738 0
1.853761 0.441313 0
1.319615 1.628814 1
1.840717 0.238282 0
1.479759 0.360496 0
0.445392 1.271690 1
1.991634 1.163725 0
0.009489 1.230469 0
1.399994 0.718315 1
0.779002 2.129029 1
1.192125 1.116282 0
0.408843 1.266486 1
0.727214 1.306621 1
0.179848 0.120398 0
0.499810 0.936020 1
0.383398 1.514538 1
0.673653 1.401006 1
1.856588 0.524066 0
0.362459 0.281142 0
0.596244 0.094333 0
1.021125 0.874057 1
1.617448 1.689622 1
1.811266 2.089087 1
1.668018 1.323886 0
1.231906 -0.154704 0
1.194404 1.645397 1
1.669190 1.182394 1
0.722738 0.869351 0
1.593419 0.258289 0
1.379752 2.055509 1
0.698764 1.789624 1
1.156279 0.034958 0
1.790408 0.591829 0
0.705099 1.289989 1
0.742839 1.273155 1
0.920569 2.270092 1
0.759871 0.166174 0
1.648556 0.809883 0
0.397598 0.977088 1
0.202904 1.858839 1
0.710232 0.465118 0
1.672402 1.710060 1
0.850358 0.357738 0
1.947916 -0.213250 0
1.907052 0.721151 0
0.084860 0.725801 0
0.887943 -0.017672 0
0.619699 0.495910 0
0.525677 1.532675 1
1.973791 2.307111 1
0.375151 0.759338 0
1.823483 0.274844 0
0.200018 0.413485 0
1.566586 1.508495 1
0.957441 0.597722 0
0.866290 0.617170 0
0.182447 1.241434 1
1.925332 0.394074 0
1.368250 0.330773 0
0.291061 1.573268 1
0.138202 1.496399 1
0.569605 1.122620 1
0.113011 -0.431633 0
0.576442 1.062383 0
1.823906 1.096270 1
0.336824 0.238093 0
0.863514 1.199208 1
1.457173 1.793323 1
0.260572 0.864132 0
1.821690 1.352611 1
1.105696 1.086002 0
1.881845 0.295972 0
1.493816 1.566861 1
1.777367 1.749378 1
0.141926 0.495161 0
0.811277 1.076351 0
1.578432 1.197940 1
0.199170 -0.014946 0
1.388804 2.218306 1
0.836966 1.289680 1
1.236049 0.620729 0
0.070318 0.518939 0
1.520933 1.992099 1
0.269110 0.219114 0
0.051448 1.503790 1
1.521818 1.811108 1
1.543199 0.330409 0
0.704535 0.688572 1
1.080549 0.237078 0
1.594697 -0.038101 0
1.544608 1.444196 0
1.185087 0.000629 0
1.483739 1.022567 1
1.746963 1.949463 1
1.667520 0.853420 0
0.818780 1.422311 1
0.507802 1.691077 1
0.822907 1.074100 0
1.449386 2.108675 1
1.169282 1.517700 1
1.418419 -0.375937 0
1.816353 1.352055 1
1.113823 0.726605 0
0.509667 1.718147 1
1.521899 1.984363 1
0.768687 0.494103 0
1.133023 -0.290881 0
1.638213 1.346202 1
1.445924 0.281874 0
0.582462 -0.158967 0
0.127447 1.016707 0
1.225425 1.443083 1
1.137754 0.682694 0
1.415999 0.990053 1
0.014208 1.690702 1
0.790823 1.500056 1
1.233395 1.405707 1
0.866589 0.508899 0
0.728080 0.819045 0
0.419944 0.678038 0
0.835314 2.161837 1
0.266884 0.180647 0
1.319452 1.188594 1
1.789893 0.438345 0
0.303427 2.064769 1
1.042154 0.487741 0
1.394935 1.783592 1
1.568656 1.146749 1
1.754328 0.367158 0
1.661938 0.853260 0
0.416022 1.761952 1
0.455691 0.796496 0
1.054894 1.801020 1
1.753315 0.095010 0
0.959695 1.798906 1
1.999843 1.275447 1
0.475852 1.467622 1
0.448762 1.399352 1
1.768254 1.101759 1
1.943038 0.091799 0
1.611991 -0.104950 0
0.880389 1.124388 1
1.219828 1.180321 0
0.797866 0.413845 0
1.661458 0.587005 0
1.420893 -0.116163 0
1.523111 1.726456 1
1.238673 0.178224 0
1.363773 0.805897 1
0.342835 0.172212 0
0.591637 0.234510 0
1.507085 1.760815 1
0.060058 1.331570 1
0.474623 2.116581 1
0.158472 1.276302 1
1.319722 1.683668 1
1.166368 0.237963 0
1.730712 1.360962 1
0.875816 0.984372 0
1.485456 0.219499 0
1.789544 0.887811 0
1.028848 0.827331 0
1.601621 2.058326 1
1.482623 0.423601 0
0.152275 0.309819 0
1.265022 0.418293 0
0.600362 1.657291 1
1.094280 1.084863 0
0.946417 0.673864 0
0.411640 2.150563 1
0.578327 1.016119 1
0.646709 0.344932 0
0.458555 1.276436 0
1.284385 0.361694 0
0.448284 0.191370 0
1.537169 0.735579 0
0.608134 0.079483 0
1.035253 1.514807 1
0.052775 1.997397 1
0.840214 0.718047 0
1.749751 1.632099 1
0.970497 0.081376 0
0.320169 0.250108 0
1.766908 1.998069 1
1.473528 0.672314 0
0.166071 1.125446 1
1.284861 0.567694 0
1.543476 1.992873 1
1.701515 0.463500 0
1.857415 1.921733 1
1.811530 0.726417 0
0.075606 1.590236 1
1.721825 1.901542 1
1.768467 1.498946 1
1.241989 0.008805 0
1.255253 0.607454 0
0.344756 0.252235 0
0.316630 0.073213 0
0.731768 1.363823 0
1.512256 0.232579 0
1.607877 0.087705 0
0.620252 0.678135 0
1.659828 1.836217 1
1.525865 0.582527 0
1.704974 1.084016 0
0.760684 0.712255 0
0.371912 1.067595 1
1.080966 1.844449 1
0.346016 0.693638 0
1.269171 0.521113 0
1.600599 1.556992 1
1.694944 0.153757 0
1.447602 0.259570 0
1.438461 0.239516 0
1.938400 2.233768 1
1.794283 1.513399 1
0.040642 1.142753 0
1.418800 1.658657 1
1.520796 1.958793 1
0.176320 1.106385 1
1.607860 1.018926 0
0.638077 1.240309 1
1.430160 1.828492 1
1.107332 1.230773 1
1.655857 0.910200 0
0.111883 0.508241 0
1.040233 -0.316064 0
0.908322 1.072351 0
1.470219 0.129827 0
0.273923 1.371532 1
0.752888 0.537646 0
0.817632 0.766119 0
0.147337 0.010434 0
1.488009 0.092738 0
1.322895 2.000566 1
0.557148 0.768170 0
0.468804 2.264979 1
0.768778 0.130462 0
1.048305 1.469871 1
0.867869 1.169209 0
1.840389 0.847219 0
0.858523 0.707313 0
0.431100 0.523515 0
1.985352 1.915539 1
0.571378 1.296922 0
0.199286 0.412537 0
1.027352 2.080550 1
1.819948 0.285390 0
1.724009 0.473284 0
1.581722 0.454717 0
0.667672 1.494508 1
1.469179 1.161216 0
1.782452 1.575176 1
1.426738 1.099411 0
0.494765 0.751635 0
1.011068 1.030738 1
1.337330 0.214847 0
0.061459 0.799590 1
1.233198 0.169723 0
1.903259 0.017764 0
0.560506 0.789807 1
0.895532 1.459732 1
1.498446 1.391980 1
1.666510 0.711609 0
0.545850 0.610916 1
0.573944 0.718895 1
1.942906 2.128257 1
0.029367 1.317998 0
0.169415 1.098968 0
0.392272 0.250944 0
1.297512 0.608411 0
0.660828 1.093753 0
0.566756 0.793687 0
1.812301 1.055704 1
0.185478 1.110635 1
0.749567 -0.103099 0
1.297438 -0.178757 0
1.597059 1.037167 0
1.961674 0.306835 0
0.634305 1.333888 1
0.927761 0.268629 0
0.306665 0.473206 0
0.162033 0.294067 0
1.393712 1.860250 1
1.390991 0.068036 0
0.750378 1.033454 1
1.737436 1.531207 1
1.715367 0.854744 1
1.576526 1.004912 1
1.500993 1.454346 1
0.034048 0.832848 0
1.837389 1.082126 1
0.924572 0.416992 0
1.388620 0.114020 0
1.133480 1.709733 1
0.052386 1.072287 0
1.765696 0.884664 1
0.737031 1.112704 0
1.959015 1.825062 1
0.372115 1.135992 1
0.545310 1.275584 1
0.563616 0.468481 0
0.564260 1.346737 1
0.204177 -0.025398 0
0.590169 0.603682 0
1.254426 0.836172 1
1.715034 0.606749 0
0.315298 1.484103 1
1.200388 1.103568 0
1.717770 0.282715 0
1.818119 1.011514 0
1.550453 0.645906 0
0.434143 0.932644 1
0.518050 0.886801 0
0.958856 1.520638 1
1.165015 1.335441 1
1.974385 1.821398 1
0.078618 0.252035 0
0.186681 0.770338 0
0.607176 -0.410116 0
0.027102 1.276578 1
0.506679 1.882674 1
1.508694 0.981870 1
1.284551 0.394419 0
0.409319 0.510589 0
0.260489 1.857342 1
0.436643 0.912718 1
1.299601 0.763489 0
1.043040 0.702608 0
0.524515 1.072777 1
1.877210 1.877403 1
0.971993 0.569982 0
0.233354 0.714339 0
1.832615 0.840802 1
0.227532 1.089942 1
0.377998 0.139153 0
0.390709 2.232824 1
0.706114 1.480790 1
0.660850 1.449133 1
0.555343 0.558825 0
1.387269 0.920461 0
0.353858 2.042943 1
1.212166 0.894909 0
0.048087 1.167768 0
0.230455 0.754035 0
1.644040 1.092982 1
1.114658 1.539070 1
1.882530 0.132521 0
1.951280 0.494447 0
1.531823 0.661948 0
0.709188 1.703509 1
1.900757 0.917751 0
0.558939 0.903603 0
0.128928 1.632115 1
0.442521 0.087749 0
0.009747 1.496315 1
0.946612 0.980550 1
0.851158 1.974524 1
1.576635 -0.026636 0
1.848365 0.780171 1
1.849841 0.721593 0
0.598765 -0.409210 0
0.290953 2.093353 1
0.592192 0.457960 0
0.144204 1.794559 1
1.049716 2.158853 1
0.169214 1.851194 1
1.212024 1.874890 1
1.602945 0.473551 0
0.591299 1.688695 1
1.815571 2.107886 1
0.498541 0.422839 0
0.401926 2.267991 1
1.706980 -0.049144 0
1.496756 2.208812 1
1.580465 0.793028 0
1.944469 0.834287 0
0.584027 0.655675 0
0.036529 1.697989 1
0.393529 1.357207 1
0.014542 2.074712 1
1.737013 0.981099 0
0.473463 1.151523 0
1.610267 -0.205881 0
1.366965 0.598236 0
0.207891 1.480594 1
0.560894 1.661513 1
1.281761 0.514680 0
0.326632 1.027193 1
1.825526 1.417641 0
1.271761 0.496996 0
0.131335 0.939429 0
0.569187 1.539672 1
1.178972 0.853625 0
1.777960 1.509227 1
0.736070 2.086769 1
0.039863 1.177967 0
0.594562 1.005816 0
1.624749 0.262416 0
0.568373 1.452526 1
1.530457 -0.057039 0
0.170259 1.364659 1
1.590261 1.222388 0
0.192283 0.879514 0
0.998467 0.570959 0
0.698466 1.293741 1
1.608450 1.931445 1
0.712488 0.442765 0
0.198021 2.125922 1
0.084311 0.428259 0
1.382414 1.508320 1
0.900002 1.557965 1
1.724752 0.952095 0
0.788111 1.592237 1
0.442232 1.499332 1
0.751666 0.839974 1
1.608575 0.862206 0
1.597496 0.430374 0
0.729996 1.372179 1
1.719482 0.909957 0
1.406586 2.185215 1
1.116813 0.885865 1
1.833161 0.659937 0
0.878545 0.176676 0
0.411998 1.488197 1
0.178684 0.354419 0
1.056627 1.085527 1
1.719735 0.272334 0
0.139146 0.898368 0
0.118882 1.573682 1
0.237121 1.501751 1
1.227947 0.117782 0
0.463157 2.075943 1
1.693469 0.591021 0
0.100354 0.416970 0
1.681052 1.197917 1
0.373115 1.520063 1
1.173502 2.134077 1
1.182524 0.452000 0
1.183666 1.908128 1
0.486748 1.497963 1
0.144477 1.470470 1
0.910056 1.554822 1
1.405692 0.673508 0
0.877425 0.789969 1
1.226908 0.564448 0
1.773174 1.769607 1
0.117589 1.815433 1
0.888359 0.151674 0
1.432905 0.702539 0
1.363926 1.953312 1
0.792570 0.737891 0
0.985577 0.374524 0
1.519780 0.766732 1
0.420024 0.259209 0
0.827895 1.278074 0
0.740681 0.834655 1
1.801422 1.669213 1
0.887658 1.946263 1
1.239701 0.180366 0
0.651195 1.290842 1
0.235887 0.846479 0
1.688785 1.385853 1
1.014776 0.024265 0
1.766673 0.227988 0
1.711956 0.701769 0
0.063669 0.507767 0
1.712229 1.079393 1
0.341389 1.219974 1
0.297042 0.269519 0
0.456910 1.875945 1
0.533474 2.023637 1
0.620694 0.519214 0
1.963675 2.001093 1
0.381445 1.500683 1
1.723210 2.224771 1
0.153965 0.607024 0
0.278815 1.728734 1
0.203310 0.552320 0
1.336118 1.423871 1
1.207030 1.635473 1
0.036936 1.734150 1
0.916401 1.210337 1
0.127927 0.416601 0
0.711423 0.867510 1
0.939781 2.178704 1
1.270861 0.603757 0
1.681761 1.099828 1
1.751251 -0.375872 0
1.807699 -0.245496 0
0.071936 1.347350 1
1.958691 0.548634 0
1.854739 1.061498 0
0.114238 1.497992 1
0.256995 0.294800 0
1.391743 1.396560 1
0.232612 1.515323 1
0.094408 0.276159 0
1.877241 2.319556 1
1.134934 -0.267034 0
1.855526 1.060915 0
0.582780 1.139057 1
1.716302 1.869920 1
1.147380 1.650690 1
0.417081 1.718055 1
1.140946 0.557560 0
1.790431 1.116748 0
0.951884 2.158892 1
0.478433 1.799675 1
0.307486 -0.308139 0
0.025803 1.036530 1
1.495174 1.296384 1
1.615191 1.420599 1
0.823247 2.199304 1
0.050326 2.067974 1
1.540990 1.895818 1
0.802116 1.200580 1
1.246107 1.004727 1
1.560111 0.732317 1
1.113492 0.351840 0
1.521270 1.741829 1
1.766238 -0.344553 0
1.494173 0.609229 1
0.609801 0.568821 0
0.683719 0.298918 0
1.804771 1.912561 1
0.745121 1.218909 1
1.415102 1.368860 1
0.353546 1.974709 1
1.378087 1.049353 0
0.478541 1.919218 1
0.677373 -0.144660 0
0.973724 1.828741 1
1.327737 0.983446 1
1.586030 1.664442 1
0.973001 0.439175 0
1.439222 0.434853 0
1.713446 1.766679 1
0.595658 1.292298 1
1.916635 0.870600 1
1.654218 0.102530 0
0.322221 0.529053 0
1.582155 1.974448 1
1.035826 1.058757 1
1.359992 0.457145 0
1.683890 -0.001908 0
1.447853 1.536400 1
1.580181 1.582951 1
0.564388 0.338493 0
0.328593 -0.229950 0
1.978626 1.136568 1
0.963115 1.800078 1
1.927666 0.003283 0
0.714757 0.613321 0
0.094363 1.113883 1
0.312210 -0.149434 0
0.042169 1.357212 1
0.592021 1.234442 1
0.061685 1.751835 1
1.018312 1.018572 1
0.507345 1.438924 1
0.839776 1.038928 0
0.602725 0.273269 0
1.996116 0.500497 0
0.380049 0.597862 0
1.128833 0.673091 0
0.158289 0.166764 0
0.730830 1.172620 1
0.607969 -0.169183 0
1.415058 0.634356 1
1.211449 0.956399 1
1.818973 1.230483 1
1.893335 0.547445 0
1.804153 0.419139 0
1.798988 0.806613 0
1.672656 1.293472 1
1.999776 0.447072 0
1.086144 0.174888 0
1.990206 0.743972 0
0.707123 1.328684 1
0.479074 0.556161 0
1.428254 0.761191 0
1.932525 0.002982 0
1.685249 0.192948 0
0.023721 1.952311 1
0.180846 1.273868 1
1.038115 1.372511 0
0.299311 1.545128 1
0.732578 0.998657 1
1.680635 1.286744 1
1.625568 0.029469 0
1.736082 0.451509 0
0.004252 0.587890 0
0.652227 0.436121 0
0.719618 0.564466 0
0.629883 1.363231 1
1.233624 -0.139515 0
0.106714 0.899903 0
1.930665 1.770575 1
1.361520 1.530813 1
1.999425 0.915640 1
0.330148 1.198566 0
1.540621 1.175776 1
0.274753 1.573884 1
1.690012 -0.409303 0
1.888542 -0.031514 0
0.322170 0.443462 0
0.454338 1.594875 1
1.911100 1.057674 1
0.669279 0.086114 0
0.153723 0.873192 0
1.796513 1.492475 1
1.030719 1.457773 1
1.827057 0.997979 1
1.446730 2.044524 1
1.907386 0.144635 0
0.769133 1.087724 0
1.119875 0.329904 0
0.915848 2.008679 1
0.781625 0.209191 0
0.649119 1.288967 1
0.107991 1.609862 1
1.506367 1.856907 1
1.787045 1.670121 1
0.185740 -0.053046 0
1.605263 1.676346 1
1.784794 1.026025 0
1.119276 0.462476 0
0.728531 1.359779 1
0.497987 1.023365 1
1.525952 0.540932 0
0.426526 1.200193 1
0.465239 1.584039 1
0.922727 1.895394 1
1.827176 1.088192 0
1.115094 1.717753 1
0.617781 1.905068 1
1.323888 1.570158 1
0.206051 1.482895 1
1.713633 1.473380 1
0.555928 0.709077 0
0.843581 1.240830 0
0.964411 1.214273 0
0.068060 1.849939 1
0.467418 1.040165 1
1.010761 1.189259 1
0.727201 0.621637 0
0.232592 1.327461 0
0.541791 0.663734 0
0.378274 0.739330 0
1.471642 0.705087 0
1.299629 -0.105561 0
1.589085 0.654199 0
0.724456 1.501581 1
1.707370 1.577256 1
1.812570 -0.275443 0
1.476471 -0.115590 0
1.919684 0.384827 0
0.706924 1.029530 0
1.150946 1.350774 1
1.948570 2.249650 1
0.659858 1.089025 1
1.593803 1.092634 0
1.062328 0.772982 1
1.163662 0.532172 0
1.366617 2.227631 1
1.766921 0.955826 1
0.692579 -0.020464 0
0.622960 0.683282 0
1.237107 1.422427 1
0.033689 0.072282 0
1.295313 0.417299 0
0.832290 1.689295 1
0.782550 0.425090 0
1.189223 2.157449 1
1.161152 -0.233619 0
0.175116 1.573265 1
1.754985 1.764456 1
1.888052 0.675193 0
0.390947 0.367720 0
0.901833 0.818298 0
0.063656 1.705396 1
1.447400 1.238957 0
0.226681 1.088144 1
0.227012 0.882499 1
0.189327 1.935494 1
0.899024 1.142825 0
0.676927 0.625962 0
0.635287 -0.351243 0
1.718753 0.456702 0
0.279139 1.991469 1
0.096766 1.039942 0
1.051968 2.020108 1
