0.612420 1.089846 1
0.227527 1.167582 1
1.310571 1.831317 1
0.883319 0.391957 0
0.030999 1.003146 1
1.420051 0.166159 0
1.685039 0.391569 0
0.281190 0.177720 0
1.407754 0.759251 0
1.752328 1.216591 1
0.942485 1.319718 1
0.094092 0.127082 0
0.176782 1.607641 1
1.213892 1.779547 1
0.521656 1.856168 1
1.674797 0.891609 0
1.114548 0.453402 0
0.296776 2.054502 1
0.613089 0.755977 0
1.204644 1.622174 1
0.141866 0.206977 0
1.502473 0.068835 0
1.941644 0.556549 0
1.992260 1.702673 1
0.359820 0.440436 0
0.327117 0.970763 0
0.879048 0.228801 0
1.380513 1.483399 1
0.534627 0.680147 0
1.840162 0.887226 0
1.644223 2.010376 1
0.081157 0.357170 0
0.373752 0.151556 0
0.399529 0.350055 0
0.893114 1.833730 1
1.996242 0.800654 0
0.543127 1.324160 1
0.364499 1.653344 1
1.772855 0.394482 0
0.340718 0.311624 0
0.854163 0.784098 0
1.747502 1.395831 1
0.834037 0.904814 0
1.345577 1.612600 1
1.644244 1.316858 1
0.819485 1.950052 1
0.489082 0.688613 0
1.359792 1.671533 1
0.302264 0.602543 0
1.205644 1.486383 1
1.001738 1.563446 1
1.405237 1.049291 1
0.664763 1.997713 1
0.711155 1.025267 1
0.296127 1.272710 1
1.006089 1.638675 1
0.829953 1.463483 1
1.272029 0.552156 0
0.890476 1.506802 1
0.026189 1.230556 1
1.895450 0.228214 0
0.731990 1.655240 1
1.811153 0.237548 0
1.418553 0.221982 0
0.114262 1.377845 1
1.537779 0.836839 0
0.782350 0.572910 0
1.074903 1.159568 1
0.647377 0.320886 0
0.536139 1.442765 1
1.769886 0.632581 0
1.380327 0.975806 0
0.804868 1.200694 1
1.485348 1.807997 1
1.179449 0.546852 0
0.928057 0.784914 0
1.865956 1.202272 1
1.542559 1.212120 1
0.319619 1.672718 1
0.051882 1.116279 1
0.978494 1.482537 1
1.200145 0.447681 0
1.819386 1.407401 1
0.092752 0.937796 0
0.091427 1.238728 1
1.992011 1.566421 1
1.762049 1.785496 1
1.839343 1.399614 1
1.945738 1.930227 1
0.528362 0.571775 0
0.827247 1.780994 1
0.878793 0.288611 0
1.548571 0.170385 0
0.250099 1.083919 1
0.207796 0.593396 0
0.392454 0.284011 0
0.866024 0.667666 0
0.528064 1.774163 1
1.209955 1.842470 1
0.741604 1.572867 1
1.829182 1.860150 1
0.361206 1.285940 1
0.819595 0.976794 1
1.190616 1.846281 1
0.715394 0.228248 0
0.148147 1.029380 0
0.408659 0.787567 0
1.674442 1.199745 1
0.622022 1.366755 1
1.856063 1.725441 1
0.884550 0.979168 0
0.180705 1.088267 1
0.521380 1.221993 1
0.138697 0.292799 0
0.513439 1.166471 1
0.049671 0.128682 0
0.873140 1.738619 1
1.803736 1.486358 1
1.419330 0.278298 0
0.624337 0.382145 0
0.947705 1.229008 1
0.028848 0.754802 0
0.214742 1.616970 1
1.832326 1.645259 1
0.900043 1.248584 1
1.897407 0.316504 0
1.522545 0.864404 0
1.214430 1.062558 1
0.012755 0.258826 0
1.659318 0.603385 0
0.400540 1.609012 1
0.620414 0.765835 0
1.066997 1.694149 1
1.109036 1.143942 1
1.497644 0.165731 0
0.243540 0.159931 0
1.173209 0.422334 0
0.860184 1.811940 1
1.484222 0.097660 0
1.219361 0.789014 0
0.502351 1.678788 1
0.294126 1.374378 1
1.908968 0.012355 0
1.299508 0.766035 0
0.561110 0.532827 0
1.280516 0.918420 0
0.624437 1.894396 1
0.182308 1.109701 1
1.834778 0.705555 0
0.225880 0.184017 0
1.099940 0.167823 0
1.934076 1.419943 1
1.670436 1.327583 1
1.989014 1.489637 1
0.671961 1.754930 1
0.803079 0.177079 0
1.286231 0.090177 0
0.900043 1.977765 1
1.194395 1.828916 1
0.779082 0.395378 0
1.091200 1.092130 1
0.822955 1.798222 1
0.770061 1.524118 1
0.558877 1.597466 1
1.811142 0.852616 0
0.891281 0.216609 0
1.232225 1.928794 1
1.894207 0.347700 0
0.917045 1.287822 1
1.268060 0.425574 0
1.901107 1.363518 1
1.520658 1.862564 1
0.911704 1.280873 1
1.454052 1.890904 1
1.766974 1.043134 1
0.183772 0.643923 0
0.980423 0.340564 0
1.388952 1.128917 1
1.785415 0.329532 0
1.518691 1.232663 1
1.492538 1.356111 1
0.281386 1.147755 1
0.509018 1.738836 1
1.365036 0.418979 0
0.539026 0.900140 0
0.807296 0.073329 0
1.910282 0.863464 0
0.030480 1.505078 1
0.176817 0.844059 0
0.007257 0.784885 0
1.317261 1.497335 1
0.082715 1.434746 1
1.790384 0.567218 0
1.212035 0.738109 0
0.828775 1.778676 1
1.646053 1.302253 1
0.765411 0.129586 0
1.541516 0.038159 0
1.224395 1.351250 1
0.179827 0.157218 0
0.839881 0.421031 0
1.841450 1.315252 1
0.806481 1.035847 1
1.339360 0.985547 0
0.065746 1.083998 1
0.775725 0.730629 0
0.710127 1.579188 1
1.511849 0.655944 0
1.814806 0.641876 0
1.408336 0.881056 0
1.821993 1.504979 1
1.309652 1.739197 1
1.856966 1.939722 1
1.735787 1.713353 1
0.002758 0.510766 0
0.615141 0.723635 0
1.451901 0.955215 0
1.263470 0.831556 0
1.833272 1.662459 1
1.775257 1.138699 1
0.976521 0.935451 0
1.788948 1.177019 1
0.735411 0.627301 0
1.924684 0.650487 0
0.932000 0.788657 0
0.843811 1.466932 1
1.177991 0.370647 0
0.413951 1.617015 1
1.004803 1.839363 1
0.516773 1.745424 1
0.647402 0.385266 0
1.919909 0.529753 0
0.966168 0.367940 0
0.351980 0.200196 0
1.100454 0.225813 0
0.536746 0.977639 0
0.993262 1.516073 1
0.640824 1.318797 1
1.738320 0.116608 0
1.963331 1.684658 1
1.352553 1.526330 1
0.666542 0.427264 0
1.331715 0.505147 0
0.928407 0.248429 0
1.408681 0.714808 0
0.076433 0.818999 0
0.791394 1.114635 1
1.286068 1.360863 1
1.681086 1.085775 1
0.321508 0.511007 0
1.116775 0.922843 0
1.741748 1.452700 1
0.338507 1.675585 1
0.338781 1.319918 1
0.267187 1.576593 1
0.427042 1.827482 1
0.270253 0.197504 0
1.036043 0.815053 0
0.611973 1.348373 1
1.517445 0.165503 0
1.977844 1.573053 1
1.675806 0.078093 0
0.647036 1.974749 1
0.717428 1.845070 1
0.253356 0.010757 0
1.394029 1.342363 1
0.655682 1.608148 1
1.878400 1.159798 1
0.316838 0.405383 0
0.954106 0.682898 0
0.606166 0.264253 0
0.901666 0.296422 0
0.033588 2.030725 1
1.893160 1.296890 1
0.766393 0.587651 0
1.190762 1.122224 1
1.102878 1.092482 1
0.514206 1.372009 1
0.636924 0.928135 0
0.101115 1.941806 1
1.868865 1.830517 1
0.446759 1.009910 1
1.509282 1.832622 1
1.755889 0.467889 0
0.070963 1.897795 1
0.692685 1.226053 1
1.722871 1.082437 1
0.732645 1.946393 1
0.592114 0.060681 0
0.710578 0.642446 0
0.697175 0.812237 0
1.052966 1.315878 1
1.605156 1.051924 1
0.260141 -0.010091 0
0.141881 0.297020 0
0.076916 1.799596 1
1.911270 1.057467 1
0.084298 1.910139 1
0.116765 0.273818 0
1.032523 0.861732 0
0.348739 1.466752 1
1.443383 1.819575 1
1.719847 0.375775 0
0.572452 0.251266 0
1.770178 1.408953 1
0.441269 1.314755 1
1.007753 0.817088 0
0.935037 0.368558 0
0.166532 0.372265 0
1.001506 1.882657 1
0.153442 0.561831 0
1.786274 0.125776 0
0.132072 1.701150 1
0.287567 0.889875 0
0.312753 1.020051 0
1.087110 1.069131 1
0.454170 1.831273 1
1.509155 0.998078 0
0.104371 1.482087 1
0.429535 1.547529 1
0.495583 0.104876 0
0.190730 1.350280 1
0.073446 1.157259 1
0.361169 1.570188 1
0.179622 0.909372 0
0.693455 0.034908 0
0.902515 0.397151 0
0.724685 1.283935 1
1.301790 1.432261 1
1.482743 1.979798 1
1.980593 0.999510 0
1.548496 0.158261 0
0.895891 1.812508 1
1.357622 1.572294 1
1.018650 0.528556 0
1.903012 0.503173 0
1.068694 1.738130 1
0.385388 1.702794 1
1.471667 0.308753 0
0.101691 0.860027 0
0.398867 1.251714 1
0.433298 1.073491 1
0.608745 1.983405 1
1.070311 0.277958 0
1.958675 0.399752 0
0.093529 1.376094 1
1.899963 1.654174 1
1.026316 0.275963 0
1.360269 1.350346 1
1.169217 0.098333 0
0.287270 -0.017643 0
0.226762 0.364150 0
0.393270 0.516732 0
1.203033 0.369858 0
0.932383 0.463033 0
0.222686 1.683242 1
1.687696 2.028199 1
0.683644 0.493590 0
0.132049 0.677013 0
0.512473 0.749109 0
1.259874 1.761647 1
1.270171 0.292874 0
1.177901 0.857244 0
1.879344 1.135174 1
0.237431 0.077356 0
1.669174 0.509483 0
1.973441 1.178761 1
1.824655 1.567079 1
0.246881 1.434659 1
0.423216 -0.019474 0
0.886567 0.716837 0
1.534086 1.480885 1
0.651648 0.070732 0
0.548380 1.025979 1
1.142037 1.662645 1
0.584152 0.569153 0
1.529804 1.478519 1
1.418909 0.968513 0
0.197522 0.709465 0
1.187629 1.240380 1
1.474274 1.848805 1
0.456112 0.078334 0
1.120393 0.899267 0
1.275829 1.204515 1
0.509109 0.063275 0
1.076163 1.918480 1
0.538003 1.227825 1
1.542996 0.790311 0
0.386917 0.205515 0
1.218358 1.615917 1
0.567023 0.405584 0
1.731592 1.718130 1
1.212662 1.498947 1
1.852196 0.374930 0
0.390771 1.091081 1
1.380359 0.133122 0
1.903884 0.292940 0
1.853040 1.045963 0
1.488663 0.139427 0
1.169539 1.030061 1
1.434645 1.861820 1
1.974458 0.939592 0
0.512588 1.137660 1
0.198899 1.614661 1
1.130181 0.689786 0
1.145833 1.913166 1
0.865072 1.546243 1
1.741561 -0.002126 0
1.519604 1.680016 1
1.419034 0.464222 0
0.204439 1.578761 1
1.207670 1.614369 1
1.074217 0.485261 0
1.436017 0.094237 0
1.322408 1.419782 1
1.750979 0.557040 0
0.879938 0.215642 0
0.441362 0.755111 0
0.927372 1.754961 1
1.448537 0.401749 0
1.108370 1.122589 1
1.689867 1.375057 1
0.475252 1.842078 1
0.916500 1.152251 1
1.179995 0.190285 0
1.034796 0.782574 0
0.733757 0.875106 0
0.509323 1.992094 1
0.579428 0.499842 0
1.005969 1.199563 1
0.100465 0.457156 0
1.993530 1.917362 1
1.355005 0.476526 0
1.081656 1.794100 1
1.262738 1.083559 1
0.063137 0.656010 0
1.970464 0.490080 0
0.089505 1.632490 1
0.763378 0.572800 0
0.738872 1.487543 1
0.073081 0.086948 0
0.651442 1.690834 1
1.691146 1.216448 1
0.164864 1.303786 1
0.129972 1.694442 1
1.456975 1.514380 1
0.266583 0.084972 0
1.928723 0.105557 0
0.574049 1.026803 1
1.532148 0.790769 0
1.110471 0.643510 0
1.968998 0.162060 0
1.735051 0.103772 0
1.211841 1.592033 1
1.557501 0.481382 0
1.045297 1.085968 1
0.654658 0.208226 0
0.907456 0.613762 0
1.175372 1.434483 1
1.745118 1.685989 1
0.200421 2.015575 1
1.847647 1.200841 1
0.998704 1.924549 1
1.474592 0.447904 0
1.423546 1.561930 1
1.190079 0.786638 0
1.802706 0.118807 0
0.098004 0.742931 0
1.342135 0.495587 0
1.303747 1.927210 1
1.793314 0.547057 0
0.454198 0.547838 0
1.589058 0.239003 0
0.297537 1.382746 1
1.401475 0.995357 0
1.260589 0.593933 0
0.103975 1.797885 1
0.270200 1.187952 1
0.958415 0.305460 0
0.768132 0.849343 0
1.593803 0.765466 0
0.764757 0.477512 0
1.847378 0.422060 0
0.916546 0.092930 0
0.722206 1.871768 1
1.740907 1.933995 1
1.147360 0.805513 0
1.437132 1.356346 1
1.280249 0.505658 0
0.622546 0.117642 0
1.453875 1.921488 1
1.791705 0.809538 0
1.856212 1.556342 1
1.600466 0.761762 0
1.243407 1.691607 1
0.012963 0.403378 0
1.548258 1.981922 1
0.126889 0.823492 0
1.770747 1.735503 1
1.397034 1.903057 1
1.447351 1.250479 1
1.557475 0.266450 0
1.564435 0.630927 0
0.648417 0.614426 0
0.619080 0.258836 0
1.039956 0.938395 0
1.831831 0.216978 0
1.919064 0.024014 0
0.931040 0.272399 0
1.348844 1.810608 1
1.835281 0.602546 0
0.011316 0.861081 0
1.073116 0.769448 0
0.058438 1.419917 1
0.773354 1.548593 1
0.665459 0.716227 0
1.578787 0.792432 0
1.296302 1.793642 1
0.010529 0.289241 0
1.754685 0.508757 0
1.735176 0.617520 0
1.613958 1.965120 1
1.502810 1.787048 1
0.353735 0.968447 0
1.107215 1.846263 1
1.209103 1.683909 1
1.869729 1.530014 1
1.911960 0.634161 0
0.328948 1.060321 1
1.122312 1.841160 1
0.797075 1.600230 1
1.955311 0.785240 0
0.420018 0.819093 0
1.339857 0.088698 0
1.219622 0.854378 0
1.765456 0.194051 0
1.965806 1.094368 1
1.064249 0.542597 0
1.130766 0.355465 0
0.466632 0.388441 0
1.799299 0.357900 0
1.009105 1.925011 1
0.867507 0.610987 0
0.181845 1.894853 1
1.078469 0.469795 0
0.733806 1.764914 1
1.175547 0.774762 0
0.153206 0.685433 0
1.165220 0.752134 0
0.739427 0.532179 0
1.665927 1.640498 1
0.882632 1.013382 0
0.508212 0.538917 0
0.718331 1.854622 1
0.127028 0.529774 0
0.039281 0.146774 0
1.887742 0.764450 0
0.360511 1.250875 1
1.783556 0.935188 0
1.476632 1.310135 1
1.739048 0.701757 0
0.808840 0.439393 0
0.704862 1.429883 1
1.651687 0.171076 0
1.748011 1.031920 1
1.544368 0.556081 0
0.212479 0.237077 0
0.251186 0.989391 1
0.585831 1.786937 1
1.179036 1.410521 1
1.979486 0.692313 0
0.232329 0.981659 1
0.268422 1.060492 1
1.629232 1.920885 1
0.337944 0.953900 0
0.487645 0.777286 0
0.709324 0.245876 0
1.614821 0.565033 0
0.972573 0.782129 0
0.878577 0.910859 0
1.494329 1.157264 1
1.874045 1.113159 1
1.063205 0.311547 0
1.608449 0.047303 0
1.901986 0.845918 0
0.275328 0.271321 0
0.323611 1.578942 1
1.237617 0.582840 0
0.603955 0.076491 0
0.464536 0.714126 0
1.084081 1.782690 1
1.695226 0.037730 0
0.443382 1.271795 1
1.421273 1.882244 1
1.408987 0.992170 1
1.266951 1.220267 1
1.189931 1.115672 1
0.346294 0.677728 0
1.530636 1.155154 1
1.235000 0.262291 0
1.687433 0.447583 0
0.814194 1.419240 1
0.371199 0.926346 0
1.447182 1.231021 1
1.051107 0.783592 0
1.649964 1.911880 1
0.061416 1.245670 1
0.236625 1.651784 1
0.877207 0.692466 0
0.247903 1.539851 1
0.516536 0.303487 0
0.904241 0.800433 0
0.951640 1.056821 1
0.027148 0.469335 0
0.006764 1.358023 1
1.502217 0.713974 0
0.031240 0.574288 0
0.127168 0.609257 0
1.862419 0.536898 0
0.122049 1.137547 1
0.814451 0.701912 0
0.653041 1.416792 1
0.862752 1.425467 1
1.658140 1.739238 1
0.380513 0.082735 0
0.496912 0.708042 0
0.918542 -0.015174 0
1.704176 1.469255 1
0.198078 1.697696 1
1.202853 1.065813 1
1.593562 0.729912 0
0.726188 0.346932 0
1.951421 1.524345 1
0.123141 1.110359 1
1.612892 0.562824 0
1.345067 0.941025 0
0.212394 1.207331 1
1.575112 1.981372 1
1.285993 0.457117 0
0.541393 0.343505 0
1.525678 1.229541 1
1.921467 1.435999 1
0.691362 0.366840 0
0.074406 2.019778 1
0.396660 1.143061 1
0.347770 1.258706 1
0.852415 0.335073 0
1.695526 0.823477 0
0.043508 1.707012 1
1.517732 0.802237 0
0.366060 0.934838 0
0.547368 0.681716 0
1.330747 1.448433 1
0.801377 1.938204 1
0.183390 0.206061 0
0.257989 0.533688 0
1.840011 0.539979 0
0.396356 1.751546 1
0.213562 0.520643 0
0.868850 0.710630 0
1.816770 1.290920 1
0.754948 0.423581 0
1.673674 1.439162 1
0.640206 1.016658 1
0.551618 1.803922 1
1.881627 0.178641 0
1.542444 1.158558 1
0.162382 0.294077 0
0.869998 0.021321 0
1.970539 1.938036 1
0.891835 0.303951 0
1.835524 1.384105 1
0.752126 1.858908 1
1.866873 1.787110 1
0.914228 1.806309 1
1.915872 0.366223 0
0.278814 1.384442 1
1.507150 1.985385 1
0.807569 0.155006 0
0.103800 1.989236 1
0.018118 0.199384 0
1.193599 1.937209 1
1.889534 0.476512 0
0.251822 0.463860 0
0.896706 0.764706 0
1.725865 1.315125 1
0.082489 1.458365 1
1.710212 1.975887 1
0.045408 0.875516 0
0.781529 1.000905 0
1.926649 0.156339 0
1.669717 0.868982 0
1.902905 1.684937 1
0.245178 1.300532 1
1.594532 0.508375 0
0.012310 1.360652 1
0.133922 1.019945 0
1.587644 0.859089 0
0.431714 0.687500 0
0.258243 1.483551 1
1.493165 0.434582 0
1.464470 1.313842 1
0.411390 1.736496 1
0.355838 0.987229 0
0.905424 0.797727 0
1.938010 0.668523 0
0.254528 1.507881 1
1.838485 0.136474 0
1.861417 1.513333 1
1.899429 1.000818 0
0.513737 0.719775 0
1.323893 0.775704 0
0.387723 1.197746 1
1.304794 1.643084 1
1.020120 0.795705 0
1.874682 1.987873 1
0.388677 0.376656 0
1.086508 1.698263 1
0.589256 1.628157 1
0.033445 0.816612 0
0.471729 1.780654 1
0.137329 1.106676 1
0.443994 1.229828 1
1.917050 0.612901 0
1.906165 0.555955 0
0.438566 1.605494 1
0.034174 0.515717 0
1.101018 1.905896 1
0.816610 1.121062 1
0.142017 0.417726 0
1.183584 0.563942 0
0.113851 1.445725 1
0.485865 0.689491 0
0.747877 1.488715 1
0.030299 0.573412 0
0.441973 0.683923 0
1.806982 1.210980 1
1.930877 1.429508 1
1.533749 0.530481 0
0.154174 2.004327 1
0.000412 0.905725 0
0.421024 0.380344 0
1.364570 1.043414 1
0.056590 1.429524 1
0.856688 1.942094 1
1.502502 0.455668 0
0.877222 1.942478 1
0.179378 1.257993 1
1.835208 1.652927 1
0.606218 1.695535 1
1.704778 0.271686 0
0.567676 1.121829 1
1.526879 0.649285 0
1.471632 1.506193 1
1.803267 1.763854 1
1.204599 0.378952 0
1.748276 0.856973 0
1.043654 1.704404 1
1.102207 0.789158 0
1.287805 0.130762 0
1.211180 1.005027 1
0.727657 0.539320 0
1.134471 0.986502 0
0.433438 1.128898 1
1.501802 1.402544 1
0.574231 1.932714 1
1.565840 0.110861 0
0.335040 1.198020 1
0.550921 0.601059 0
1.384242 1.716951 1
1.325877 0.105621 0
0.077762 0.656377 0
0.024012 0.457559 0
0.371648 0.169762 0
1.405107 1.130529 1
0.023291 1.147437 1
0.602577 0.375945 0
0.161882 1.819448 1
0.234084 1.652438 1
0.930378 0.410012 0
1.638249 1.726434 1
0.068357 1.395958 1
1.402949 1.815803 1
0.455878 0.518321 0
1.971637 1.336813 1
0.514537 0.543956 0
1.015539 1.711583 1
0.907959 1.467660 1
1.723582 1.304809 1
0.609732 1.198016 1
0.440313 0.131822 0
0.395425 1.072648 1
0.620852 1.905482 1
1.589382 0.304605 0
1.373260 1.471572 1
0.043307 -0.019266 0
0.129353 -0.020183 0
1.759280 1.474958 1
0.268742 0.269327 0
0.179389 0.692737 0
1.804304 1.174327 1
0.559613 0.451110 0
1.078060 1.272407 1
1.925548 1.520707 1
0.412834 0.341359 0
1.551992 2.015873 1
1.434422 0.097058 0
0.168786 0.687188 0
0.274640 1.146324 1
1.399533 1.842199 1
0.835380 1.712002 1
0.115540 1.958198 1
1.450278 0.884225 0
0.100922 0.734708 0
0.650779 1.918803 1
0.163481 1.583222 1
0.618338 0.033619 0
1.718141 1.350905 1
1.183088 1.442043 1
1.305351 1.069697 1
0.499278 1.893836 1
1.750400 1.903276 1
1.223663 1.972192 1
0.490767 1.208367 1
0.941104 1.394435 1
1.256886 0.971362 1
1.420890 0.319360 0
1.211698 1.702871 1
0.088760 -0.043845 0
1.181618 1.036235 1
0.921270 0.203811 0
1.002027 0.403150 0
1.505611 1.595374 1
0.440081 1.094968 1
1.109633 1.243173 1
0.037676 1.916049 1
1.680378 0.738474 0
0.166544 1.535780 1
1.002906 0.171213 0
0.660664 1.877932 1
1.015632 1.238169 1
1.274286 1.539499 1
1.297951 0.324173 0
1.745318 0.794266 0
1.398999 1.544590 1
0.273556 1.372544 1
1.607040 1.231009 1
1.958174 0.331944 0
0.632357 0.123722 0
1.277031 1.965160 1
0.721596 1.131950 1
1.677535 0.753469 0
1.994640 0.382552 0
1.140441 1.235948 1
1.277936 1.217711 1
0.862168 0.086631 0
0.661250 0.113038 0
1.660000 1.191300 1
0.651143 1.392731 1
0.230671 0.132304 0
1.031666 0.265564 0
1.782067 1.382599 1
0.618973 0.058281 0
1.731913 1.247218 1
0.287076 1.112670 1
1.752492 1.896919 1
0.712202 1.280854 1
0.195864 1.659299 1
1.151546 0.984255 0
0.921559 0.070310 0
0.313747 0.571079 0
0.689067 0.231506 0
1.440076 0.461364 0
0.468440 0.591253 0
0.432172 1.378185 1
0.931681 0.063654 0
1.102719 1.036615 1
0.897984 1.060863 1
1.522887 1.636405 1
0.211042 0.340022 0
0.111981 0.718144 0
0.110177 0.967736 0
1.359343 1.130999 1
0.308110 0.707223 0
1.381731 0.293735 0
0.298183 0.462449 0
0.404598 1.396877 1
0.800047 0.572206 0
1.742105 0.918884 0
0.231618 0.037057 0
1.990286 0.606062 0
1.714016 1.725741 1
1.863938 1.119970 1
1.344425 1.005677 0
1.989177 1.334135 1
0.420817 1.092349 1
1.372520 1.553740 1
1.945546 0.134661 0
0.050352 0.821396 0
0.304787 0.945783 0
0.965155 0.301773 0
1.026651 0.807449 0
0.323527 1.506534 1
1.545882 0.088113 0
0.415336 0.842405 0
1.606067 1.828631 1
1.040885 1.179741 1
1.690841 1.169620 1
0.652348 0.940564 0
1.229000 1.153258 1
1.962836 1.885265 1
1.974566 0.011996 0
0.187319 0.241257 0
0.635982 0.090017 0
0.136540 1.717649 1
1.601898 1.132717 1
0.984406 0.304958 0
0.463328 0.693499 0
1.494297 1.519822 1
0.719216 1.090697 1
1.516605 1.250770 1
1.127521 1.611294 1
0.216761 0.412384 0
1.077811 0.951472 0
1.422683 0.616682 0
0.593988 1.999931 1
1.092499 0.155285 0
0.342827 1.366814 1
1.798475 1.451405 1
1.190289 1.750739 1
1.480445 1.352132 1
0.491175 0.225789 0
1.291776 1.311115 1
0.092762 0.904383 0
1.419930 0.418653 0
0.426116 1.592276 1
0.181075 1.232023 1
1.834592 0.502613 0
0.117992 1.597283 1
0.159260 1.890431 1
0.612574 1.749279 1
0.143999 0.850894 0
0.802560 1.842527 1
0.304503 1.677458 1
1.021275 1.332839 1
1.897774 1.483849 1
1.406597 1.465785 1
0.867920 0.606435 0
1.160308 0.980628 0
1.278818 0.887406 0
1.752469 1.462264 1
0.155120 1.017555 1
0.691485 1.250621 1
1.025687 0.557022 0
0.541584 0.949975 0
0.841368 0.777919 0
0.677952 0.494578 0
1.779208 0.673265 0
1.621283 0.003963 0
1.895073 0.693241 0
0.414252 1.553669 1
1.400165 1.472868 1
0.131891 0.045384 0
1.784673 0.203686 0
0.234537 0.154291 0
1.014308 0.998942 0
0.843779 1.618707 1
1.647059 1.961055 1
0.349423 1.063578 1
1.902684 0.894002 0
0.751435 1.160433 1
1.477802 0.382836 0
1.038771 1.962425 1
1.462667 1.079481 1
1.011507 0.361998 0
0.938342 0.373409 0
0.929158 1.093110 1
0.340049 0.453173 0
1.614843 0.755888 0
0.517183 1.961555 1
1.079423 0.161526 0
0.889942 1.727830 1
1.476181 -0.030419 0
1.866103 1.410892 1
1.444645 1.519487 1
0.206169 0.672002 0
0.708517 0.285920 0
1.205531 0.550095 0
1.752547 1.650270 1
1.751797 0.935298 0
1.921024 1.349037 1
1.915931 1.010413 1
1.881380 1.554767 1
1.211757 0.935935 0
0.986680 0.734408 0
0.996649 -0.035899 0
0.029088 0.614758 0
1.967432 1.819347 1
0.389180 0.772807 0
0.748564 1.605081 1
