1.074695 0.937944 1
0.693558 1.156900 1
1.775594 1.989452 1
0.420837 0.566978 0
0.495757 0.906342 1
0.957234 0.099004 0
1.226071 0.634075 0
1.810157 -0.065230 0
0.944108 0.769450 0
0.217213 1.270487 1
1.404427 1.290388 1
1.624266 0.179420 0
0.644124 1.618864 1
1.678012 1.889578 1
0.985219 1.873725 1
1.214104 0.755771 0
0.648269 0.591067 0
0.754627 2.298092 1
0.148311 0.636148 0
1.671835 1.387675 1
1.681655 0.293638 0
1.038391 0.276549 0
1.474932 0.599648 0
0.454898 1.812468 1
1.892411 0.560406 0
1.864677 1.191124 0
0.417587 0.278773 0
1.845794 1.537169 1
0.067271 0.509340 0
1.375902 1.036996 0
0.109076 2.126645 1
1.618378 0.435006 0
1.910110 0.254528 0
1.934061 0.572341 0
1.355810 1.924771 1
1.533028 0.589690 0
1.006615 1.152366 1
0.829756 1.695224 1
1.307688 0.550990 0
1.878635 0.313814 0
0.391772 0.673780 0
0.213246 1.523345 1
0.372751 0.719279 0
1.811562 1.380706 1
0.115604 1.274326 1
1.291959 2.148699 1
0.024619 0.676836 0
1.824472 1.579996 1
1.840183 0.838368 0
1.671315 1.518647 1
1.465030 1.725050 1
1.868255 1.239730 1
1.121636 2.025717 1
1.176961 0.874022 1
0.763568 1.352126 1
1.472117 1.457056 1
1.296342 1.373834 1
0.804848 0.469308 0
1.352524 1.667733 1
0.495029 1.350883 1
1.429835 -0.018762 0
1.197501 1.825814 1
1.346590 0.259060 0
0.955097 0.199330 0
0.574898 1.402632 1
1.073134 0.686521 0
0.315379 0.542655 0
1.540556 1.175009 1
0.182544 0.323332 0
1.001659 1.644922 1
1.307201 0.472218 0
0.914647 1.222681 0
1.265566 0.995670 1
1.949573 1.588046 1
0.718887 0.412647 0
0.461169 0.637654 0
0.328745 1.176165 1
0.003660 1.278629 1
0.786346 1.733208 1
0.520128 1.055760 1
1.439902 1.515034 1
0.734242 0.291231 0
0.284365 1.450444 1
1.628985 0.730244 0
0.553474 1.297007 1
0.452431 1.393526 1
0.226535 1.986753 1
0.303451 1.174668 1
0.415708 1.836004 1
0.061138 0.410630 0
1.295185 1.953231 1
0.417485 0.203354 0
1.080511 0.236541 0
0.716370 1.059550 1
1.741250 0.576867 0
1.926106 0.199486 0
0.401632 0.830360 0
0.991061 1.886689 1
1.673021 1.658108 1
1.208561 1.584143 1
0.294658 1.649041 1
0.826545 1.198049 1
1.283209 0.843142 1
1.656813 1.868463 1
0.245458 0.228843 0
1.680753 1.175579 0
1.946480 0.879300 0
0.138955 1.148673 1
1.089603 1.168460 1
0.319114 1.720724 1
0.419194 0.920972 0
0.644746 1.018193 1
0.984372 1.060810 1
1.676020 0.415706 0
0.978162 0.934892 1
1.584594 0.197658 0
1.337724 1.920616 1
0.268986 1.658325 1
0.954757 0.381585 0
0.160440 0.168172 0
1.411350 1.153908 1
1.564432 0.836518 0
0.677139 1.630513 1
0.298881 1.844763 1
1.373820 1.203035 1
1.433656 0.492579 0
1.059031 0.894923 0
1.676807 0.926490 1
1.545675 0.410563 0
1.190899 0.742616 0
0.865092 1.731052 1
0.156814 0.938186 0
1.531306 1.564020 1
1.572045 1.382478 1
1.034828 0.174731 0
1.777376 0.041980 0
0.711772 0.246953 0
1.324132 1.604664 1
1.021425 0.019873 0
0.749738 0.755519 0
0.967959 1.700698 1
0.758802 1.322934 1
1.453759 0.037368 0
0.836641 0.643751 0
0.093269 0.625046 0
0.814878 1.108597 0
1.090494 1.947995 1
0.646132 0.933788 1
1.370675 0.459440 0
1.760657 0.260915 0
0.630218 0.320582 0
0.396867 1.568666 1
0.137518 1.150815 1
0.452456 1.626682 1
1.135731 1.825124 1
0.341445 0.202694 0
0.833907 -0.014520 0
1.354584 2.027292 1
1.659930 1.763925 1
0.311675 0.228528 0
1.556715 1.291735 1
1.289896 1.769757 1
1.235528 1.363675 1
1.027308 1.786351 1
1.341915 0.606811 0
0.426362 0.171971 0
1.695194 1.699953 1
1.430571 0.223033 0
1.383442 1.475415 1
0.803752 0.564926 0
0.365967 1.566302 1
1.979984 1.944354 1
1.382622 1.312638 1
1.917241 1.909311 1
0.227950 0.922515 1
1.717833 0.416520 0
0.514594 0.129932 0
1.855657 0.915308 1
1.320594 0.403438 0
1.983312 1.328352 1
1.953711 1.304954 1
0.745155 1.000397 1
0.973806 1.687063 1
0.901784 0.615860 0
0.075696 0.972878 0
0.342572 -0.027188 0
1.443191 1.057790 0
0.493162 1.697538 1
1.704776 1.043407 0
1.544250 0.821054 0
1.785147 1.617121 1
0.546446 1.256390 1
1.327360 0.655564 0
0.742492 0.753679 0
1.296140 1.634200 1
0.115903 1.273185 1
0.306073 -0.076172 0
1.077014 -0.026991 0
1.689540 1.176418 1
1.719160 0.245628 0
0.376053 0.515982 0
0.305845 1.338147 1
1.271530 0.812351 1
0.877927 1.219160 0
0.531146 1.174569 1
0.316217 0.675410 0
1.178645 1.416771 1
1.052089 0.797569 0
1.349315 0.632239 0
0.944642 0.888783 0
0.288071 1.455250 1
1.773856 1.957781 1
0.325188 1.715006 1
0.202570 1.656565 1
1.538313 0.279023 0
0.148651 0.487960 0
0.983680 1.133147 0
0.794625 0.945554 0
0.299227 1.845535 1
0.239562 0.930237 1
0.514244 0.981601 0
0.255905 1.334729 1
0.270516 0.384089 0
1.459630 0.518052 0
0.465789 0.969812 0
1.308292 1.531199 1
0.716182 0.389983 0
0.876733 1.845472 1
1.471213 1.987626 1
0.982406 1.939868 1
0.181786 0.440858 0
1.454051 0.644816 0
0.498725 0.472087 0
1.890052 0.349927 0
0.631092 0.131505 0
0.074489 1.104962 0
1.456488 1.762128 1
1.106144 1.418662 1
1.272659 0.002481 0
0.426887 1.713477 1
1.819753 1.394721 1
0.201068 0.279191 0
0.862947 0.269188 0
0.460006 0.025910 0
0.945443 0.792885 0
1.611483 0.778495 0
1.253958 1.210970 1
1.754129 1.546110 1
0.149616 0.866880 1
1.855165 0.475878 0
0.653353 0.718861 0
0.209747 1.587822 1
0.804430 1.572976 1
0.803483 1.440648 1
0.729693 1.759957 1
0.898700 1.834660 1
1.801254 0.124312 0
0.569339 0.651948 0
1.083806 1.483928 1
1.052096 0.107362 0
0.443395 1.400045 1
1.215874 0.000463 0
1.109758 2.044208 1
1.183943 1.915175 1
1.792068 -0.115071 0
1.860201 1.483287 1
1.123132 1.430143 1
0.339517 1.396636 1
1.854574 0.307890 0
0.485712 0.677780 0
0.143088 0.503951 0
0.438056 0.274739 0
0.512041 2.156412 1
0.356699 1.519744 1
0.301352 0.617358 0
1.657389 1.226117 1
1.568361 1.088738 1
0.979822 1.503963 1
0.174894 1.081723 0
0.565653 1.797672 1
0.331309 1.870419 1
0.910055 1.007514 1
1.971136 2.051288 1
1.291055 0.324612 0
0.537237 1.960502 1
1.160631 0.999946 1
0.188237 1.054020 1
1.196181 1.759012 1
0.135823 -0.098540 0
0.248403 0.548191 0
0.234380 0.777945 0
1.516261 1.145954 1
0.071210 1.200243 1
1.794266 -0.084020 0
1.677831 0.457979 0
0.546881 1.872032 1
0.374643 1.174050 1
0.549246 1.894256 1
1.657177 0.476259 0
0.568315 0.665133 0
0.810612 1.239859 1
1.911534 1.608650 1
1.257925 0.189182 0
0.112149 0.312162 0
0.234854 1.524118 1
0.903776 1.212965 1
0.543548 1.060956 0
0.469903 0.205598 0
1.701363 0.410986 0
1.470588 1.733954 1
1.687369 0.375491 0
1.322361 0.260726 0
0.599260 1.455386 1
1.828597 1.045064 0
1.850278 1.140679 0
1.553660 0.869151 1
0.924386 2.003719 1
1.040767 1.065693 0
0.566599 1.357883 1
0.889654 1.407640 1
0.027762 0.114803 0
0.655026 1.114222 1
0.537790 1.361401 1
0.827735 1.474613 1
1.708096 0.688698 0
0.219133 0.173722 0
0.439664 0.224540 0
1.182225 1.050022 1
1.769738 1.579803 1
1.955233 2.042131 1
1.514554 1.184682 0
1.080239 -0.019396 0
1.357054 1.717471 1
1.823652 1.347782 1
0.560232 0.723804 0
1.438086 0.361258 0
1.534906 1.921512 1
0.851334 1.754610 1
1.002834 0.153223 0
1.635801 0.704806 0
0.862428 1.274240 1
0.897763 1.188154 1
1.074960 2.155812 1
0.602991 0.214471 0
1.494005 0.633905 0
0.556421 1.147396 1
0.362254 1.770839 1
0.559512 0.384300 0
1.826497 1.556478 1
0.698900 0.244838 0
1.809594 -0.138694 0
1.757832 0.568693 0
1.928487 0.639252 0
0.737122 0.143754 0
0.466453 0.482993 0
0.684741 1.596520 1
0.144895 2.196177 1
0.218983 0.646848 0
1.667538 0.447651 0
0.045748 0.558615 0
1.723177 1.615749 1
0.802639 0.466884 0
0.712765 0.718709 0
0.341127 1.195796 1
1.772962 0.257808 0
1.206059 0.407234 0
0.441611 1.403724 1
0.291689 1.527068 1
0.716624 1.256087 1
1.958389 -0.255409 0
0.420699 0.914912 0
1.989637 1.260167 1
0.183649 0.163861 0
1.016430 1.125974 1
1.608905 1.736337 1
0.114386 0.738311 0
1.987772 1.406657 1
0.952560 1.033846 0
1.729849 0.473725 0
1.651199 1.428037 1
1.936089 1.792177 1
1.990184 0.316421 0
0.655448 0.999975 0
1.737284 1.202478 1
0.044812 0.011260 0
1.542185 2.092299 1
0.998783 1.265362 1
1.079379 0.695159 0
1.918310 0.386506 0
1.680142 1.830836 1
0.106185 0.297434 0
0.200302 1.594831 1
1.677198 1.677904 1
1.388196 0.348698 0
0.857695 0.859871 1
0.917902 0.191946 0
1.438588 0.105317 0
1.388881 1.273636 0
1.026174 0.059515 0
1.636304 1.025894 1
1.900157 1.912375 1
1.510743 0.890678 0
0.976693 1.303623 1
0.663816 1.659617 1
0.665821 0.908730 0
1.609595 2.021092 1
1.327344 1.529121 1
1.269704 -0.217034 0
1.980604 1.493690 1
0.956103 0.616468 0
0.668519 1.659696 1
1.674862 1.824516 1
0.611522 0.487795 0
0.972919 -0.130822 0
1.788558 1.377654 1
1.288512 0.400269 0
0.418517 0.000614 0
1.975625 0.905313 0
1.387539 1.576604 1
0.984071 0.560532 0
1.571913 1.045702 1
0.158748 1.556753 1
0.941943 1.644398 1
1.384110 1.298674 1
0.711519 0.373446 0
0.570300 0.805932 0
0.267751 0.763747 0
0.983432 2.094647 1
0.111855 0.317178 0
1.473030 1.194774 1
1.634816 0.446396 0
0.458072 2.002033 1
0.888694 0.482996 0
1.547933 1.786655 1
1.725697 1.118831 1
1.598924 0.491368 0
1.506256 0.698275 0
0.561076 1.706744 1
0.299143 0.702139 0
1.206367 1.666730 1
1.606179 0.087858 0
1.114411 1.750676 1
0.155992 1.249941 1
0.631275 1.397637 1
0.598804 1.526668 1
1.921897 1.277915 1
1.796984 0.089298 0
1.462774 -0.016252 0
1.037896 1.082339 1
1.067181 1.014307 0
0.646689 0.512995 0
1.504258 0.404854 0
1.268915 -0.028647 0
1.677243 1.668305 1
1.090124 0.307080 0
1.514613 0.927047 1
0.189258 0.186882 0
0.438349 0.397172 0
1.649369 1.619672 1
0.211402 1.483082 1
0.652777 2.075257 1
0.312265 1.245100 1
1.468623 1.788106 1
1.009369 0.327342 0
1.887024 1.446714 1
0.723294 0.898321 0
1.334454 0.174481 0
1.633725 0.825885 0
0.875945 0.686769 0
1.761848 2.006332 1
1.328339 0.476623 0
1.993562 0.411242 0
1.118960 0.341668 0
0.760397 1.540003 1
0.936424 1.046481 0
0.791880 0.639584 0
0.568200 2.000835 1
0.734926 1.089391 1
0.492828 0.327142 0
0.302785 1.093161 0
1.129074 0.532510 0
0.297799 0.314341 0
1.382590 0.601057 0
0.450867 0.083516 0
1.187035 1.667633 1
0.205998 1.967099 1
0.683485 0.756727 0
1.903775 1.514310 1
0.814943 0.261703 0
0.159916 0.192969 0
1.919385 1.967714 1
1.323722 0.732587 0
0.321175 1.310725 1
1.133630 0.651782 0
1.705137 1.865091 1
1.546621 0.437733 0
0.014279 1.948522 1
1.659622 0.767503 0
0.233684 1.653075 1
1.867442 1.903116 1
1.917529 1.390671 1
1.093220 0.118537 0
1.098621 0.617174 0
0.186661 0.407856 0
0.156038 0.150732 0
0.575682 1.181907 0
1.364028 0.225550 0
1.453316 0.061784 0
0.465755 0.504594 0
1.814031 1.822884 1
1.370050 0.590601 0
1.547783 0.989759 0
0.606110 0.736388 0
0.525184 1.218723 1
1.236623 1.719107 1
0.194894 0.704288 0
1.113579 0.637088 0
1.759726 1.659301 1
1.543041 0.211904 0
1.290976 0.364998 0
1.275258 0.401994 0
0.082474 2.117599 1
1.961135 1.632150 1
1.886904 1.067234 0
1.572292 1.736698 1
1.674954 1.841223 1
0.333519 1.287572 1
1.448184 0.854340 0
0.793950 1.163194 1
1.586267 1.835179 1
1.261634 1.389753 1
1.494555 0.856577 0
1.955538 0.641175 0
0.874648 -0.147101 0
0.754520 0.978839 0
1.306811 0.154666 0
0.429817 1.253799 1
0.597960 0.539543 0
0.666536 0.589685 0
1.996536 0.173374 0
1.334200 0.205957 0
1.475655 1.967531 1
0.402431 0.701664 0
0.637488 2.108316 1
0.612784 0.276705 0
1.199867 1.594047 1
0.711617 1.000458 0
1.688111 0.777207 0
0.701668 0.724393 0
0.275112 0.526156 0
0.137052 1.795675 1
0.417092 1.175383 0
0.044356 0.465860 0
1.184168 1.983313 1
1.662976 0.389264 0
1.572944 0.332709 0
1.424985 0.587751 0
0.824541 1.390977 1
1.315876 1.063463 0
1.939976 1.461528 1
1.274421 0.929838 0
0.342113 0.617856 0
1.167982 1.202318 1
1.183909 0.195698 0
0.214182 0.897294 1
1.079327 0.338053 0
1.746670 0.113079 0
0.715088 0.875804 1
1.049411 1.599277 1
1.648882 1.401283 1
1.513194 0.703887 0
0.699027 0.769755 1
0.732265 0.865098 1
0.095173 2.036382 1
1.874166 1.162277 0
0.018797 0.962278 0
0.241177 0.249215 0
1.147368 0.588865 0
0.507056 0.959478 0
0.412906 0.843043 0
1.962501 1.099625 1
0.339542 1.109175 1
0.597674 0.070453 0
1.143850 -0.088176 0
1.439121 0.953425 0
1.808936 0.291880 0
0.789104 1.439354 1
0.773160 0.402851 0
0.144842 0.303356 0
0.002498 0.473610 0
1.548363 1.827959 1
1.231037 0.058084 0
0.906909 1.135129 1
1.888547 1.682742 1
1.872558 0.913129 1
1.732835 1.095811 1
1.656271 1.309708 1
1.881034 0.764878 0
1.994897 1.114817 1
0.771263 0.349870 0
1.226581 0.257952 0
1.282924 1.585416 1
1.901670 1.007780 0
1.915995 1.033280 1
0.584247 0.970855 0
0.113750 1.863698 1
0.527029 1.182359 1
0.699438 1.436132 1
0.410578 0.563769 0
0.715332 1.428618 1
0.053100 0.117091 0
0.438366 0.688230 0
1.412711 0.929990 1
1.560670 0.547696 0
0.471132 1.429573 1
1.040921 0.936396 0
1.564041 0.408203 0
1.663347 0.838873 0
1.397068 0.598778 0
0.587283 1.021176 1
0.354372 0.807545 0
1.117114 1.477317 1
1.325406 1.373317 1
0.126058 1.782990 1
1.919139 0.175661 0
0.030749 0.743107 0
0.454164 -0.249017 0
0.174124 1.359344 1
0.663447 1.803945 1
1.666765 1.017604 1
1.128819 0.536625 0
0.258596 0.440306 0
0.415483 1.714297 1
0.589121 0.995719 1
1.146524 0.678212 0
0.881876 0.803993 0
0.678039 1.131199 1
0.037693 1.919748 1
0.819826 0.521897 0
0.078280 0.555603 0
1.989284 1.006936 1
0.385654 1.238961 1
0.224753 0.236158 0
0.541532 2.139507 1
0.862161 1.336151 1
0.814486 1.367355 1
0.392426 0.461777 0
1.230816 0.878823 0
0.507627 1.898065 1
1.056102 0.853926 0
1.898056 1.067243 0
0.078859 0.722435 0
1.796697 1.244476 1
1.267835 1.710142 1
1.721290 0.164540 0
1.794366 0.510717 0
1.375783 0.609940 0
0.863994 1.723004 1
1.748809 0.748761 0
0.404616 0.820259 0
0.282608 1.485814 1
0.289057 0.230403 0
0.148366 1.470280 1
1.103361 0.995964 1
1.012423 1.902122 1
1.417211 0.062300 0
0.005589 0.939891 1
1.696267 0.539209 0
0.416374 -0.221468 0
0.438697 2.032733 1
0.430187 0.391196 0
0.300467 1.619263 1
1.213246 2.033978 1
0.328305 1.823985 1
1.373736 1.842952 1
1.449159 0.426784 0
0.746075 1.560771 1
1.973518 2.059178 1
0.343450 0.309844 0
0.566328 2.152440 1
1.553930 0.054302 0
1.659531 2.098416 1
1.424639 0.658554 0
1.788582 0.676395 0
0.431292 0.703425 0
0.189976 1.532855 1
0.547516 1.400560 1
0.171086 2.035005 1
1.580940 0.936342 0
0.318317 1.086267 0
1.460867 -0.057687 0
1.208585 0.712766 0
0.365515 1.568928 1
0.712345 1.506302 1
1.128003 0.510558 0
0.478094 1.169293 1
1.669638 1.247803 0
1.119982 0.653086 0
1.971535 0.831722 0
0.723695 1.516106 1
1.025335 0.674956 0
1.931495 1.424731 1
0.879481 1.938658 1
1.888078 1.096998 0
0.440694 0.916519 0
1.471555 0.436159 0
0.721214 1.476113 1
1.372981 0.024928 0
0.326667 1.427546 1
1.434760 1.127786 0
0.044600 0.813101 0
0.852212 0.661265 0
0.853009 1.252052 1
1.767936 1.806782 1
0.556080 0.592156 0
0.343109 2.070403 1
1.926077 0.407825 0
1.546558 1.593911 1
1.054456 1.585698 1
1.569011 0.894290 0
0.938010 1.672426 1
0.601198 1.330161 1
0.908340 1.007296 1
1.451547 0.756480 0
1.441445 0.483402 0
0.896308 1.474455 1
1.566951 0.741012 0
1.564735 2.063173 1
1.277496 0.986348 1
1.677233 0.557307 0
0.720999 0.342937 0
0.573078 1.472061 1
0.021687 0.498156 0
1.213658 1.258840 1
1.564937 0.400093 0
1.979980 0.805264 0
0.272187 1.418548 1
0.394549 1.469857 1
1.070576 0.292737 0
0.618149 2.041586 1
1.536913 0.725472 0
1.951091 0.401952 0
1.832586 1.131349 1
0.524370 1.484478 1
1.323485 2.055436 1
1.033976 0.453600 0
1.339157 1.921614 1
0.644689 1.394602 1
0.300129 1.549172 1
1.070068 1.617089 1
1.244470 0.501060 0
1.032177 0.931593 1
1.065057 0.599673 0
1.934473 1.657224 1
0.268964 1.793182 1
0.737593 0.247160 0
1.281396 0.768796 0
1.512588 1.847380 1
0.636667 0.761018 0
0.828300 0.269293 0
1.675198 0.869007 1
0.265029 0.379399 0
0.670928 1.154111 0
0.897050 0.959490 1
1.963445 1.556502 1
1.041547 1.940832 1
1.095120 0.149929 0
0.802198 1.250645 1
0.083800 0.741995 0
1.845518 1.527782 1
0.860286 0.063058 0
1.612227 0.411000 0
1.558255 0.597814 0
1.907386 0.362956 0
1.868395 1.101281 1
0.491263 1.189087 1
0.139795 0.315011 0
0.620095 1.853193 1
0.695819 1.869810 1
0.465602 0.472052 0
0.110732 1.886365 1
0.534425 1.456576 1
1.869920 2.053393 1
1.994334 0.569359 0
0.437343 1.560859 1
0.049330 0.549122 0
1.485585 1.547347 1
1.368868 1.564235 1
0.188956 1.550839 1
1.072776 1.206043 1
1.974414 0.293694 0
0.861999 0.954710 1
1.088646 2.063824 1
1.119995 0.474388 0
1.838290 1.258801 1
1.585571 -0.225847 0
1.656869 -0.149053 0
0.224915 1.401551 1
1.803758 0.428478 0
1.709122 0.904328 0
0.269057 1.359388 1
0.097261 0.362675 0
1.542992 1.344361 1
0.389821 1.518331 1
1.944399 0.303662 0
0.020130 2.195931 1
0.973115 -0.104927 0
1.702667 0.900173 0
0.739133 1.142503 1
1.867638 1.855306 1
1.301973 1.676768 1
0.576516 1.821792 1
0.985466 0.697166 0
1.635615 0.953529 0
1.112874 2.057828 1
0.631537 1.707755 1
0.152956 -0.172875 0
0.183401 1.171188 1
1.649509 1.357705 1
1.769113 1.271492 1
0.968248 2.069233 1
0.211542 1.999578 1
1.692171 1.929442 1
0.957276 1.204058 1
1.403203 1.171305 1
1.719547 0.834329 1
0.955732 0.335764 0
1.677160 1.725370 1
1.621374 -0.219557 0
1.647893 0.791567 1
0.454999 0.411985 0
0.534122 0.342577 0
1.968141 1.776835 1
0.902446 1.165165 1
1.572957 1.313155 1
0.504587 1.950163 1
1.217326 0.916761 0
0.632825 1.755828 1
0.534741 -0.012341 0
1.126535 1.850427 1
1.480995 1.090660 1
1.739739 1.611542 1
0.827656 0.389411 0
1.280847 0.588503 0
1.863918 1.673519 1
0.742855 1.326507 1
0.072163 1.024444 1
1.494154 0.200819 0
0.166983 0.356619 0
1.737964 1.971557 1
1.189889 1.089889 1
1.209846 0.583802 0
1.529413 0.161628 0
1.603540 1.409274 1
1.738793 1.425647 1
0.401688 0.230502 0
0.190270 -0.083201 0
0.128626 1.160869 1
1.116950 1.625605 1
1.768570 0.057919 0
0.563812 0.464536 0
0.247496 1.228872 1
0.154709 -0.052766 0
0.196475 1.311167 1
0.749484 1.183620 1
0.216582 1.813994 1
1.174972 1.131225 1
0.661424 1.532714 1
0.685572 1.015432 0
0.452846 0.185894 0
1.845195 0.531121 0
0.224070 0.441737 0
0.974164 0.582416 0
0.004632 0.347034 0
0.892231 1.261882 1
0.460048 -0.075971 0
1.568576 0.805989 1
1.365301 1.001844 1
1.982012 1.403895 1
1.743319 0.458443 0
1.648011 0.548529 0
1.644866 0.875526 0
1.826473 1.224430 1
1.844941 0.560065 0
0.923676 0.227174 0
1.834093 0.624258 0
0.867383 1.358457 1
0.329693 0.563421 0
1.276865 0.829593 0
1.771867 0.014122 0
1.526691 0.368635 0
0.180365 1.856621 1
0.332090 1.208560 1
0.881277 1.215003 0
0.454283 1.455538 1
0.885825 1.039629 1
1.837443 1.401594 1
1.477530 0.076110 0
1.584550 0.610378 0
1.844200 0.740501 0
0.498916 0.378597 0
0.562929 0.669550 0
0.786392 1.424141 1
1.079400 -0.044863 0
1.950626 0.875783 0
0.073894 1.792937 1
1.509330 1.380893 1
0.155010 1.023732 1
0.181699 1.088863 0
1.693870 1.166183 1
0.429729 1.707069 1
1.514198 -0.230109 0
1.724385 0.083735 0
0.169269 0.291849 0
0.602551 1.646804 1
0.066389 1.089627 1
0.517794 0.180590 0
1.998910 0.795159 0
1.956386 1.504410 1
1.185013 1.301851 1
1.981745 1.107397 1
1.597081 1.859932 1
1.751824 0.259205 0
0.613631 1.029832 0
0.961297 0.453080 0
1.063459 2.005133 1
0.628061 0.185029 0
0.805761 1.322300 1
0.263299 1.542555 1
1.658082 1.810670 1
1.944038 1.534438 1
0.026226 0.063633 0
1.757782 1.518061 1
1.628277 0.974911 0
0.958391 0.443993 0
0.888218 1.458606 1
0.648452 1.113042 1
1.370297 0.523510 0
0.583896 1.369961 1
0.620812 1.715333 1
1.077041 1.832666 1
1.676164 0.987153 0
1.268839 1.772553 1
0.772151 1.811732 1
1.483644 1.468176 1
0.362253 1.482760 1
1.869599 1.469520 1
0.401813 0.663881 0
0.692032 1.129111 0
0.811961 1.073144 0
0.219550 1.685140 1
0.621182 1.030364 1
1.160225 1.217126 1
0.566407 0.593509 0
0.077095 1.166447 0
0.381188 0.713607 0
0.217623 0.632089 0
1.314646 0.692476 0
1.153357 -0.059448 0
1.432166 0.672171 0
0.879878 1.527545 1
1.863985 1.533171 1
1.665022 -0.131572 0
1.321690 0.021161 0
1.767779 0.288462 0
0.550779 1.016800 0
1.306175 1.466507 1
0.109838 2.126621 1
0.814860 1.077872 1
1.438420 1.007196 0
1.216797 0.938244 1
1.010560 0.469208 0
1.506624 2.122200 1
1.924382 1.008069 1
0.543364 0.142870 0
0.471739 0.552135 0
1.393942 1.280579 1
1.875207 0.234077 0
1.145908 0.562399 0
0.984451 1.805663 1
0.620588 0.311094 0
1.350594 1.975377 1
1.014156 -0.152725 0
0.330626 1.503825 1
1.909338 1.660084 1
1.736605 0.674024 0
0.240202 0.333234 0
0.744064 0.702749 0
0.217413 1.683237 1
1.289047 1.109602 0
0.384978 1.199353 1
0.381177 0.937529 1
0.345698 1.771855 1
0.745433 1.054531 0
0.521354 0.672749 0
0.512905 -0.212956 0
1.563872 0.524776 0
0.431059 1.917776 1
1.932065 0.926886 0
1.212460 1.843495 1
