0.877294 1.073584 1
0.492590 1.166524 1
1.575577 1.848352 1
0.618446 0.410934 0
0.296001 0.992761 1
1.155144 0.158844 0
1.420478 0.417648 0
0.016001 0.151472 0
1.142704 0.760585 0
0.017295 1.222252 1
1.207465 1.316764 1
1.828903 0.132674 0
0.441915 1.608703 1
1.478895 1.791532 1
0.786522 1.858181 1
1.409942 0.877291 0
0.849572 0.468307 0
0.561254 2.080872 1
0.348193 0.743257 0
1.469735 1.596933 1
1.877033 0.216476 0
1.237531 0.091211 0
1.676535 0.561216 0
0.257155 1.714493 1
0.094716 0.453338 0
0.062293 0.994587 0
0.614233 0.234156 0
1.645544 1.489244 1
0.269458 0.661710 0
1.575105 0.903211 0
1.909233 2.023393 1
1.816215 0.365511 0
0.108733 0.162316 0
0.134510 0.374053 0
1.158053 1.843812 1
1.731388 0.777859 0
0.808085 1.305892 1
0.629485 1.657673 1
1.507952 0.411249 0
0.075902 0.311870 0
0.589297 0.772241 0
0.012534 1.409497 1
0.569234 0.885000 0
1.610551 1.587885 1
1.909509 1.312833 1
1.084620 1.972299 1
0.224055 0.687220 0
1.624623 1.661762 1
0.037305 0.627937 0
1.470710 1.489782 1
1.266528 1.580937 1
1.670151 1.069876 1
0.929517 2.001141 1
0.976235 1.009020 1
0.561202 1.281056 1
1.271437 1.619001 1
1.095073 1.453580 1
1.006891 0.543437 0
1.155399 1.524341 1
0.291404 1.243564 1
1.630416 0.201824 0
0.996969 1.673641 1
1.546164 0.240156 0
1.153617 0.219573 0
0.379062 1.380381 1
1.272795 0.820823 0
0.517237 0.569526 0
1.339951 1.161173 1
0.382389 0.321116 0
0.801200 1.464678 1
1.504902 0.615488 0
1.115317 1.002331 0
1.069694 1.178973 1
1.750267 1.784177 1
0.914702 0.532513 0
0.662991 0.769000 0
0.130755 1.199549 1
1.807401 1.219276 1
0.584662 1.679255 1
0.316968 1.109695 1
1.243396 1.485604 1
0.935114 0.431060 0
0.084344 1.411928 1
1.827874 0.915571 0
0.356320 1.245042 1
0.256750 1.547868 1
0.027072 1.807059 1
0.104277 1.375401 1
0.210967 1.920195 1
0.263334 0.554383 0
1.092387 1.799690 1
0.613982 0.279421 0
1.283423 0.177784 0
0.515187 1.081214 1
1.942661 0.591655 0
0.127447 0.274899 0
0.601065 0.685045 0
0.792993 1.786088 1
1.474781 1.822651 1
1.006722 1.574142 1
0.094131 1.837510 1
0.626156 1.276426 1
1.084584 0.962323 1
1.455650 1.848998 1
0.450147 0.227982 0
1.883019 1.044897 0
0.143793 0.797437 0
1.939549 1.194171 1
0.887193 1.345397 1
0.120985 1.724943 1
0.619448 0.972891 0
0.445672 1.080785 1
0.786326 1.204647 1
1.873891 0.305616 0
0.778423 1.141539 1
1.784663 0.136039 0
1.138068 1.758015 1
0.068726 1.505015 1
1.154299 0.289391 0
0.359375 0.359105 0
1.212611 1.220782 1
1.763871 0.763434 0
0.479685 1.618379 1
0.097427 1.666566 1
1.165453 1.243608 1
1.632446 0.335436 0
1.257719 0.868059 0
1.479290 1.047965 1
1.747770 0.275167 0
1.394207 0.618394 0
0.665627 1.621913 1
0.355346 0.784640 0
1.331997 1.679879 1
1.373965 1.169560 1
1.232713 0.166888 0
1.978469 0.147177 0
0.908334 0.403504 0
1.125188 1.789564 1
1.219268 0.089136 0
0.954271 0.785463 0
0.767372 1.680823 1
0.559064 1.368826 1
1.644616 0.014308 0
1.034463 0.752567 0
0.296057 0.542680 0
1.015484 0.938954 0
0.889520 1.899896 1
0.447281 1.090695 1
1.569855 0.679207 0
1.960921 0.192482 0
0.834675 0.184391 0
0.198988 1.436034 1
1.935577 1.308568 1
0.253999 1.504363 1
0.936808 1.762541 1
0.538079 0.179631 0
1.021685 0.078492 0
1.164689 1.983637 1
1.459343 1.822011 1
0.514080 0.377273 0
1.356304 1.113572 1
1.088092 1.795118 1
1.034953 1.506727 1
0.824033 1.617625 1
1.546038 0.826290 0
0.626284 0.211712 0
1.497179 1.904297 1
1.629264 0.334267 0
1.182079 1.308261 1
1.002968 0.440541 0
0.166111 1.385284 1
1.785389 1.871177 1
1.176942 1.284347 1
1.719005 1.892943 1
0.031761 1.030206 1
1.918649 0.619395 0
0.715335 0.317758 0
1.654051 1.105957 1
1.520495 0.337385 0
1.783716 1.243105 1
1.757384 1.350453 1
0.546312 1.131801 1
0.774115 1.733196 1
1.100175 0.440089 0
0.274156 0.907441 0
0.542571 0.062221 0
1.645167 0.884372 0
0.295512 1.525917 1
1.911442 0.865514 0
1.742306 0.788729 0
1.582419 1.510328 1
0.347661 1.415551 1
1.525427 0.576763 0
0.946812 0.739369 0
1.093828 1.763000 1
1.911228 1.299096 1
0.500592 0.107363 0
1.276475 0.030741 0
1.489431 1.332565 1
1.914982 0.166649 0
0.574879 0.431250 0
0.106465 1.317671 1
1.071410 1.011984 1
1.074562 1.010557 0
0.330782 1.093695 1
0.510921 0.724693 0
0.975377 1.561656 1
1.247075 0.671098 0
1.549693 0.640988 0
1.143425 0.881815 0
0.087075 1.499696 1
1.574642 1.762636 1
0.122241 1.915866 1
0.000818 1.707404 1
1.737736 0.485710 0
0.350152 0.698190 0
1.186703 0.974294 0
0.998365 0.843609 0
0.098339 1.682272 1
0.040331 1.116456 1
0.711688 0.940302 0
0.054036 1.193824 1
0.470365 0.601207 0
1.659712 0.636294 0
0.666945 0.808266 0
1.108853 1.473782 1
0.913126 0.372770 0
0.678887 1.641669 1
1.269882 1.855197 1
0.781745 1.766285 1
0.382361 0.391501 0
1.654831 0.542164 0
0.701108 0.379235 0
0.087074 0.216284 0
0.835243 0.215559 0
0.271857 0.991324 0
1.257839 1.542370 1
0.905892 1.329128 1
1.473381 0.104514 0
0.228394 1.687629 1
1.617661 1.512112 1
0.401572 0.411554 0
1.066482 0.479687 0
0.663358 0.224478 0
1.143852 0.722614 0
1.811377 0.814635 0
1.056407 1.125196 1
1.551141 1.380775 1
1.946237 1.062226 1
0.056451 0.507063 0
0.851845 0.901016 0
0.006877 1.467396 1
0.603541 1.664403 1
0.603801 1.332970 1
0.532094 1.596289 1
0.692473 1.828422 1
0.005163 0.189749 0
0.770968 0.797421 0
0.877206 1.362976 1
1.252445 0.159273 0
0.242900 1.554620 1
1.410914 0.069844 0
0.911934 1.982465 1
0.982540 1.852460 1
1.988334 -0.002840 0
1.659151 1.357303 1
0.920742 1.589137 1
0.143258 1.185362 1
0.051882 0.394972 0
0.688874 0.682062 0
0.341288 0.290021 0
0.636697 0.294090 0
0.298970 2.044885 1
0.158039 1.320665 1
0.501440 0.591044 0
1.455752 1.133314 1
1.367859 1.092111 1
0.779304 1.386037 1
0.372093 0.944231 0
0.366149 1.926186 1
0.133741 1.835150 1
0.711718 1.009461 1
1.774075 1.856122 1
1.490904 0.452317 0
0.335986 1.904698 1
0.957710 1.201621 1
1.987976 1.079575 1
0.997556 1.926411 1
0.327427 0.043322 0
0.445713 0.632617 0
0.432215 0.808420 0
1.317701 1.297782 1
1.870254 1.067800 1
1.995164 -0.018134 0
1.876955 0.314268 0
0.342245 1.807086 1
0.176308 1.069835 1
0.349249 1.908446 1
1.852029 0.295367 0
0.767574 0.840858 0
0.613571 1.442494 1
1.708423 1.796778 1
1.454948 0.355484 0
0.307698 0.257693 0
0.035173 1.421305 1
0.706216 1.303963 1
0.742824 0.843418 0
0.670056 0.351040 0
1.901578 0.376490 0
1.266721 1.866420 1
1.888429 0.541829 0
1.521267 0.140325 0
0.397105 1.674620 1
0.022873 0.906248 0
0.047834 1.033167 0
1.352225 1.047592 1
0.719311 1.850183 1
1.243991 1.005237 0
0.369278 1.468864 1
0.694243 1.531899 1
0.230445 0.105763 0
0.455747 1.325022 1
0.338416 1.179154 1
0.626259 1.559955 1
1.914357 0.885713 0
0.427982 0.049560 0
0.637634 0.378689 0
0.989230 1.258868 1
1.566903 1.448171 1
1.748023 1.986811 1
1.715573 1.019303 0
1.283375 0.139217 0
1.160762 1.802246 1
1.622642 1.548165 1
0.753978 0.549702 0
1.638000 0.487804 0
1.333652 1.757987 1
0.650381 1.708499 1
1.206474 0.292178 0
1.836609 0.843274 0
0.663803 1.254169 1
0.698205 1.085866 1
0.873807 2.002773 1
0.805157 0.271268 0
1.693655 0.424825 0
0.358443 1.351399 1
0.164843 1.666723 1
0.761296 0.287569 0
1.625377 1.372399 1
0.904068 0.113460 0
0.021748 -0.031630 0
1.961573 0.386249 0
0.128191 0.530167 0
0.937993 0.345149 0
0.667408 0.465633 0
0.487590 1.674057 1
1.952483 2.047271 1
0.418587 0.510151 0
1.867062 0.652355 0
0.247341 0.728714 0
1.524864 1.745855 1
1.005010 0.311534 0
0.912929 0.842475 0
0.144182 1.141687 1
1.972537 0.096624 0
1.404112 0.498513 0
0.238564 1.202930 1
0.089862 1.562963 1
0.512035 1.415456 1
0.158339 -0.045006 0
0.621493 0.738177 0
1.798620 1.457022 1
0.386370 0.080531 0
0.813584 1.036842 1
1.407174 1.670441 1
0.318873 0.587305 0
1.794512 1.470908 1
1.153809 0.975237 0
1.932271 0.684217 0
1.452590 1.260572 1
1.739195 1.842586 1
0.191064 0.103742 0
0.855383 0.909952 0
1.540710 1.204530 1
0.243997 0.057010 0
1.341204 1.937434 1
0.802759 1.232172 1
1.278078 0.780013 0
0.121679 0.225102 0
1.483169 1.638910 1
0.302201 0.393901 0
1.996718 1.704719 1
1.477545 1.518252 1
1.587219 0.372106 0
0.655870 1.066032 1
1.115325 0.139450 0
1.638870 0.272742 0
1.588101 1.070431 0
1.223746 0.130807 0
1.434621 1.029656 1
1.699717 1.867209 1
1.709564 0.934420 0
0.777547 1.155525 1
0.463936 1.619602 1
0.865174 0.713156 0
1.410823 1.924590 1
1.129908 1.544569 1
1.476211 -0.025870 0
1.784629 1.660398 1
1.154144 0.480919 0
0.469449 1.587293 1
1.472811 1.636788 1
0.809223 0.485298 0
1.171039 0.069498 0
1.587398 1.415144 1
1.486129 0.540175 0
0.615094 0.192317 0
0.176464 0.771310 0
1.192094 1.735597 1
1.183585 0.418717 0
1.373312 1.114358 1
1.954929 1.394676 1
0.740398 1.820906 1
1.181545 1.167926 1
0.914681 0.209878 0
0.769769 0.785250 0
0.468716 0.863356 0
0.774778 2.003937 1
0.314252 0.480384 0
1.271067 1.198987 1
1.835330 0.455967 0
0.258449 1.926553 1
1.089875 0.477153 0
1.346697 1.793187 1
1.527576 1.087246 1
1.798244 0.638503 0
1.705565 0.512483 0
0.354701 1.640577 1
0.498387 0.587000 0
1.003965 1.506755 1
1.808061 0.086313 0
0.916292 1.697131 1
1.956136 1.220034 1
0.429992 1.313992 1
0.395083 1.676462 1
1.721935 1.488912 1
0.001401 0.085254 0
1.663872 0.092229 0
0.838997 1.032784 1
1.267287 0.815066 0
0.845775 0.629941 0
1.703904 0.188145 0
1.470169 0.089064 0
1.476846 1.600152 1
1.292545 0.462329 0
1.310550 1.068965 1
0.389758 0.205881 0
0.642165 0.590474 0
1.440757 1.454480 1
0.010071 1.663939 1
0.465017 2.022504 1
0.112591 1.205674 1
1.263971 1.909976 1
1.209565 0.434696 0
1.688468 1.549658 1
0.925046 0.798683 0
1.537464 0.124551 0
1.833061 0.751743 0
1.077138 0.516519 0
1.568510 1.936000 1
1.528302 0.539419 0
0.189415 0.532981 0
1.323856 0.250128 0
0.562430 1.399682 1
1.136406 1.000794 0
0.995413 0.599209 0
0.369035 1.819678 1
0.535188 1.177507 1
0.693388 0.307738 0
0.503089 0.875454 0
1.328768 0.740369 0
0.499662 0.460045 0
1.582430 0.441126 0
0.651474 0.091732 0
0.987131 1.849673 1
0.005837 1.937747 1
0.882422 0.800288 0
1.702273 1.373336 1
1.015194 0.479369 0
0.357626 0.125640 0
1.718857 1.926780 1
1.526625 0.801322 0
0.121202 1.530009 1
1.335401 0.750045 0
1.508244 1.710329 1
1.747845 0.406929 0
1.813368 1.978312 1
1.861816 0.817448 0
0.035630 1.726770 1
1.662303 1.903340 1
1.712554 1.265245 1
1.292679 0.250742 0
1.299209 0.629307 0
0.383543 0.592249 0
0.354103 0.247180 0
0.775002 0.964586 0
1.566740 0.217948 0
1.653977 0.028000 0
0.665971 0.297367 0
1.613844 1.811765 1
1.570235 0.601335 0
1.746408 0.875049 0
0.808004 0.765718 0
0.323535 1.398233 1
1.038246 1.567050 1
0.400247 0.714961 0
1.313763 0.775791 0
1.561346 1.779220 1
1.745451 0.280807 0
1.489787 0.493242 0
1.470427 0.594491 0
1.879074 1.981531 1
1.767673 1.770333 1
0.088616 0.978978 0
1.372261 1.834478 1
1.474139 1.700855 1
0.134673 1.503877 1
1.647013 0.658057 0
0.593995 1.071425 1
1.387272 1.840799 1
1.062002 1.577673 1
1.690393 0.792889 0
0.154888 0.799893 0
1.074719 0.062525 0
0.954638 0.867807 0
1.500653 0.189948 0
0.230739 1.111533 1
0.799085 0.542271 0
0.865766 0.380505 0
0.201455 0.365363 0
1.534299 0.341583 0
1.274152 1.929932 1
0.602462 0.620702 0
0.446371 1.917552 1
0.813352 0.448954 0
0.998822 1.746516 1
0.910581 0.799125 0
1.888272 0.695208 0
0.900348 0.748720 0
0.474515 0.531366 0
1.931202 1.656624 1
0.617608 1.030754 0
0.243343 0.530868 0
0.983385 1.868580 1
1.862094 0.514675 0
1.774412 0.166895 0
1.622835 0.745707 0
0.625493 1.265970 1
1.518373 0.948881 0
1.741570 1.326335 1
1.474179 0.726189 0
0.543824 0.458586 0
0.969980 1.405351 1
1.386662 0.173772 0
0.013096 1.017220 1
1.279439 0.532949 0
1.947423 0.223865 0
0.516082 0.977177 1
0.850723 1.766860 1
1.444210 1.409274 1
1.714438 0.693581 0
0.497426 0.958747 1
0.533407 1.039545 1
1.894347 1.932997 1
0.073024 0.976267 0
0.222577 0.797452 0
0.444174 0.246179 0
1.349728 0.567303 0
0.707582 0.801162 0
0.613435 0.903647 0
1.759494 1.151020 1
0.138997 1.112398 1
0.798056 0.285471 0
1.343393 0.032563 0
1.637055 0.857028 0
0.010175 0.273492 0
0.588674 1.564044 1
0.972602 0.563592 0
0.339187 0.100851 0
0.199590 0.688169 0
1.349041 1.787605 1
1.430245 0.039903 0
0.708310 1.257130 1
1.686412 1.860693 1
1.673857 0.983496 1
1.532071 1.206859 1
1.454948 1.136764 1
0.081385 0.687095 0
1.795621 1.150806 1
0.970335 0.271327 0
1.422539 0.427117 0
1.079384 1.436977 1
0.105918 0.934686 0
1.712401 1.209889 1
0.786015 0.803797 0
1.914859 1.906539 1
0.326447 1.238796 1
0.501455 1.628560 1
0.612216 0.678460 0
0.512898 1.527882 1
0.251674 0.283535 0
0.639291 0.788497 0
1.216358 1.043122 1
1.762063 0.477650 0
0.271720 1.365660 1
1.237358 0.737798 0
1.766097 0.556499 0
1.862251 0.633808 0
1.597404 0.543539 0
0.387032 1.125232 1
0.549628 0.713267 0
0.917972 1.423391 1
1.127714 1.419451 1
1.923366 1.743863 1
0.115714 0.092073 0
0.231849 0.711882 0
0.653555 -0.041126 0
1.969461 1.457412 1
0.463087 1.709392 1
1.467811 1.060807 1
1.328560 0.708872 0
0.460973 0.357059 0
0.216326 1.544874 1
0.388145 1.097933 1
1.347877 0.575244 0
1.080169 0.926020 0
0.477392 1.199295 1
1.840020 1.974540 1
1.021006 0.464053 0
0.276416 0.366267 0
1.790532 1.205579 1
0.186456 1.414794 1
0.426243 0.352801 0
0.339501 2.032903 1
0.661713 1.163746 1
0.612848 1.270347 1
0.587681 0.348634 0
1.430529 0.829581 0
0.308451 1.727426 1
1.253033 0.807770 0
0.100927 0.948877 0
0.282156 0.686227 0
1.595816 1.426270 1
1.066523 1.913795 1
1.918449 0.201605 0
1.993110 0.531159 0
1.575048 0.547505 0
0.661547 1.748653 1
1.948725 0.545203 0
0.603954 0.722448 0
0.081786 1.311789 1
0.489959 0.402871 0
1.939054 1.442643 1
0.905172 1.014378 1
0.816518 1.814566 1
1.616609 0.166281 0
1.807300 1.134754 1
1.897356 0.320474 0
0.605231 -0.004712 0
0.235556 1.948826 1
0.626935 0.313395 0
0.100530 1.409415 1
1.017015 1.878057 1
0.131728 1.791072 1
1.179008 1.810242 1
1.650843 0.372787 0
0.543983 1.403506 1
1.772266 1.993767 1
0.542578 0.171783 0
0.368796 2.006924 1
1.753024 0.183759 0
1.458676 1.955228 1
1.624537 0.496004 0
1.986902 0.486658 0
0.631761 0.758085 0
1.990776 1.338419 1
0.347471 1.452276 1
1.975024 1.982493 1
1.780448 0.882146 0
0.516681 1.009986 0
1.661647 0.133180 0
1.404888 0.852079 0
0.167799 1.672423 1
0.510195 1.322563 1
1.329482 0.508520 0
0.277293 1.339982 1
1.868905 1.044462 0
1.322557 0.837217 0
0.166970 0.703015 0
0.523228 1.487060 1
1.227900 0.460634 0
1.729559 1.325588 1
0.676296 1.758460 1
0.090700 0.999138 0
0.640441 0.810614 0
1.672981 0.643562 0
0.519551 1.504471 1
1.573382 0.124203 0
0.126452 1.504152 1
1.634440 1.014360 0
0.248594 0.730146 0
1.058535 0.763683 0
0.652697 1.203432 1
1.569846 1.660572 1
0.755223 0.773502 0
0.139594 1.997398 1
0.123798 0.380115 0
1.351258 1.687123 1
0.854346 1.623122 1
1.768452 0.825010 0
0.736752 1.768926 1
0.402311 1.130731 1
0.708952 1.205935 1
1.652016 0.628386 0
1.641191 0.548065 0
0.703293 1.591748 1
1.769046 0.540026 0
1.366017 1.922662 1
1.081380 1.106473 1
1.877102 0.432817 0
0.918774 0.540128 0
0.378596 1.448803 1
0.220873 0.668795 0
1.012977 1.463796 1
1.765326 0.554673 0
0.177114 0.696819 0
0.071972 1.233442 1
0.195831 1.433788 1
1.268959 0.504876 0
0.419013 2.008283 1
1.735382 0.886363 0
0.155829 0.382793 0
1.629677 1.052748 1
0.321705 1.435677 1
1.121674 1.954347 1
1.237265 0.455522 0
1.142027 1.940141 1
0.444482 1.272525 1
0.100203 1.641709 1
0.871309 1.687002 1
1.439965 0.296103 0
0.832618 1.101450 1
1.261804 0.643795 0
1.736544 1.522474 1
0.068146 1.767098 1
0.939464 0.364693 0
1.483303 0.847514 0
1.308790 1.719651 1
0.837140 0.786131 0
1.023127 0.145933 0
1.476141 0.990331 1
0.462900 0.521917 0
0.869532 1.004652 0
0.698345 1.110717 1
1.766571 1.419151 1
0.839361 1.933533 1
1.300668 0.114961 0
0.600061 1.203567 1
0.285795 0.616204 0
1.649079 1.696868 1
1.060867 0.101350 0
1.812800 0.630004 0
1.758937 0.472600 0
0.106713 0.190400 0
1.669969 1.127589 1
0.288444 1.151897 1
0.337717 0.369415 0
0.426661 1.822910 1
0.498972 1.676172 1
0.665396 0.416763 0
1.903694 1.743769 1
0.333370 1.402451 1
1.667926 1.841555 1
0.191001 0.523805 0
0.236739 1.360914 1
0.249563 0.544576 0
1.280851 1.694007 1
1.172838 1.477893 1
1.988530 1.331132 1
0.874571 1.198718 1
0.175232 0.149314 0
0.660509 1.059874 1
0.886010 1.922431 1
1.324110 0.322976 0
1.638314 1.448545 1
1.778570 -0.041610 0
1.864022 -0.034256 0
0.024338 1.467039 1
0.003693 0.286573 0
1.914260 0.715711 0
0.069289 1.194174 1
0.294710 0.441706 0
1.342975 1.280511 1
0.190474 1.520607 1
0.147676 0.337216 0
1.817016 2.036115 1
1.169568 0.075614 0
1.903793 0.710145 0
0.539635 1.146029 1
1.664687 1.843399 1
1.100551 1.707833 1
0.380409 1.943708 1
1.185191 0.864124 0
1.835954 0.758250 0
0.915706 1.933678 1
0.428631 1.596625 1
0.353408 0.010180 0
1.983181 1.331590 1
1.448273 1.432937 1
1.570310 1.091453 1
0.764318 1.912808 1
0.015393 1.913769 1
1.488928 1.967697 1
0.755894 1.207928 1
1.205954 1.370718 1
1.521822 0.956567 1
1.155910 0.321284 0
1.476715 1.705195 1
1.823819 -0.063615 0
1.446668 1.009789 1
0.656157 0.226102 0
0.736904 0.396810 0
1.770473 1.614998 1
0.704892 1.102608 1
1.374571 1.250673 1
0.302711 1.919829 1
1.415418 0.757615 0
0.431566 1.559344 1
0.737987 0.151175 0
0.925600 1.874881 1
1.280625 1.222153 1
1.539318 1.547366 1
1.032809 0.331135 0
1.480310 0.772044 0
1.663975 1.558670 1
0.538804 1.367556 1
1.872080 1.208891 1
1.693082 0.317814 0
0.367279 0.148931 0
1.541636 1.966311 1
0.986826 1.127339 1
1.412461 0.735134 0
1.729665 0.358879 0
1.405322 1.254751 1
1.542695 1.240158 1
0.597385 0.101997 0
0.396085 0.091925 0
1.925217 1.187976 1
0.916053 1.418052 1
1.965704 0.124106 0
0.766621 0.287099 0
0.047040 1.366077 1
0.354020 0.046511 0
1.996853 1.254209 1
0.551990 1.120390 1
0.017326 1.887831 1
0.977082 1.265118 1
0.460930 1.645611 1
0.886457 0.987478 0
0.656409 0.082745 0
0.048558 0.567000 0
0.424057 0.254091 0
1.175061 0.474535 0
0.203528 0.564978 0
0.696977 1.365855 1
0.666274 0.048268 0
1.367751 1.011629 1
1.163175 1.054665 1
1.787774 1.611342 1
1.945993 0.352695 0
1.846968 0.700011 0
1.845220 0.957956 0
1.624556 1.141462 1
0.043351 0.691614 0
1.116986 0.286552 0
0.033256 0.479796 0
0.669661 1.393047 1
0.534798 0.571254 0
1.477243 0.909452 0
1.966883 0.034501 0
1.725335 0.580539 0
1.979200 1.740032 1
0.129065 1.129381 1
1.079558 1.028286 0
0.254104 1.347034 1
0.685754 1.086726 1
1.637522 1.537450 1
1.680518 0.128549 0
1.785339 0.798576 0
0.040030 0.923457 0
0.700082 0.310088 0
0.761657 0.792601 0
0.588484 1.497609 1
1.280843 0.073726 0
0.150372 0.846473 0
1.870932 1.824884 1
1.306048 1.201459 1
1.955826 1.153852 1
0.387051 0.956549 0
1.493960 1.154614 1
0.228000 1.865987 1
1.709437 -0.014185 0
1.922323 0.224299 0
0.370891 0.111730 0
0.401452 1.710373 1
1.866872 1.128036 1
0.719293 0.291436 0
0.198398 0.704443 0
1.759170 1.518236 1
0.984255 1.113421 1
1.781530 1.235613 1
1.392891 1.637875 1
1.951855 0.395989 0
0.812888 0.959787 0
1.157981 0.599446 0
0.859117 2.000666 1
0.827539 0.157888 0
0.607688 1.362077 1
0.063434 1.461253 1
1.455424 1.757187 1
1.745378 1.371787 1
0.226310 0.208386 0
1.556724 1.333096 1
1.827753 0.912130 0
1.155044 0.421171 0
0.690985 1.577826 1
0.446133 1.219286 1
1.569646 0.504699 0
0.383105 1.572902 1
0.424095 1.871498 1
0.877539 1.758312 1
1.878837 0.865535 0
1.067592 1.835074 1
0.569635 1.692344 1
1.286304 1.347763 1
0.162775 1.483781 1
1.671472 1.466094 1
0.602802 0.612260 0
0.895103 0.996641 0
1.013711 0.907191 0
0.017515 1.486441 1
0.420166 1.018781 1
0.956595 1.247227 1
0.761036 0.561028 0
0.276653 0.973148 0
0.576604 0.771124 0
0.413100 0.509161 0
1.514122 0.675458 0
1.356284 -0.003553 0
1.630211 0.691141 0
0.679215 1.550977 1
1.665130 1.479380 1
1.866770 0.027146 0
1.519780 0.184066 0
1.969521 0.168842 0
0.749360 1.000907 0
1.108571 1.602676 1
1.912013 1.978763 1
0.614432 1.065096 1
1.637668 0.906243 0
1.016453 1.136449 1
1.212623 0.391862 0
1.303609 1.980651 1
1.727442 1.071697 1
0.746314 0.338478 0
0.673355 0.392819 0
1.194095 1.112989 1
0.074964 0.429678 0
1.349637 0.735064 0
0.782315 1.944879 1
0.814880 0.177554 0
1.154657 1.754436 1
1.211556 -0.044634 0
0.131056 1.420844 1
1.709621 1.534719 1
1.940846 0.672322 0
0.443370 0.291017 0
0.940572 0.566704 0
0.017593 1.653591 1
1.486829 0.954122 0
0.186011 1.332816 1
0.180921 1.002576 1
0.146326 1.578031 1
0.946642 0.948642 0
0.721627 0.727591 0
0.730950 -0.055117 0
1.764060 0.605255 0
0.232355 1.829759 1
0.124475 0.789477 0
1.013562 1.630654 1
