0.675268 0.962466 1
0.293414 1.158882 1
1.375826 1.963748 1
0.820296 0.538836 0
0.095872 0.922050 1
1.356575 0.109511 0
1.625071 0.594713 0
0.211881 -0.025825 0
1.343435 0.767744 0
1.817225 1.261546 1
1.005444 1.295636 1
0.025488 0.170900 0
0.243516 1.616763 1
1.278285 1.872106 1
0.585327 1.870976 1
1.613005 0.777983 0
1.048765 0.569137 0
0.355884 2.258651 1
0.548490 0.655648 0
1.271468 1.425859 1
0.080324 0.279900 0
1.438159 0.243130 0
1.875317 0.592647 0
0.055611 1.794600 1
0.292987 0.540856 0
0.264207 1.155600 0
0.816739 0.270761 0
1.445732 1.528609 1
0.467860 0.537045 0
1.775599 1.012489 0
1.709240 2.108495 1
0.017800 0.422205 0
0.309590 0.237451 0
0.334135 0.536235 0
0.956637 1.910137 1
1.932828 0.623873 0
0.607075 1.180361 1
0.429528 1.687914 1
1.707701 0.525616 0
0.277960 0.313471 0
0.791158 0.691564 0
1.813099 1.502629 1
0.771862 0.749633 0
1.411168 1.418480 1
1.714076 1.282100 1
0.889920 2.117972 1
0.424312 0.678513 0
1.424310 1.595091 1
0.239132 0.800309 0
1.270992 1.513348 1
1.065384 1.698688 1
1.468887 1.209098 1
0.723803 2.021421 1
0.776740 0.898501 1
0.362985 1.339047 1
1.072446 1.486330 1
0.896059 1.388035 1
1.205190 0.482957 0
0.953284 1.641809 1
0.094130 1.331394 1
1.829742 0.021329 0
0.797266 1.798187 1
1.746663 0.256077 0
1.354764 0.203129 0
0.175861 1.398455 1
1.472887 0.711172 0
0.715715 0.547324 0
1.140668 1.172457 1
0.582529 0.322990 0
0.601268 1.611900 1
1.706514 0.498459 0
1.314957 1.182622 0
0.866476 1.029235 1
1.549915 1.623519 1
1.117869 0.434772 0
0.861600 0.661358 0
1.928957 1.180372 1
1.604638 1.267469 1
0.385791 1.723324 1
0.119251 1.065535 1
1.040499 1.509474 1
1.134435 0.316771 0
1.884315 1.443286 1
0.028718 0.763932 0
0.154225 1.287519 1
0.053356 1.421532 1
1.827216 1.953668 1
1.903516 1.211147 1
0.014587 1.851386 1
0.461726 0.436598 0
0.894156 1.925487 1
0.816697 0.217108 0
1.481340 0.226262 0
0.316115 1.063353 1
0.141415 0.579757 0
0.326382 0.212972 0
0.801546 0.803937 0
0.591550 1.867997 1
1.273251 1.687937 1
0.808164 1.582000 1
1.894510 1.683226 1
0.426321 1.212129 1
0.883725 0.864856 1
1.256424 1.865365 1
0.646577 0.228371 0
0.081230 1.151494 0
0.345738 0.864218 0
1.739311 1.156712 1
0.689171 1.200831 1
1.919480 1.721273 1
0.819025 0.930583 0
0.245091 1.029682 1
0.584755 1.086981 1
0.075593 0.395143 0
0.578167 0.972403 1
1.984642 0.186485 0
0.937659 1.890671 1
1.869042 1.630551 1
1.354431 0.364987 0
0.560058 0.202910 0
1.011588 1.165721 1
1.964324 0.823173 0
0.277933 1.628213 1
1.898482 1.812257 1
0.971638 1.210261 1
1.833246 0.464029 0
1.458992 0.890150 0
1.277382 0.948643 1
1.946230 0.385884 0
1.591695 0.720081 0
0.465379 1.710782 1
0.556485 0.910074 0
1.131693 1.584673 1
1.172500 1.343763 1
1.434334 0.173373 0
0.177673 0.060908 0
1.110862 0.275339 0
0.924551 1.638161 1
1.420629 0.032276 0
1.151217 0.761265 0
0.567888 1.696848 1
0.358713 1.331296 1
1.851936 0.032623 0
1.235934 0.663391 0
0.494037 0.610104 0
1.215057 1.077872 0
0.690395 1.938981 1
0.246445 0.962040 1
1.770514 0.499332 0
0.160721 0.248576 0
1.031291 0.296068 0
1.997436 1.544800 1
1.737066 1.179533 1
0.052995 1.604443 1
0.735787 1.813751 1
0.740477 0.198032 0
1.230666 0.001731 0
0.957334 2.019775 1
1.259699 1.774506 1
0.712388 0.255500 0
1.156732 1.259191 1
0.889837 1.774371 1
0.835059 1.389402 1
0.626771 1.755744 1
1.742837 0.646945 0
0.826300 0.178999 0
1.295827 1.737198 1
1.830346 0.243406 0
0.983403 1.445051 1
1.203348 0.542706 0
1.966003 1.533480 1
1.581175 1.930649 1
0.981148 1.307971 1
1.517853 1.906242 1
1.828812 0.942092 1
0.118073 0.453391 0
0.914695 0.163748 0
1.455169 0.950061 1
1.720891 0.391263 0
1.583540 1.312820 1
1.554373 1.313039 1
0.345473 1.024077 1
0.574230 1.695560 1
1.301304 0.583954 0
0.475447 0.960765 0
0.743118 -0.010808 0
1.843722 1.026398 0
0.093863 1.666337 1
0.106280 1.011191 0
1.943702 0.815108 0
1.384587 1.597877 1
0.146723 1.285370 1
1.726716 0.641275 0
1.143668 0.750820 0
0.895517 1.657528 1
1.714721 1.277947 1
0.704218 -0.043335 0
1.476693 -0.016862 0
1.289565 1.205076 1
0.117989 0.231308 0
0.775593 0.500482 0
1.906002 1.334443 1
0.871340 0.848664 1
1.277076 1.181145 0
0.131148 1.159749 1
0.714983 0.684416 0
0.778308 1.443102 1
1.450960 0.774571 0
1.749342 0.633976 0
1.344414 0.887520 0
1.887872 1.463363 1
1.374048 1.922037 1
1.924645 1.751696 1
1.801760 1.666037 1
1.938125 0.316415 0
0.549131 0.526182 0
1.384304 1.104352 0
1.195659 0.926656 0
1.898973 1.816131 1
1.839948 0.964370 1
0.913665 0.974106 0
1.855477 1.308997 1
0.670695 0.423673 0
1.859705 0.539539 0
0.866063 0.940503 0
0.908379 1.520585 1
1.115301 0.387040 0
0.477144 1.808605 1
1.070622 1.963504 1
0.582027 1.908524 1
0.581856 0.432072 0
1.854248 0.626261 0
0.899528 0.455250 0
0.289337 0.325586 0
1.032263 0.146298 0
0.473867 1.084099 0
1.056300 1.722272 1
0.705890 1.401442 1
1.673095 0.021221 0
0.027444 1.708669 1
1.419259 1.415971 1
0.601245 0.303383 0
1.263992 0.307441 0
0.861043 0.061999 0
1.345115 0.779886 0
0.011270 0.785046 0
0.854895 1.195643 1
1.353302 1.516053 1
1.748715 0.902393 1
0.255441 0.481072 0
1.052962 0.752130 0
1.809039 1.566118 1
0.404303 1.589615 1
0.403615 1.421185 1
0.330184 1.730184 1
0.497477 1.833594 1
0.202497 0.136429 0
0.969861 0.678173 0
0.681781 1.461927 1
1.452181 0.116631 0
0.043223 1.428235 1
1.614344 0.012998 0
0.710227 2.033343 1
0.783791 1.903711 1
0.190824 -0.095084 0
1.460011 1.460222 1
0.722761 1.459345 1
1.940494 1.358271 1
0.253754 0.324000 0
0.886317 0.678360 0
0.542708 0.465155 0
0.837750 0.278417 0
0.108164 2.136892 1
1.956994 1.483388 1
0.701355 0.612788 0
1.256697 1.209219 1
1.168207 1.089553 1
0.580062 1.482231 1
0.574244 1.056452 0
0.165748 1.820619 1
1.931862 1.864759 1
0.510527 1.007697 1
1.571812 2.015793 1
1.690969 0.347420 0
0.137025 1.950745 1
0.759838 1.036493 1
1.788416 1.058855 1
0.796416 1.789514 1
0.533326 -0.073070 0
0.647748 0.563617 0
0.633418 0.783477 0
1.116493 1.173691 1
1.670916 1.176305 1
0.194512 -0.071674 0
0.077696 0.431732 0
0.145864 1.859930 1
1.975283 1.154839 1
0.149258 1.896967 1
0.056029 0.443246 0
0.968216 0.697362 0
0.411171 1.276705 1
1.510611 1.642958 1
1.656972 0.219254 0
0.510975 0.302109 0
1.834983 1.505421 1
0.504416 1.229616 1
0.943406 1.021465 0
0.870121 0.232033 0
0.101653 0.404517 0
1.069601 1.757825 1
0.087720 0.405668 0
1.721893 0.238927 0
0.198746 1.495150 1
0.227239 1.019563 0
0.249571 1.121179 0
1.153384 0.901610 1
0.522880 1.976234 1
1.441561 1.054636 0
0.167187 1.377922 1
0.490748 1.429673 1
0.428300 0.112964 0
0.255090 1.152885 1
0.137863 1.328275 1
0.427455 1.490285 1
0.109593 0.724445 0
0.621428 0.150672 0
0.839264 0.252690 0
0.783523 1.088051 1
1.369035 1.555909 1
1.553353 2.032498 1
1.914826 1.154467 0
1.481078 0.009766 0
0.958103 1.732893 1
1.423451 1.383962 1
0.959018 0.692151 0
1.837935 0.384079 0
1.134600 1.892237 1
0.450951 1.746511 1
1.403444 0.178721 0
0.035888 0.729633 0
0.462771 1.270635 1
0.497682 1.169646 1
0.674707 2.129293 1
1.003292 0.224940 0
1.894007 0.595777 0
0.157069 1.184413 1
1.962992 1.751960 1
0.960159 0.366698 0
1.426192 1.523013 1
1.100123 0.220465 0
0.212728 -0.120644 0
0.158680 0.535540 0
0.328336 0.619756 0
1.137649 0.179731 0
0.866774 0.480205 0
0.285688 1.610546 1
1.747193 2.170422 1
0.618768 0.622300 0
0.067401 0.485026 0
0.445985 0.589728 0
1.323682 1.639274 1
1.203191 0.438639 0
1.112920 0.741235 0
1.941898 1.185906 1
0.173142 0.228312 0
1.605211 0.423765 0
0.040858 1.367042 1
1.891411 1.533713 1
0.315336 1.284803 1
0.358471 -0.217203 0
0.820834 0.882755 0
1.591841 1.295942 1
0.584149 0.148133 0
0.615941 1.109956 1
1.208376 1.724054 1
0.515545 0.710849 0
1.589619 1.418210 1
1.352841 1.022828 0
0.130234 0.512108 0
1.251657 1.397533 1
1.537000 1.801269 1
0.390704 0.277707 0
1.055377 0.983448 0
1.338064 1.203143 1
0.444437 0.018605 0
1.141852 2.064509 1
0.599832 1.259807 1
1.479102 0.710631 0
0.319054 0.357362 0
1.280880 1.795846 1
0.505012 0.314862 0
1.799233 1.614632 1
1.277104 1.648745 1
1.787987 0.352750 0
0.457295 0.897068 1
1.316869 0.182155 0
1.838679 0.135975 0
1.788720 1.236675 0
1.425511 0.072414 0
1.235871 1.026583 1
1.500047 1.904022 1
1.910434 0.898653 0
0.576865 1.277084 1
0.263906 1.652590 1
1.065572 0.873225 0
1.210091 2.002994 1
0.928024 1.532094 1
1.671062 -0.182576 0
1.581987 1.524307 1
1.355626 0.592331 0
0.268872 1.646497 1
1.274447 1.790181 1
1.010876 0.486813 0
1.372326 -0.095013 0
1.388124 1.384229 1
1.688081 0.425678 0
0.817324 0.035178 0
0.376088 0.880980 0
0.988640 1.605520 1
1.384154 0.534639 0
1.172194 1.058096 1
1.757469 1.527584 1
0.541575 1.676397 1
0.983342 1.274991 1
1.111856 0.343601 0
0.969896 0.802582 0
0.668202 0.782187 0
0.581441 2.079269 1
0.512220 0.347044 0
1.072648 1.195669 1
0.034800 0.448174 0
0.058079 1.988379 1
1.288904 0.481746 0
1.147608 1.787591 1
1.326037 1.112858 1
1.998922 0.518299 0
1.906183 0.664575 0
0.159363 1.694959 1
0.698794 0.681448 0
0.805781 1.637643 1
0.007012 0.086683 0
0.714644 1.740676 1
1.756009 1.244497 1
0.231151 1.382528 1
0.197726 1.553907 1
1.521703 1.316183 1
0.198338 0.088526 0
1.863451 0.003093 0
0.638264 1.073382 1
1.467413 0.978338 0
1.046800 0.534603 0
1.903956 0.365329 0
1.669527 -0.008183 0
1.277020 1.655882 1
1.490885 0.334995 0
1.113745 0.953014 1
0.589588 0.190278 0
0.838904 0.432446 0
1.247190 1.589534 1
1.810976 1.515954 1
0.256407 2.066215 1
1.912296 1.238006 1
1.067409 1.810487 1
1.409353 0.346602 0
1.487386 1.465487 1
1.123775 0.880131 0
1.735170 0.165051 0
0.033562 0.812452 0
1.276506 0.656013 0
1.363498 1.994334 1
1.728395 0.487943 0
0.392633 0.433330 0
1.520362 0.324835 0
0.360952 1.514524 1
1.336202 1.038137 0
1.192402 0.632064 0
0.168770 1.968187 1
0.334995 1.105365 1
0.893013 0.323475 0
0.702772 1.053307 0
1.528928 0.570203 0
0.698468 0.340940 0
1.782600 0.571772 0
0.850907 0.084835 0
0.786820 1.700651 1
1.805656 1.961544 1
1.083271 0.764744 0
1.503550 1.488678 1
1.215070 0.301200 0
0.559251 0.180442 0
1.519168 1.960533 1
1.724609 0.745318 0
1.921240 1.350617 1
1.534126 0.669792 0
1.306045 1.837140 1
1.946762 0.432082 0
1.614307 1.954021 1
0.060151 0.776581 0
1.834236 1.666644 1
1.466096 1.903284 1
1.516318 1.367560 1
1.493521 0.142656 0
1.498474 0.619257 0
0.585919 0.441493 0
0.555338 0.168084 0
0.975502 1.142419 0
1.764940 0.224074 0
1.853487 0.055699 0
0.865784 0.466894 0
1.413952 1.820629 1
1.769954 0.592606 0
1.947464 0.969142 0
1.006495 0.741665 0
0.124779 1.251392 1
0.836932 1.691508 1
0.596167 0.706408 0
1.513524 0.662347 0
1.360420 1.681160 1
1.943739 0.224436 0
1.690735 0.388136 0
1.674112 0.437194 0
1.681248 2.092733 1
1.563045 1.657539 1
0.287213 1.051094 0
1.172282 1.754253 1
1.274846 1.815827 1
1.933905 1.326760 1
1.847579 0.818804 0
0.394127 1.146562 1
1.186493 1.836576 1
0.861505 1.424056 1
1.893440 0.844978 0
0.355098 0.669897 0
1.273990 -0.109878 0
1.154627 0.958615 0
1.705165 0.160814 0
0.030026 1.228032 1
0.997801 0.539990 0
1.066839 0.551504 0
0.397915 0.208327 0
1.734127 0.230831 0
1.075502 1.960991 1
0.802391 0.686844 0
0.239436 2.073478 1
1.012905 0.308164 0
0.799376 1.621697 1
1.111333 0.963835 0
0.088380 0.762108 0
1.101341 0.728276 0
0.674907 0.526832 0
1.735947 1.769724 1
0.817231 1.148994 0
0.444191 0.477531 0
0.784123 1.962479 1
0.062730 0.412002 0
1.973702 0.302596 0
1.824518 0.616616 0
0.424890 1.368393 1
1.716329 1.042423 0
1.540379 1.436911 1
1.674678 0.892951 0
0.742694 0.588873 0
0.768420 1.239479 1
1.584614 0.191600 0
1.813927 0.918825 1
1.479483 0.373908 0
0.146791 0.133280 0
0.315124 0.894223 1
0.649638 1.629961 1
1.247752 1.403031 1
1.913421 0.702154 0
0.298647 0.804041 1
0.332729 0.896949 1
1.695026 2.017183 1
0.273996 1.128476 0
0.419768 0.932457 0
0.641890 0.248607 0
1.548031 0.584570 0
0.907347 0.930467 0
0.812790 0.854093 0
1.561769 1.109046 1
1.939299 1.109303 1
0.997526 0.108921 0
1.543625 -0.066935 0
1.838576 0.935429 0
0.209129 0.288553 0
0.389140 1.462153 1
1.172923 0.432139 0
0.543431 0.266452 0
0.401624 0.512571 0
1.148456 1.820773 1
1.630560 0.055386 0
0.507228 1.157276 1
1.487880 1.715251 1
1.472873 0.925695 1
1.332855 1.115920 1
1.255977 1.278501 1
0.281253 0.750394 0
1.595183 1.121515 1
1.171395 0.335414 0
1.625404 0.288703 0
0.881947 1.558510 1
0.302580 0.994103 0
1.515237 1.065495 1
0.984670 0.940291 0
1.713976 1.871860 1
0.126935 1.192519 1
0.299562 1.471130 1
0.811121 0.584434 0
0.314605 1.446410 1
0.453083 0.147620 0
0.838820 0.706585 0
1.013452 0.950450 1
1.960858 0.534853 0
0.071317 1.417784 1
1.439977 0.900278 0
1.964451 0.435266 0
0.063215 0.801493 0
1.797192 0.588688 0
0.187107 1.040381 1
0.753061 0.790516 0
0.717302 1.467621 1
0.926185 1.381332 1
1.725340 1.775578 1
0.318264 0.159625 0
0.430963 0.737432 0
0.854082 -0.212371 0
1.772887 1.376953 1
0.263406 1.786828 1
1.267149 1.025575 1
1.528672 0.567587 0
0.659111 0.425331 0
0.015621 1.683288 1
0.188743 1.014148 1
1.547013 0.659478 0
1.281171 0.825931 0
0.277815 1.143683 1
1.638565 1.929395 1
1.220339 0.511453 0
0.478118 0.521131 0
1.589548 1.042964 1
1.985964 1.271077 1
0.625060 0.257362 0
0.140912 2.120096 1
0.462171 1.304834 1
0.414209 1.349695 1
0.791144 0.441056 0
1.630613 0.870016 0
0.107578 1.866759 1
1.455728 0.845263 0
0.298805 1.045539 0
0.479511 0.716015 0
1.396413 1.277327 1
0.867573 1.747207 1
0.120441 0.171291 0
0.194151 0.514242 0
1.775592 0.598613 0
0.463610 1.727828 1
0.149112 0.711967 0
0.804675 0.802585 0
1.882366 1.454068 1
0.689367 0.261821 0
1.745869 1.465089 1
0.703881 0.999292 1
0.613649 1.886268 1
1.816891 0.081571 0
1.605991 0.974994 1
0.096546 0.499551 0
0.812754 -0.181510 0
0.037621 2.018335 1
0.829202 0.377038 0
1.900548 1.581259 1
0.814425 2.006128 1
1.929214 1.818190 1
0.975063 1.836702 1
1.849598 0.416845 0
0.345729 1.532424 1
1.573449 2.048078 1
0.743290 0.284929 0
0.167438 2.126307 1
1.953608 0.077614 0
1.259844 2.073439 1
1.824631 0.629041 0
0.188307 0.642073 0
0.831514 0.713437 0
1.789990 1.497231 1
0.147435 1.409971 1
1.771985 2.025832 1
1.980803 0.926554 0
0.718095 1.072467 0
1.861248 -0.023784 0
1.607813 0.737890 0
1.965995 1.587893 1
0.311685 1.472715 1
1.528292 0.509948 0
0.077704 1.200336 1
0.069458 1.210900 0
1.520595 0.686914 0
0.370483 0.808386 0
0.323518 1.511088 1
1.425664 0.636166 0
1.531109 1.406561 1
0.478098 1.906329 1
0.288685 1.079277 0
0.840745 0.897226 0
1.871921 0.473822 0
0.320765 1.481261 1
1.772813 0.042735 0
1.926660 1.441418 1
1.834684 1.107146 0
0.445808 0.798422 0
1.253761 0.680460 0
0.452919 1.243013 1
1.368735 1.780092 1
0.955958 0.624754 0
1.941817 2.057674 1
0.325466 0.403070 0
1.147958 1.611259 1
0.654449 1.591868 1
1.968867 0.881695 0
0.537525 1.689938 1
0.201722 1.293764 1
0.508531 1.043514 1
1.851576 0.733425 0
1.841401 0.495050 0
0.498156 1.496218 1
1.967467 0.704536 0
1.165145 2.037315 1
0.878379 1.008045 1
0.077218 0.534885 0
1.120502 0.378789 0
0.174314 1.468182 1
0.421424 0.529213 0
0.813800 1.296166 1
1.965054 0.428064 0
0.379247 0.785379 0
1.872036 1.384989 1
1.994881 1.463142 1
1.470148 0.331087 0
0.217951 2.035032 1
1.936425 0.754651 0
0.352211 0.398560 0
1.431816 1.116996 1
0.123730 1.476033 1
0.922777 2.037250 1
1.434857 0.454132 0
0.939594 1.925213 1
0.244936 1.372163 1
1.900234 1.566149 1
0.670768 1.629834 1
1.643300 0.463795 0
0.632167 0.962352 1
1.464008 0.607584 0
1.535067 1.632659 1
1.868413 1.788449 1
1.138076 0.268302 0
1.682051 0.782981 0
1.111560 1.824070 1
1.036626 0.765661 0
1.227321 0.246584 0
1.275394 0.891092 1
0.664797 0.405166 0
1.070579 1.127080 0
0.497302 0.986894 1
1.564246 1.531726 1
0.641068 1.939540 1
1.496737 0.143366 0
0.401490 1.241948 1
0.484319 0.719164 0
1.446227 1.558696 1
1.260441 0.070668 0
0.012355 0.450884 0
1.958382 0.575173 0
0.307314 0.331501 0
1.468662 1.106139 1
0.090566 1.182191 1
0.539342 0.324940 0
0.221806 1.847858 1
0.296829 1.835235 1
0.865580 0.461942 0
1.709229 1.860680 1
0.134097 1.446797 1
1.469149 2.015419 1
0.393399 0.561219 0
0.037459 1.524607 1
0.449454 0.548360 0
1.084527 1.574013 1
0.969980 1.548469 1
1.788668 1.510866 1
0.673035 1.204583 1
0.374637 0.267417 0
0.461516 0.973716 1
0.687852 2.038187 1
1.521086 0.446816 0
1.438412 1.293163 1
1.983715 -0.192603 0
0.058505 -0.128527 0
1.824748 1.413293 1
0.203741 0.402758 0
0.110639 0.870195 0
1.869088 1.329378 1
0.496519 0.377196 0
1.142692 1.333054 1
1.990008 1.518937 1
0.345333 0.309823 0
1.618812 2.167934 1
1.372180 -0.071283 0
0.103021 0.865567 0
0.339309 1.143270 1
1.466962 1.852781 1
0.901779 1.682338 1
0.177577 1.844059 1
1.385422 0.727374 0
0.035700 0.918037 0
0.713735 2.035284 1
0.230874 1.687667 1
0.553173 -0.141354 0
1.783517 1.200292 1
1.249408 1.371203 1
1.369436 1.238953 1
0.567060 2.040735 1
1.812763 1.984532 1
1.291245 1.936380 1
0.557040 1.204740 1
1.003903 1.207607 1
1.320234 0.856457 1
1.355723 0.332826 0
1.277063 1.721527 1
0.022471 -0.192162 0
1.247576 0.831084 1
0.855137 0.378139 0
0.934772 0.352477 0
1.569164 1.747600 1
0.502902 1.153726 1
1.173412 1.301600 1
0.104005 1.944818 1
1.616464 0.887951 0
0.232558 1.720344 1
0.936290 0.016918 0
0.726216 1.854999 1
1.080812 1.114250 1
1.339609 1.599933 1
1.228997 0.378740 0
1.680482 0.621812 0
1.463736 1.652858 1
0.341723 1.334017 1
1.672241 1.057913 1
1.893531 0.222094 0
0.567012 0.318957 0
1.338330 1.970953 1
0.789389 1.096674 1
1.610627 0.611295 0
1.929372 0.197308 0
1.203730 1.381394 1
1.339452 1.391746 1
0.800536 0.206951 0
0.592352 -0.051210 0
1.727823 1.165767 1
0.716769 1.587981 1
0.167656 0.069798 0
0.964683 0.432494 0
1.847335 1.253828 1
0.554416 -0.033888 0
1.796438 1.301060 1
0.350127 1.172431 1
1.816724 1.827448 1
0.775377 1.155695 1
0.261325 1.552984 1
1.085733 1.010335 0
0.853637 0.167038 0
0.245952 0.537661 0
0.624056 0.407639 0
1.374503 0.562954 0
0.404528 0.386411 0
0.493497 1.281052 1
0.861383 -0.054020 0
1.168344 0.843195 1
0.964943 1.011610 1
1.583626 1.441627 1
0.144195 0.439155 0
0.047801 0.576390 0
0.045003 0.890490 0
1.426214 1.209633 1
0.244877 0.584279 0
1.322102 0.238214 0
0.233916 0.598184 0
0.468246 1.365015 1
0.730848 0.564872 0
1.677371 0.844249 0
0.170573 0.017490 0
1.926243 0.407103 0
1.780281 1.835564 1
1.931339 1.194152 1
1.280948 1.181123 0
0.054180 1.435748 1
0.485688 1.048319 1
1.437497 1.426303 1
1.878452 0.086041 0
1.984970 0.644525 0
0.243077 0.773728 0
0.899180 0.366184 0
0.962600 0.691969 0
0.386910 1.437352 1
1.479795 -0.023520 0
0.350557 0.870705 0
1.672447 1.798669 1
1.108133 1.348476 1
1.755141 1.047386 1
0.582925 1.064934 0
1.293724 1.163966 1
0.029501 1.736075 1
1.911874 -0.190821 0
0.123555 0.109023 0
0.569603 0.259055 0
0.201985 1.658511 1
1.666484 1.096590 1
0.918138 0.200779 0
0.398904 0.778610 0
1.557025 1.507036 1
0.785073 1.267876 1
1.581617 1.131193 1
1.196250 1.819521 1
0.151734 0.284269 0
1.013509 1.017100 0
1.360556 0.479857 0
0.662200 2.004309 1
1.028028 0.179797 0
0.406102 1.329566 1
1.863314 1.527858 1
1.257409 1.801009 1
1.544346 1.504884 1
0.426084 0.089681 0
1.357314 1.484246 1
0.028094 0.963748 0
1.357452 0.439607 0
0.488870 1.480084 1
0.247704 1.132331 1
1.770187 0.519904 0
0.184031 1.407072 1
0.221319 1.743693 1
0.677003 1.819104 1
0.076836 0.965058 0
0.868605 1.784123 1
0.371597 1.790664 1
1.084552 1.446138 1
1.962404 1.482956 1
1.469990 1.468874 1
0.801966 0.654133 0
1.092712 1.105030 0
1.212416 1.042775 0
1.819027 1.649025 1
0.220983 1.028141 1
0.759314 1.222744 1
0.965078 0.587488 0
0.477009 1.131375 0
0.780128 0.724116 0
0.616458 0.609514 0
1.714391 0.689599 0
1.554551 -0.049691 0
1.831732 0.675883 0
0.479687 1.532485 1
1.464300 1.523523 1
0.065502 -0.101301 0
1.721311 0.050818 0
0.168333 0.266991 0
0.950497 1.014034 0
0.906479 1.491275 1
1.710572 2.099466 1
0.414791 1.075526 1
1.838263 0.988751 0
0.816667 0.974129 1
1.410927 0.455080 0
1.105084 2.097798 1
1.524944 1.019457 1
0.944074 0.178399 0
0.872350 0.523584 0
0.993898 1.249801 1
0.274979 0.269572 0
1.546794 0.593823 0
0.583905 1.830792 1
1.019435 0.286805 0
0.951545 1.935433 1
1.414263 -0.134469 0
1.930680 1.488728 1
1.509293 1.637299 1
0.137290 0.673687 0
0.640959 0.325595 0
1.143036 0.677805 0
1.817409 1.678027 1
1.688435 1.081460 0
1.985333 1.223644 1
1.981090 0.949395 1
1.945855 1.736379 1
1.145673 1.035302 0
0.921270 0.682674 0
0.917957 -0.184118 0
1.963932 0.539541 0
0.031223 1.901910 1
0.330183 0.902138 0
0.812874 1.804802 1
