0.665282 0.963080 1
0.283410 1.158930 1
1.365829 1.963105 1
0.830282 0.538132 0
0.085874 0.922443 1
1.366561 0.109776 0
1.635045 0.593729 0
0.221920 -0.024844 0
1.353419 0.767704 0
1.807225 1.261322 1
0.995466 1.295765 1
0.035515 0.170688 0
0.233502 1.616712 1
1.268291 1.871667 1
0.575332 1.870908 1
1.622979 0.778536 0
1.058777 0.568585 0
0.345915 2.257665 1
0.558495 0.656136 0
1.261456 1.426811 1
0.090293 0.279555 0
1.448155 0.242294 0
1.885326 0.592472 0
0.045627 1.794154 1
0.303000 0.540368 0
0.274196 1.154711 0
0.826719 0.270558 0
1.435731 1.528395 1
0.477873 0.537738 0
1.785593 1.011878 0
1.699243 2.108038 1
0.027785 0.421886 0
0.319578 0.237025 0
0.344136 0.535333 0
0.946654 1.909773 1
1.942823 0.624727 0
0.597087 1.181060 1
0.419524 1.687736 1
1.717703 0.524981 0
0.287944 0.313463 0
0.801143 0.692009 0
1.803095 1.502112 1
0.781841 0.750391 0
1.401159 1.419424 1
1.704040 1.282290 1
0.879872 2.117197 1
0.434305 0.678557 0
1.414306 1.595467 1
0.249108 0.799353 0
1.260987 1.513216 1
1.055393 1.698034 1
1.458900 1.208333 1
0.713854 2.021316 1
0.766735 0.899114 1
0.352972 1.338719 1
1.062454 1.487062 1
0.886052 1.388392 1
1.215199 0.483297 0
0.943301 1.641160 1
0.084109 1.330908 1
1.839742 0.022333 0
0.787261 1.797496 1
1.756664 0.255999 0
1.364755 0.203223 0
0.165885 1.398350 1
1.482883 0.711787 0
0.725724 0.547442 0
1.130668 1.172392 1
0.592528 0.322981 0
0.591260 1.611076 1
1.716498 0.499115 0
1.324963 1.181620 0
0.856499 1.030073 1
1.539921 1.624408 1
1.127846 0.435322 0
0.871610 0.661953 0
1.918963 1.180479 1
1.594660 1.267193 1
0.375780 1.723077 1
0.109230 1.065780 1
1.030515 1.509334 1
1.144440 0.317409 0
1.874314 1.443109 1
0.038711 0.764776 0
0.144243 1.287282 1
0.043380 1.422233 1
1.817226 1.952844 1
1.893520 1.212059 1
0.004560 1.851770 1
0.471740 0.437249 0
0.884136 1.924793 1
0.826678 0.217453 0
1.491359 0.226005 0
0.306108 1.063449 1
0.151421 0.579827 0
0.336389 0.213311 0
0.811544 0.803276 0
0.581562 1.867531 1
1.263258 1.688682 1
0.798155 1.581951 1
1.884505 1.684081 1
0.416316 1.212482 1
0.873737 0.865398 1
1.246415 1.865285 1
0.656604 0.228360 0
0.091242 1.150894 0
0.355721 0.863842 0
1.729318 1.156916 1
0.679159 1.201640 1
1.909490 1.721289 1
0.829022 0.930823 0
0.235098 1.029970 1
0.574765 1.087636 1
0.085582 0.394632 0
0.568167 0.973342 1
1.994641 0.186205 0
0.927659 1.889926 1
1.859042 1.629857 1
1.364425 0.364571 0
0.570050 0.203778 0
1.001594 1.166018 1
1.974321 0.822839 0
0.267951 1.628156 1
1.888473 1.811445 1
0.961586 1.210442 1
1.843237 0.463316 0
1.468990 0.890031 0
1.267396 0.949196 1
1.956244 0.385268 0
1.601716 0.719517 0
0.455385 1.710277 1
0.566476 0.909373 0
1.121701 1.585191 1
1.162512 1.342795 1
1.444321 0.173338 0
0.187680 0.061384 0
1.120840 0.276049 0
0.914561 1.638999 1
1.430613 0.032587 0
1.161250 0.761406 0
0.557886 1.696749 1
0.348712 1.331506 1
1.861889 0.032505 0
1.245918 0.663882 0
0.504055 0.609730 0
1.225061 1.077103 0
0.680392 1.938757 1
0.236453 0.962748 1
1.780510 0.500330 0
0.170722 0.248269 0
1.041317 0.295453 0
1.987450 1.544201 1
1.727054 1.180250 1
0.043007 1.603887 1
0.725789 1.813467 1
0.750453 0.197918 0
1.240589 0.002144 0
0.947398 2.019585 1
1.249694 1.774772 1
0.722404 0.256175 0
1.146733 1.258380 1
0.879832 1.774485 1
0.825050 1.390047 1
0.616757 1.754980 1
1.752861 0.647948 0
0.836299 0.179177 0
1.285841 1.738129 1
1.840339 0.243914 0
0.973402 1.444294 1
1.213340 0.542148 0
1.956004 1.532659 1
1.571205 1.930308 1
0.971113 1.307850 1
1.507866 1.906166 1
1.818833 0.942581 1
0.128078 0.454313 0
0.924698 0.164596 0
1.445159 0.950928 1
1.730896 0.390959 0
1.573543 1.312430 1
1.544391 1.313241 1
0.335480 1.024671 1
0.564237 1.695772 1
1.311293 0.583157 0
0.485441 0.960462 0
0.753130 -0.010402 0
1.853734 1.025613 0
0.083879 1.665558 1
0.116316 1.010383 0
1.953689 0.814960 0
1.374573 1.597395 1
0.136730 1.286096 1
1.736701 0.640917 0
1.153695 0.750747 0
0.885502 1.658111 1
1.704692 1.278066 1
0.714177 -0.042508 0
1.486687 -0.016609 0
1.279566 1.205791 1
0.127962 0.230951 0
0.785582 0.500096 0
1.896006 1.334350 1
0.861336 0.849573 1
1.287056 1.180194 0
0.121148 1.159380 1
0.724952 0.684641 0
0.768297 1.443760 1
1.460931 0.773996 0
1.759343 0.634019 0
1.354409 0.887488 0
1.877866 1.463566 1
1.364051 1.921146 1
1.914632 1.752613 1
1.791743 1.666273 1
1.948122 0.317351 0
0.559141 0.527136 0
1.394319 1.103632 0
1.205683 0.926185 0
1.888967 1.815393 1
1.829956 0.965222 1
0.923650 0.973918 0
1.845467 1.308355 1
0.680696 0.424662 0
1.869706 0.540077 0
0.876070 0.939770 0
0.898383 1.520320 1
1.125281 0.386965 0
0.467157 1.807683 1
1.060611 1.962897 1
0.572020 1.907738 1
0.591860 0.431851 0
1.864253 0.625796 0
0.909545 0.454829 0
0.299320 0.324976 0
1.042290 0.146671 0
0.483852 1.083579 0
1.046298 1.721276 1
0.695887 1.401019 1
1.683105 0.021689 0
0.017457 1.708549 1
1.409247 1.416503 1
0.611248 0.303988 0
1.274015 0.308396 0
0.871067 0.062901 0
1.355106 0.779560 0
0.021266 0.785210 0
0.844916 1.195259 1
1.343283 1.515303 1
1.738693 0.903281 1
0.265447 0.481205 0
1.062953 0.752963 0
1.799022 1.565574 1
0.394298 1.590027 1
0.393617 1.420699 1
0.320197 1.729440 1
0.487446 1.833567 1
0.212525 0.136729 0
0.979872 0.678831 0
0.671736 1.461375 1
1.462183 0.116864 0
0.033221 1.428939 1
1.624309 0.013312 0
0.700239 2.033071 1
0.773786 1.903424 1
0.200796 -0.094581 0
1.450007 1.459646 1
0.712751 1.460076 1
1.930517 1.357312 1
0.263735 0.324401 0
0.896333 0.678374 0
0.552699 0.464185 0
0.847742 0.278507 0
0.098076 2.136400 1
1.947001 1.482479 1
0.711356 0.612673 0
1.246682 1.208795 1
1.158203 1.089572 1
0.570065 1.481688 1
0.584229 1.055821 0
0.155752 1.821196 1
1.921875 1.864612 1
0.500538 1.007703 1
1.561827 2.014907 1
1.700968 0.347993 0
0.127019 1.950500 1
0.749819 1.037407 1
1.778418 1.058974 1
0.786423 1.790278 1
0.543270 -0.072432 0
0.657733 0.564004 0
0.643398 0.783613 0
1.106499 1.174384 1
1.660911 1.175705 1
0.204519 -0.071368 0
0.087692 0.431076 0
0.135839 1.859628 1
1.965297 1.154361 1
0.139257 1.897034 1
0.066001 0.442420 0
0.978212 0.698167 0
0.401186 1.277626 1
1.500589 1.643817 1
1.666951 0.220006 0
0.520948 0.301859 0
1.824985 1.504954 1
0.494431 1.230032 1
0.953403 1.020476 0
0.880124 0.232693 0
0.111659 0.404358 0
1.059576 1.758422 1
0.097728 0.406425 0
1.731884 0.238380 0
0.188732 1.496143 1
0.237207 1.018927 0
0.259555 1.120692 0
1.143377 0.902422 1
0.512846 1.975545 1
1.451580 1.054360 0
0.157201 1.378424 1
0.480773 1.430226 1
0.438315 0.112917 0
0.245093 1.153850 1
0.127865 1.327448 1
0.417448 1.490675 1
0.119631 0.725340 0
0.631482 0.150099 0
0.849254 0.253393 0
0.773556 1.089002 1
1.359019 1.555312 1
1.543310 2.032255 1
1.924833 1.153712 0
1.491098 0.010492 0
0.948127 1.733277 1
1.413445 1.384869 1
0.968988 0.691358 0
1.847932 0.384652 0
1.124592 1.891502 1
0.440942 1.746306 1
1.413461 0.179358 0
0.045890 0.730257 0
0.452779 1.270545 1
0.487680 1.169183 1
0.664700 2.128622 1
1.013301 0.225201 0
1.904007 0.594824 0
0.147083 1.185338 1
1.953009 1.751487 1
0.970172 0.366257 0
1.416186 1.522176 1
1.110154 0.219858 0
0.222802 -0.120183 0
0.168701 0.534711 0
0.338333 0.619267 0
1.147659 0.180636 0
0.876781 0.480134 0
0.275710 1.610898 1
1.737245 2.169771 1
0.628763 0.621684 0
0.077398 0.485959 0
0.455991 0.590503 0
1.313695 1.639862 1
1.213204 0.437934 0
1.122923 0.741799 0
1.931916 1.185659 1
0.183145 0.227578 0
1.615193 0.424179 0
0.030841 1.366127 1
1.881404 1.533879 1
0.305307 1.285523 1
0.368472 -0.216248 0
0.830838 0.881952 0
1.581895 1.296838 1
0.594161 0.147743 0
0.605929 1.109555 1
1.198364 1.723749 1
0.525571 0.710161 0
1.579661 1.418500 1
1.362848 1.022554 0
0.140243 0.513067 0
1.241668 1.396769 1
1.527023 1.801495 1
0.400713 0.276739 0
1.065375 0.983035 0
1.328082 1.203159 1
0.454428 0.018796 0
1.131844 2.063812 1
0.589856 1.259667 1
1.489095 0.711016 0
0.329073 0.356632 0
1.270897 1.794972 1
0.514985 0.315298 0
1.789208 1.615127 1
1.267102 1.648017 1
1.797981 0.352853 0
0.447285 0.898001 1
1.326847 0.181912 0
1.848681 0.136739 0
1.798716 1.235752 0
1.435495 0.072737 0
1.225861 1.026601 1
1.490045 1.903813 1
1.920427 0.898853 0
0.566868 1.276416 1
0.253908 1.652413 1
1.075567 0.872339 0
1.200101 2.002546 1
0.918040 1.532169 1
1.681096 -0.181715 0
1.572018 1.525071 1
1.365614 0.591726 0
0.258879 1.646167 1
1.264436 1.789324 1
1.020859 0.486791 0
1.382313 -0.094115 0
1.378116 1.384395 1
1.698070 0.426313 0
0.827297 0.036043 0
0.386098 0.880371 0
0.978665 1.606242 1
1.394155 0.533993 0
1.162201 1.058407 1
1.747441 1.526853 1
0.531567 1.677200 1
0.973325 1.274398 1
1.121866 0.342855 0
0.979888 0.802496 0
0.678212 0.782647 0
0.571392 2.078878 1
0.522231 0.347789 0
1.062639 1.195690 1
0.044800 0.448218 0
0.048079 1.988037 1
1.298909 0.481715 0
1.137600 1.787615 1
1.316046 1.112709 1
0.008921 0.518971 0
1.916182 0.663732 0
0.149323 1.694664 1
0.708787 0.680930 0
0.795767 1.636915 1
0.017029 0.086656 0
0.704652 1.740428 1
1.746009 1.244360 1
0.221146 1.382150 1
0.187701 1.554587 1
1.511700 1.317140 1
0.208368 0.088506 0
1.873466 0.003579 0
0.628272 1.073158 1
1.477418 0.977438 0
1.056800 0.535146 0
1.913950 0.364343 0
1.679541 -0.007664 0
1.267016 1.655572 1
1.500902 0.335694 0
1.103723 0.953662 1
0.599595 0.190363 0
0.848919 0.433329 0
1.237138 1.588783 1
1.800965 1.516777 1
0.246489 2.065990 1
1.902297 1.237828 1
1.057381 1.811045 1
1.419353 0.347083 0
1.477394 1.465957 1
1.133786 0.879678 0
1.745186 0.164819 0
0.043558 0.812115 0
1.286516 0.655243 0
1.353538 1.994028 1
1.738396 0.488226 0
0.402610 0.433882 0
1.530391 0.324415 0
0.350965 1.513886 1
1.346198 1.037928 0
1.202418 0.631878 0
0.158781 1.967369 1
0.324996 1.105765 1
0.903018 0.323385 0
0.712772 1.052311 0
1.538924 0.571147 0
0.708483 0.341604 0
1.792600 0.571041 0
0.860909 0.084865 0
0.776817 1.701476 1
1.795650 1.961410 1
1.093266 0.764942 0
1.493544 1.488037 1
1.225073 0.302187 0
0.569236 0.180129 0
1.509163 1.960353 1
1.734629 0.745635 0
1.911241 1.351614 1
1.544137 0.670241 0
1.296065 1.836440 1
1.956766 0.431940 0
1.604306 1.954158 1
0.070164 0.776808 0
1.824249 1.666983 1
1.456065 1.903287 1
1.506288 1.366983 1
1.503526 0.143261 0
1.508471 0.619310 0
0.595900 0.442334 0
0.565324 0.168521 0
0.985498 1.141433 0
1.774960 0.224037 0
1.863490 0.055546 0
0.875784 0.465950 0
1.403950 1.820574 1
1.779953 0.592657 0
1.957456 0.968625 0
1.016505 0.741797 0
0.114769 1.252208 1
0.826940 1.690818 1
0.606199 0.706460 0
1.523523 0.662979 0
1.350435 1.681705 1
1.953756 0.224748 0
1.700730 0.388716 0
1.684086 0.438073 0
1.671222 2.092113 1
1.553088 1.658172 1
0.297221 1.050691 0
1.162283 1.754694 1
1.264843 1.815191 1
1.923912 1.327741 1
1.857567 0.817917 0
0.384131 1.146146 1
1.176499 1.836610 1
0.851503 1.424911 1
1.903414 0.844689 0
0.365087 0.670613 0
1.283980 -0.108944 0
1.164629 0.958109 0
1.715126 0.160971 0
0.020031 1.227386 1
1.007800 0.540002 0
1.076841 0.550548 0
0.407947 0.209200 0
1.744125 0.231453 0
1.065497 1.960830 1
0.812389 0.686474 0
0.229484 2.072602 1
1.022910 0.308950 0
0.789365 1.622389 1
1.121326 0.962919 0
0.098385 0.761730 0
1.111333 0.728375 0
0.684903 0.526851 0
1.725916 1.769078 1
0.827234 1.148334 0
0.454186 0.477825 0
0.774120 1.961959 1
0.072724 0.412573 0
1.983718 0.301844 0
1.834506 0.617338 0
0.414898 1.367828 1
1.726340 1.041899 0
1.530389 1.436296 1
1.684682 0.892027 0
0.752708 0.588148 0
0.758430 1.240407 1
1.594632 0.191498 0
1.803921 0.919364 1
1.489486 0.374801 0
0.156794 0.133783 0
0.305127 0.894683 1
0.639645 1.630727 1
1.237725 1.403074 1
1.923427 0.702110 0
0.288638 0.804898 1
0.322738 0.897746 1
1.685023 2.016706 1
0.283991 1.127631 0
0.429792 0.931711 0
0.651907 0.248591 0
1.558046 0.584463 0
0.917353 0.929743 0
0.822787 0.854370 0
1.551752 1.109281 1
1.929293 1.109311 1
1.007522 0.109888 0
1.553618 -0.066397 0
1.848563 0.934980 0
0.219133 0.288469 0
0.379141 1.462723 1
1.182917 0.432871 0
0.553397 0.265531 0
0.411604 0.513546 0
1.138458 1.820593 1
1.640551 0.055312 0
0.497235 1.157831 1
1.477865 1.716060 1
1.462880 0.926010 1
1.322853 1.116424 1
1.245969 1.277721 1
0.291256 0.750035 0
1.585189 1.121682 1
1.181397 0.335053 0
1.635377 0.289469 0
0.871924 1.557837 1
0.312603 0.993763 0
1.505220 1.066300 1
0.994680 0.939529 0
1.703980 1.872062 1
0.116932 1.192772 1
0.289567 1.472006 1
0.821134 0.584950 0
0.304587 1.446857 1
0.463079 0.148380 0
0.848829 0.707044 0
1.003470 0.950962 1
1.970864 0.534532 0
0.061321 1.417489 1
1.449954 0.899374 0
1.974461 0.435942 0
0.073210 0.800558 0
1.807195 0.588437 0
0.177104 1.040861 1
0.763030 0.790089 0
0.707306 1.467374 1
0.916201 1.381534 1
1.715324 1.775397 1
0.328243 0.159230 0
0.440969 0.737290 0
0.864079 -0.211447 0
1.762858 1.377392 1
0.253404 1.786400 1
1.257157 1.025775 1
1.538670 0.568362 0
0.669123 0.424955 0
0.005627 1.682516 1
0.178735 1.014611 1
1.557023 0.659009 0
1.291156 0.826480 0
0.267809 1.143994 1
1.628584 1.929639 1
1.230351 0.511190 0
0.488112 0.520270 0
1.579554 1.043865 1
1.975971 1.271877 1
0.635068 0.257892 0
0.130899 2.119613 1
0.452170 1.304050 1
0.404202 1.349253 1
0.801115 0.440539 0
1.640609 0.869797 0
0.097579 1.865978 1
1.465718 0.845049 0
0.308823 1.044998 0
0.489528 0.715856 0
1.386407 1.278146 1
0.857566 1.748134 1
0.130421 0.171459 0
0.204146 0.514331 0
1.785588 0.598330 0
0.453600 1.727948 1
0.159117 0.711045 0
0.814675 0.802145 0
1.872361 1.453274 1
0.699375 0.262607 0
1.735811 1.464962 1
0.693894 0.999375 1
0.603678 1.885871 1
1.826885 0.082051 0
1.596000 0.975873 1
0.106553 0.498558 0
0.822673 -0.180515 0
0.027597 2.017969 1
0.839180 0.376686 0
1.890550 1.580307 1
0.804451 2.005429 1
1.919235 1.818045 1
0.965095 1.836548 1
1.859610 0.416597 0
0.335720 1.531713 1
1.563445 2.047795 1
0.753285 0.284304 0
0.157460 2.125651 1
1.963599 0.078199 0
1.249847 2.072809 1
1.834631 0.628302 0
0.198299 0.641214 0
0.841519 0.713686 0
1.779992 1.496342 1
0.137434 1.410206 1
1.762008 2.025600 1
1.990799 0.926309 0
0.728089 1.072122 0
1.871256 -0.022929 0
1.617793 0.738519 0
1.956007 1.588363 1
0.301670 1.471876 1
1.538299 0.509935 0
0.067696 1.201112 1
0.079454 1.209978 0
1.530611 0.687758 0
0.380458 0.807803 0
0.313515 1.510961 1
1.435674 0.635196 0
1.521100 1.406108 1
0.468069 1.905519 1
0.298700 1.078833 0
0.850745 0.896744 0
1.881930 0.474763 0
0.310754 1.481390 1
1.782811 0.043181 0
1.916659 1.441766 1
1.844682 1.106630 0
0.455835 0.798053 0
1.263800 0.680937 0
0.442916 1.242788 1
1.358753 1.779426 1
0.965956 0.625570 0
1.931788 2.057353 1
0.335452 0.402948 0
1.137990 1.611688 1
0.644449 1.592027 1
1.978863 0.881380 0
0.527515 1.690376 1
0.191733 1.292856 1
0.498536 1.044418 1
1.861579 0.732847 0
1.851399 0.495340 0
0.488200 1.496760 1
1.977479 0.703624 0
1.155155 2.036670 1
0.868400 1.008588 1
0.087218 0.534323 0
1.130490 0.379686 0
0.164345 1.468083 1
0.431418 0.529990 0
0.803801 1.297096 1
1.975056 0.428764 0
0.389230 0.784883 0
1.862033 1.384150 1
1.984889 1.462976 1
1.480139 0.332048 0
0.207947 2.034872 1
1.946414 0.755380 0
0.362239 0.398474 0
1.421798 1.116636 1
0.113715 1.475819 1
0.912762 2.036792 1
1.444876 0.454146 0
0.929606 1.925303 1
0.234940 1.371603 1
1.890237 1.566573 1
0.660783 1.630150 1
1.653273 0.462862 0
0.622167 0.963122 1
1.473984 0.607783 0
1.525080 1.632045 1
1.858401 1.788332 1
1.148087 0.268832 0
1.692066 0.783336 0
1.101536 1.823486 1
1.046626 0.765775 0
1.237296 0.246020 0
1.265399 0.891643 1
0.674790 0.405812 0
1.080571 1.126404 0
0.487309 0.987581 1
1.554265 1.531104 1
0.631056 1.939507 1
1.506774 0.143201 0
0.391474 1.241732 1
0.494331 0.718592 0
1.436245 1.559468 1
1.270445 0.070853 0
0.022358 0.451880 0
1.968384 0.574606 0
0.317312 0.330714 0
1.458669 1.106260 1
0.080550 1.182018 1
0.549331 0.325188 0
0.211846 1.847722 1
0.286852 1.834366 1
0.875579 0.461690 0
1.699194 1.860036 1
0.124089 1.446552 1
1.459133 2.014466 1
0.403377 0.561014 0
0.027459 1.523700 1
0.459457 0.548340 0
1.074502 1.574679 1
0.960006 1.548075 1
1.778663 1.509865 1
0.663043 1.204544 1
0.384641 0.266762 0
0.451506 0.974192 1
0.677835 2.037543 1
1.531113 0.446129 0
1.428414 1.294020 1
1.993670 -0.191770 0
0.068546 -0.128011 0
1.814745 1.413587 1
0.213740 0.402116 0
0.120673 0.869342 0
1.859090 1.328627 1
0.506502 0.377557 0
1.132687 1.332772 1
1.980012 1.518952 1
0.355355 0.309977 0
1.608784 2.167228 1
1.382159 -0.070449 0
0.113031 0.864704 0
0.329313 1.143289 1
1.456945 1.852720 1
0.891774 1.682476 1
0.167603 1.844616 1
1.395422 0.728130 0
0.045702 0.917149 0
0.703754 2.034717 1
0.220857 1.687165 1
0.563179 -0.140556 0
1.773518 1.201020 1
1.239405 1.371543 1
1.359446 1.238138 1
0.557033 2.040024 1
1.802792 1.984151 1
1.281224 1.936553 1
0.547034 1.204756 1
0.993921 1.208515 1
1.310250 0.857011 1
1.365725 0.332755 0
1.267060 1.721430 1
0.032493 -0.191474 0
1.237568 0.832073 1
0.865141 0.377294 0
0.944787 0.352725 0
1.559185 1.746870 1
0.492914 1.153441 1
1.163422 1.301313 1
0.093991 1.944683 1
1.626445 0.887230 0
0.222551 1.719455 1
0.946323 0.017653 0
0.716208 1.855111 1
1.070808 1.114840 1
1.329606 1.599643 1
1.239028 0.378474 0
1.690474 0.622645 0
1.453734 1.652340 1
0.331698 1.334205 1
1.662242 1.058751 1
1.903518 0.222625 0
0.577013 0.318014 0
1.328343 1.970937 1
0.779375 1.096843 1
1.620645 0.611982 0
1.939372 0.198202 0
1.193737 1.380695 1
1.329469 1.390899 1
0.810509 0.206363 0
0.602397 -0.050411 0
1.717804 1.165890 1
0.706763 1.587042 1
0.177634 0.070095 0
0.974703 0.431693 0
1.837330 1.254452 1
0.564411 -0.033424 0
1.786438 1.300806 1
0.340143 1.172149 1
1.806726 1.827784 1
0.765387 1.156306 1
0.251323 1.553491 1
1.095737 1.010207 0
0.863657 0.166568 0
0.255971 0.537826 0
0.634056 0.406787 0
1.384511 0.562467 0
0.414524 0.387396 0
0.483527 1.281530 1
0.871416 -0.053465 0
1.158338 0.844127 1
0.954933 1.011853 1
1.573663 1.442570 1
0.154215 0.438673 0
0.057796 0.577083 0
0.055007 0.890865 0
1.416207 1.209265 1
0.254875 0.584884 0
1.332064 0.238487 0
0.243911 0.597529 0
0.458265 1.365179 1
0.740877 0.564909 0
1.687381 0.844616 0
0.180542 0.017578 0
1.936232 0.408066 0
1.770278 1.835036 1
1.921321 1.193790 1
1.290940 1.180277 0
0.044177 1.435252 1
0.475685 1.048535 1
1.427498 1.426921 1
1.888473 0.086287 0
1.994977 0.645378 0
0.253051 0.774561 0
0.909187 0.365874 0
0.972591 0.692529 0
0.376923 1.437683 1
1.489805 -0.022983 0
0.360556 0.870578 0
1.662415 1.798814 1
1.098108 1.347665 1
1.745144 1.047978 1
0.592955 1.064335 0
1.283722 1.163911 1
0.019494 1.736798 1
1.921826 -0.189839 0
0.133538 0.109657 0
0.579611 0.258235 0
0.191974 1.658805 1
1.656486 1.096764 1
0.928146 0.201283 0
0.408903 0.778198 0
1.547040 1.507102 1
0.775076 1.267023 1
1.571615 1.131785 1
1.186229 1.818510 1
0.161734 0.284893 0
1.023505 1.016781 0
1.370538 0.480525 0
0.652171 2.004289 1
1.038027 0.179666 0
0.396111 1.329748 1
1.853314 1.527490 1
1.247394 1.800768 1
1.534354 1.504144 1
0.436082 0.090336 0
1.347303 1.483402 1
0.038090 0.963466 0
1.367431 0.439499 0
0.478886 1.480622 1
0.237687 1.132813 1
1.780185 0.519814 0
0.174033 1.408000 1
0.211333 1.744400 1
0.667002 1.818765 1
0.086852 0.964504 0
0.858599 1.784410 1
0.361583 1.790134 1
1.074571 1.445591 1
1.952407 1.482962 1
1.460000 1.468858 1
0.811970 0.653891 0
1.102728 1.104429 0
1.222426 1.042016 0
1.809015 1.648123 1
0.210978 1.028086 1
0.749293 1.222885 1
0.975045 0.587339 0
0.487007 1.130499 0
0.790102 0.724378 0
0.626430 0.608952 0
1.724386 0.689526 0
1.564578 -0.049448 0
1.841721 0.675973 0
0.469681 1.532603 1
1.454307 1.523282 1
0.075512 -0.100554 0
1.731301 0.051558 0
0.178345 0.266451 0
0.960490 1.013965 0
0.896488 1.491896 1
1.700588 2.098790 1
0.404789 1.075467 1
1.848259 0.988290 0
0.806664 0.975026 1
1.420935 0.454727 0
1.095053 2.097181 1
1.514959 1.019743 1
0.954090 0.179288 0
0.882364 0.522868 0
0.983897 1.249032 1
0.284975 0.270462 0
1.556815 0.594609 0
0.573892 1.831423 1
1.029407 0.286199 0
0.941567 1.934431 1
1.424260 -0.134005 0
1.920682 1.488350 1
1.499293 1.636729 1
0.147308 0.673681 0
0.650977 0.325404 0
1.153010 0.677185 0
1.807410 1.677893 1
1.698420 1.080756 0
1.975341 1.224251 1
1.971088 0.949692 1
1.935859 1.735493 1
1.155679 1.034820 0
0.931269 0.682922 0
0.928073 -0.183400 0
1.973933 0.539911 0
0.021231 1.901512 1
0.340138 0.901518 0
0.802882 1.803832 1
