1.858376 0.889871 1
1.478991 1.152595 1
0.559290 2.039330 1
1.636862 0.622140 0
1.280487 0.875794 1
0.174278 0.078802 0
0.442792 0.711427 0
1.020837 -0.143557 0
0.160287 0.773408 0
1.002105 1.288175 1
0.186610 1.280311 1
0.835969 0.196288 0
1.430696 1.623409 1
0.462544 1.923304 1
1.770393 1.879608 1
0.431269 0.711866 0
1.862101 0.634070 0
1.537159 2.375497 1
1.362911 0.598028 0
0.456830 1.312760 1
0.899809 0.320684 0
0.254245 0.342180 0
0.689046 0.613594 0
1.238052 1.847518 1
1.106212 0.598938 0
1.080629 1.260399 0
1.634485 0.293970 0
0.631022 1.553921 1
1.280792 0.455112 0
0.591624 1.085192 0
0.893381 2.162405 1
0.834627 0.460119 0
1.126071 0.288210 0
1.148874 0.643454 0
0.138281 1.953751 1
0.748593 0.522619 0
1.790856 1.097295 1
1.615720 1.710624 1
0.522934 0.600862 0
1.095056 0.314478 0
1.608140 0.639152 0
0.998618 1.564192 1
1.589829 0.659437 0
0.597494 1.306752 1
0.904072 1.258539 1
0.081262 2.207566 1
1.240442 0.673749 0
0.609815 1.550168 1
1.057550 0.912792 0
0.457447 1.529042 1
0.249650 1.777621 1
0.651588 1.299836 1
1.901988 2.034593 1
1.962599 0.826194 1
1.549947 1.377738 1
0.256876 1.400164 1
0.081802 1.346047 1
0.019157 0.442499 0
0.135474 1.718560 1
1.282058 1.389465 1
0.645663 -0.096892 0
1.982754 1.880208 1
0.561112 0.264514 0
0.170362 0.191894 0
1.357943 1.410714 1
0.288933 0.637925 0
1.529736 0.533838 0
0.324901 1.179543 1
1.397343 0.323941 0
1.787020 1.709823 1
0.523901 0.420523 0
0.128736 1.301188 0
0.048902 0.929680 1
0.733589 1.518408 1
1.936146 0.368625 0
1.675239 0.591343 0
1.113506 1.168181 1
0.786141 1.300583 1
1.573081 1.752843 1
1.307170 1.036632 1
0.223883 1.525815 1
1.948703 0.241026 0
1.069559 1.464585 1
0.844605 0.664268 0
1.337037 1.315944 1
1.235694 1.339017 1
1.008645 2.051640 1
1.088801 1.103330 1
1.202776 1.805573 1
1.274869 0.359732 0
0.083207 2.007569 1
1.634430 0.176548 0
0.293553 0.257169 0
1.501796 1.052291 1
0.955935 0.571009 0
1.140199 0.173292 0
1.616922 0.882154 0
1.775339 1.923397 1
0.457893 1.599909 1
1.994327 1.588921 1
1.079714 1.581942 1
1.611991 1.170617 1
0.067003 0.800250 1
0.442930 1.874268 1
1.458025 0.229899 0
0.894757 1.222982 0
1.163283 0.908903 0
0.923125 1.133091 1
1.875350 1.105026 1
1.103485 1.719628 1
1.634790 0.901992 0
1.428835 0.995798 1
1.768584 1.009523 1
0.891800 0.456165 0
1.763248 0.861388 1
0.798993 0.219357 0
0.123212 1.979711 1
1.053739 1.712713 1
0.170799 0.414449 0
1.376491 0.100448 0
0.195833 1.131079 1
0.779599 0.862732 0
1.460151 1.635136 1
1.085177 1.908015 1
0.163618 1.188694 1
0.649540 0.548556 0
0.273906 0.904180 0
0.460628 0.882778 1
0.759709 0.459026 0
0.404886 0.786391 0
1.649066 1.770703 1
1.372174 0.993516 0
0.315095 1.523685 1
0.356347 1.458174 1
0.250795 0.177100 0
0.991399 0.005416 0
1.928707 0.191679 0
0.108209 1.538872 1
0.238707 -0.004093 0
1.960959 0.743733 0
1.753035 1.707454 1
1.544177 1.306722 1
0.672143 0.046990 0
0.053204 0.605471 0
1.306738 0.654158 0
0.029450 1.168755 0
1.875361 1.965943 1
1.430572 0.878563 1
0.585811 0.381268 0
0.975568 0.285351 0
1.842927 0.368161 0
1.180445 1.615248 1
0.923413 1.094626 1
1.235848 1.670507 1
1.920548 1.847725 1
1.558301 0.212282 0
0.055975 -0.044774 0
0.133508 2.041393 1
0.445364 1.743110 1
1.525028 0.175809 0
0.342126 1.356396 1
0.074286 1.760146 1
0.021861 1.313553 1
1.813267 1.846872 1
0.555374 0.528150 0
1.641856 0.158924 0
0.478608 1.626674 1
0.645761 0.182909 0
0.168460 1.535650 1
0.020050 0.608484 0
1.150928 1.630402 1
0.762682 1.971294 1
0.170812 1.321075 1
0.700456 1.915643 1
1.011345 0.883921 1
0.931939 0.344333 0
1.729532 0.064120 0
0.642134 0.847313 1
0.534668 0.427351 0
0.767530 1.358648 1
0.737672 1.289010 1
1.529379 0.954158 1
1.757623 1.670305 1
0.117726 0.678666 0
1.291000 0.996497 0
1.556802 -0.060377 0
0.656972 1.119337 0
1.276346 1.758836 1
0.916673 1.106475 0
0.760488 0.832951 0
0.570979 1.654464 1
1.330634 1.199248 1
0.543864 0.683419 0
1.954904 0.758706 0
0.082406 1.588387 1
0.903496 1.263575 1
1.525505 -0.139040 0
0.292937 -0.047242 0
0.474866 1.120176 1
0.937131 0.274087 0
1.592150 0.546598 0
1.090315 1.345441 1
0.056974 0.741286 1
0.094857 1.293608 0
1.315850 1.203728 1
1.533861 0.657746 0
1.963899 1.364882 1
0.269098 0.843382 0
0.564465 0.628623 0
0.160275 0.891150 0
1.073420 1.439415 1
0.557901 2.028740 1
1.111099 1.643113 1
0.989762 1.637799 1
0.753886 0.205231 0
1.362733 0.412813 0
0.197443 1.189650 0
0.007153 0.982924 0
1.085029 1.902799 1
1.023208 0.862998 1
1.730297 0.996338 0
1.041859 1.385423 1
1.484547 0.306269 0
0.674255 0.475745 0
1.680473 1.027093 0
0.093691 1.552331 1
1.933244 0.395492 0
1.661664 1.917402 1
0.257783 2.033737 1
1.768493 2.000833 1
1.396821 0.457879 0
0.668539 0.681190 0
1.711681 0.505138 0
1.106853 0.397673 0
1.843271 0.103033 0
1.290807 1.146249 0
0.242516 1.839887 1
1.892471 1.453300 1
0.486599 -0.034471 0
1.210653 1.722878 1
0.605746 1.352719 1
1.415707 0.231645 0
0.075561 0.193945 0
1.672657 -0.045291 0
0.160892 0.818077 0
0.827007 0.765710 0
0.036364 1.241078 1
0.540959 1.605376 1
0.936714 0.797208 1
1.069349 0.466077 0
1.869271 0.653833 0
0.996143 1.630243 1
1.589009 1.539745 1
1.588202 1.478619 1
1.513829 1.818580 1
1.685880 1.836874 1
1.013010 0.099639 0
1.783134 0.600753 0
1.873495 1.526736 1
0.266883 0.089361 0
1.229211 1.344883 1
0.434744 -0.024184 0
1.893790 2.065554 1
1.969080 1.937371 1
1.010106 -0.153620 0
0.645747 1.528683 1
1.908819 1.373348 1
1.122278 1.472129 1
1.071405 0.276262 0
1.699431 0.676457 0
1.358702 0.579872 0
1.653349 0.267174 0
1.306814 2.193906 1
1.141097 1.591051 1
1.516596 0.626354 0
0.444101 1.259004 1
0.353507 1.086933 1
1.764230 1.546919 1
1.391386 1.131771 0
1.350908 1.752998 1
1.114770 1.880537 1
1.693953 1.007048 1
0.754562 2.120277 1
0.506512 0.280235 0
1.322177 1.979300 1
1.947227 0.928367 1
0.972510 1.044555 1
1.981120 1.699144 1
1.357120 -0.148071 0
1.465263 0.517721 0
1.451938 0.766344 0
0.300784 1.091511 1
0.857216 1.247119 1
1.009279 -0.109032 0
0.892959 0.509339 0
1.333885 1.896158 1
1.158101 1.211974 1
1.333904 1.888753 1
0.874455 0.540808 0
1.783286 0.601762 0
1.594622 1.167556 1
0.698482 1.541310 1
0.475397 0.130521 0
1.329791 0.331894 0
1.019551 1.560904 1
1.687361 1.180234 1
1.758935 1.138190 0
1.683981 0.153674 0
0.915513 0.423864 0
0.257318 1.688085 1
0.901564 0.316734 0
0.538520 0.303233 0
1.385041 1.377161 1
1.046658 1.095393 0
1.066918 1.178980 0
0.339211 0.805208 1
1.712993 2.057325 1
0.254136 1.087273 0
1.350483 1.318832 1
1.671900 1.364539 1
1.241956 0.117943 0
1.440037 1.038303 1
1.322880 1.426531 1
1.613204 1.443511 1
0.920402 0.618669 0
1.429213 0.219418 0
1.655362 0.169112 0
1.964646 0.975339 1
0.556093 1.626722 1
0.744553 2.061391 1
0.728937 1.243867 0
0.293426 -0.077130 0
0.139402 1.686840 1
0.608894 1.277238 1
1.777962 0.785640 0
0.653373 0.316997 0
0.320214 1.978664 1
1.637192 1.769809 1
0.216918 0.103150 0
0.850603 0.656691 0
1.646622 1.281079 1
1.682936 1.224493 1
1.860321 2.206046 1
1.817860 0.193817 0
0.708844 0.708777 0
1.339852 1.074932 1
1.145535 1.807996 1
1.772776 0.418624 0
0.612119 1.622014 1
1.911892 0.292808 0
1.017667 -0.172065 0
0.970847 0.633602 0
1.144083 0.676777 0
1.950425 0.074278 0
1.680796 0.488297 0
1.467796 1.569179 1
0.924188 2.244965 1
1.434383 0.694812 0
0.882818 0.374255 0
1.260470 0.497243 0
0.507423 1.569774 1
0.016849 0.522238 0
1.927338 0.674985 0
1.124589 1.215228 1
0.987205 0.315955 0
0.423574 0.374771 0
1.228431 1.475901 1
1.077250 1.514002 1
1.504741 1.199585 1
1.173228 -0.330388 0
1.635704 0.977844 0
0.770234 1.190522 1
1.397645 0.195255 0
1.802319 1.157329 1
0.395100 1.760612 1
1.326303 0.791966 0
0.768364 1.383848 1
0.166899 1.055761 0
0.943823 0.398309 0
0.435175 1.487155 1
0.719799 1.774325 1
1.203854 0.392545 0
1.870720 1.032492 0
0.520650 1.200866 1
1.260199 -0.001227 0
0.327935 2.146356 1
1.781182 1.276027 1
0.294968 0.664156 0
1.132055 0.443354 0
0.463343 1.899627 1
1.324077 0.263879 0
0.987613 1.555864 1
0.462412 1.734958 1
0.603494 0.340973 0
1.643497 0.787096 1
0.135598 0.211750 0
0.653786 0.044347 0
0.604194 1.346246 0
0.242692 0.034309 0
0.422260 1.024514 1
0.685598 1.928591 1
0.726423 0.874883 0
1.761029 1.354673 1
1.448532 1.673220 1
1.881577 0.978761 0
0.392993 2.057702 1
0.111002 1.523708 1
0.482030 -0.284643 0
0.762094 1.433567 1
0.172174 0.663587 0
1.452268 1.685238 1
0.460609 1.892317 1
1.827653 0.490293 0
0.189652 -0.200286 0
0.575095 1.364704 1
0.504362 0.350279 0
1.636575 -0.067206 0
1.189457 0.952829 0
0.169769 1.519555 1
0.198709 0.612034 0
0.356463 1.021689 1
0.947248 1.613766 1
1.728167 1.582516 1
0.170855 1.344732 1
1.926439 0.431827 0
1.786519 0.811796 0
1.481688 0.727308 0
1.772083 2.123486 1
1.326500 0.258659 0
0.258655 1.192542 1
0.849910 0.442832 0
1.243156 2.028781 1
0.103128 0.485255 0
0.333601 1.785072 1
0.509948 1.130622 1
0.814044 0.438365 0
0.721526 0.764249 0
1.349947 1.730008 1
1.514989 0.742560 0
1.992653 1.723852 1
0.818723 0.090583 0
1.899281 1.770902 1
0.940756 1.260687 1
1.416302 1.427304 1
1.386033 1.472712 1
0.707475 1.203009 1
1.008526 0.090690 0
0.675826 -0.053951 0
1.821935 1.100133 1
0.281454 1.084979 0
1.860569 0.470877 0
0.720050 0.482484 0
0.482526 -0.067280 0
0.462773 1.692798 1
0.303014 0.252333 0
0.301363 0.875761 1
1.403526 0.180245 0
1.652583 0.328143 0
0.439315 1.679357 1
0.997519 1.418815 1
1.429164 2.093244 1
1.097466 1.258776 1
0.256118 1.743747 1
0.224806 0.289460 0
0.671393 1.410090 1
1.937242 0.934515 0
0.547801 0.193523 0
0.849089 0.852281 0
0.089631 0.746660 0
0.543994 2.028504 1
0.543161 0.454216 0
1.210217 0.367843 0
0.330273 0.374056 0
1.543909 1.589871 1
0.152238 1.062779 0
0.006474 0.654445 0
1.351974 2.064660 1
1.519560 1.058088 1
1.707485 0.334762 0
1.518055 1.171287 0
0.344326 0.459074 0
1.511240 0.262046 0
0.597491 0.658519 0
1.666274 0.081043 0
1.972948 1.602759 1
0.991927 1.979300 1
1.899070 0.740519 0
0.689192 1.564580 1
0.029883 0.184578 0
1.376770 0.217299 0
0.705062 1.981278 1
0.536611 0.707180 0
1.105921 1.232154 1
0.347314 0.616265 0
0.487782 1.919779 1
0.761455 0.448533 0
0.798833 1.937397 1
0.873445 0.749829 0
1.017520 1.626416 1
0.655805 1.902555 1
0.704996 1.436436 1
0.306672 0.071676 0
0.314188 0.613229 0
1.403130 0.341758 0
1.373048 0.117622 0
1.791107 1.259388 0
0.576633 0.228432 0
0.667911 0.073408 0
1.680639 0.578341 0
0.599070 1.827840 1
0.585338 0.586918 0
0.763572 1.029940 0
1.820530 0.726006 0
1.310938 1.154297 1
0.021223 1.773132 1
1.407667 0.699768 0
0.328755 0.587635 0
0.543066 1.615841 1
0.756722 0.187090 0
0.506539 0.319991 0
0.493120 0.332835 0
0.871058 2.166741 1
0.741623 1.581859 1
1.101371 1.099134 0
0.357594 1.702848 1
0.460155 1.890974 1
1.117551 1.210509 1
0.664939 0.924240 0
1.578561 1.195976 1
0.370851 1.832405 1
0.047065 1.322076 1
0.711964 0.879513 0
1.171090 0.584432 0
0.092657 -0.219484 0
1.969140 1.018601 0
0.525301 0.143619 0
1.214177 1.303974 1
1.813313 0.538698 0
1.879986 0.664598 0
1.208873 0.104280 0
0.549243 0.157312 0
0.261062 1.981155 1
1.617419 0.730399 0
1.417988 2.175571 1
1.827955 0.214903 0
1.986313 1.540365 1
1.927110 1.072331 0
0.902192 0.806851 0
1.917489 0.716975 0
1.490616 0.525115 0
0.923758 1.846817 1
1.631818 1.227173 0
1.259483 0.443249 0
1.968838 2.024524 1
0.878566 0.344996 0
0.786229 0.392280 0
0.640695 0.531243 0
1.608746 1.435226 1
0.530082 1.104959 0
0.724073 1.509909 1
0.488512 1.002016 0
1.555966 0.674820 0
1.952068 1.129509 1
0.397985 0.203996 0
0.999885 0.855567 1
0.293919 0.266938 0
0.961792 0.072948 0
1.500267 0.839540 1
1.834409 1.539282 1
0.436008 1.397616 1
0.727668 0.707223 0
1.484803 0.702292 1
1.515994 0.802829 1
0.880861 2.074869 1
1.089336 1.228493 0
1.231926 1.020566 0
1.454646 0.250164 0
0.360775 0.597289 0
1.721479 1.016655 0
1.627708 0.821579 0
0.749274 1.081009 1
1.124985 1.109434 1
1.812410 -0.003968 0
0.358876 -0.128216 0
0.655285 0.988912 0
1.023298 0.298192 0
1.574148 1.394445 1
1.988336 0.345312 0
1.362635 0.375800 0
1.219527 0.397166 0
0.333339 1.841928 1
0.447533 0.062225 0
1.691273 1.091963 1
0.675120 1.618475 1
0.656584 0.888472 1
0.517561 1.056892 1
0.441530 1.371406 1
1.095196 0.793567 0
0.779024 1.101209 1
1.985648 0.378453 0
0.444332 0.197039 0
0.070140 1.638322 1
1.114816 1.034998 0
0.702785 0.969927 1
1.798324 1.031162 0
0.898460 1.847499 1
1.312091 1.162517 1
1.484464 1.367615 1
1.624586 0.523135 0
1.501804 1.393877 1
1.267189 0.056853 0
1.652160 0.652210 0
0.196254 0.889949 1
0.775357 0.572905 0
1.255680 1.452602 1
0.257864 1.007208 0
0.778271 0.355061 0
0.878365 0.912208 0
0.611587 0.618693 0
1.372887 0.983435 1
1.572532 0.841081 0
1.901201 1.495710 1
0.108254 1.357415 1
0.912647 1.798639 1
1.136108 0.208071 0
1.245728 0.754476 0
1.668966 -0.319174 0
0.962198 1.324340 1
1.448180 1.837436 1
0.450662 1.002043 1
0.344154 0.475921 0
1.472079 0.469634 0
1.200475 1.775148 1
1.375072 0.959921 1
0.360388 0.714609 0
0.099187 0.760851 0
1.463565 1.106511 1
0.820577 1.901308 1
0.033695 0.542119 0
1.293230 0.623018 0
0.773649 0.936292 1
1.169702 1.175612 1
1.439166 0.194567 0
1.328093 2.178298 1
1.646897 1.397706 1
1.600024 1.402093 1
1.610479 0.502784 0
0.446398 0.896511 0
1.293088 1.959771 1
0.271683 0.871301 0
1.111211 1.109990 0
1.292575 0.735587 0
0.582505 1.179947 1
0.053356 1.637409 1
0.938330 0.151064 0
1.009866 0.503841 0
0.591220 0.632075 0
1.649486 1.713979 1
0.962807 0.820743 0
1.619360 0.855493 0
1.068184 1.548137 1
1.503381 0.169001 0
0.939288 1.481042 1
1.887485 0.989304 1
1.794744 1.933138 1
0.633487 0.024304 0
0.789719 0.871671 1
0.910647 0.616940 0
1.640850 -0.300856 0
1.226365 2.059743 1
1.647768 0.419243 0
1.085090 1.693819 1
1.995198 2.087931 1
1.111368 1.835383 1
0.155900 1.855858 1
0.663550 0.446461 0
1.531569 1.615820 1
0.757852 2.080140 1
1.558489 0.358320 0
1.348048 2.202778 1
0.768988 0.009298 0
0.442591 2.146266 1
0.639802 0.716119 0
1.003914 0.743636 0
1.645545 0.683380 0
0.975293 1.603000 1
1.332809 1.382046 1
0.954731 2.052292 1
0.796310 0.955459 0
1.533458 1.113775 0
0.674539 -0.122381 0
0.424979 0.663727 0
1.149535 1.531421 1
1.498879 1.572224 1
0.342484 0.512175 0
1.264294 1.108651 1
0.885007 1.320134 0
0.333725 0.586524 0
1.188679 0.877604 0
1.508998 1.525971 1
0.239905 0.750829 0
0.717209 1.460564 1
1.668374 2.001837 1
1.101779 1.131631 0
1.655309 0.954421 0
0.685875 0.362319 0
1.507136 1.466089 1
0.588702 -0.009954 0
1.111477 1.400567 1
0.649948 1.168241 0
1.256778 0.841510 0
0.064030 0.623208 0
1.638189 1.269763 1
0.551271 1.859580 1
1.771580 0.528417 0
1.131577 2.094655 1
1.142399 0.416570 0
0.328079 1.558551 1
1.839427 1.574173 1
0.784305 0.919001 0
1.724551 1.638204 1
1.384671 1.402015 1
1.692866 0.936210 1
0.666987 0.801504 0
0.656546 0.460573 0
1.677052 1.431347 1
0.780957 0.812703 0
0.348669 2.114472 1
0.060385 0.943859 1
0.892444 0.600963 0
1.937044 0.272626 0
1.355582 1.479300 1
1.237471 0.437108 0
1.998055 1.185268 1
0.779704 0.345487 0
1.196652 0.844666 0
1.057675 1.484526 1
1.178727 1.483193 1
0.286526 0.217850 0
1.403444 2.055298 1
0.752679 0.668184 0
1.163699 0.408347 0
0.619166 1.159557 1
1.310843 1.500341 1
0.110241 2.090090 1
0.246558 0.452827 0
0.123530 1.915236 1
1.428744 1.438728 1
1.084895 1.515666 1
1.853262 1.591495 1
0.462036 0.574257 0
1.817271 0.871310 1
0.282552 0.584432 0
0.717654 1.705033 1
1.055391 1.802742 1
1.951201 0.206099 0
0.494914 0.740817 0
0.300162 1.892688 1
1.851885 0.751456 0
0.044948 0.313738 0
0.459890 0.825547 1
1.480337 0.328675 0
1.886695 1.207070 0
1.681491 0.905989 1
0.746255 1.604895 1
1.827290 1.943206 1
0.306243 0.162515 0
1.588823 1.267671 1
1.297648 0.786454 0
0.629350 1.467261 1
0.075070 0.047025 0
0.826995 0.332933 0
0.772853 0.642069 0
1.122730 0.424644 0
0.652859 1.091817 1
1.278014 1.202441 1
1.355692 0.295582 0
1.401453 1.863182 1
1.478175 1.936308 1
1.680692 0.492093 0
0.898832 1.935784 1
1.320179 1.475568 1
0.657298 2.127065 1
1.211308 0.585291 0
1.221364 1.632021 1
1.264054 0.550440 0
0.272742 1.494684 1
0.151357 1.594939 1
0.974847 1.629139 1
1.857338 1.208354 1
1.188746 0.345740 0
1.648369 0.917592 1
1.875797 2.113437 1
0.333067 0.529264 0
0.622833 1.191154 1
0.804811 -0.290471 0
0.869164 -0.188916 0
1.010627 1.378489 1
1.018624 0.479400 0
0.920592 0.971241 0
1.054020 1.418282 1
1.313995 0.333808 0
0.329112 1.366578 1
1.174144 1.517169 1
1.157509 0.291781 0
0.808983 2.249667 1
0.190415 -0.172605 0
0.916875 0.968301 0
1.523666 1.140983 1
0.654076 1.860948 1
0.087243 1.665759 1
1.359552 1.778020 1
0.200723 0.637677 0
0.850414 1.023163 0
1.895722 2.101288 1
1.417701 1.746998 1
1.367567 -0.232443 0
0.967656 1.113978 1
0.434670 1.331602 1
0.553963 1.335129 1
1.756484 2.125408 1
0.994157 2.028503 1
0.479081 1.915236 1
1.742440 1.202646 1
0.187112 1.100217 1
0.502892 0.790922 1
0.171341 0.341939 0
0.462189 1.732602 1
0.833011 -0.272711 0
0.433491 0.714040 1
1.669761 0.478549 0
1.747534 0.323559 0
0.750054 1.834326 1
1.686533 1.187900 1
0.356833 1.336267 1
1.291019 1.960448 1
0.434458 0.973114 0
1.418198 1.825346 1
1.745470 -0.069133 0
1.912354 1.841058 1
0.266581 1.044719 1
0.525041 1.634274 1
0.039246 0.410569 0
0.496895 0.523185 0
0.650053 1.713506 1
1.530733 1.311872 1
0.857001 0.958958 1
0.710979 0.159012 0
1.381938 0.430237 0
0.522803 1.972823 1
1.975632 1.076527 1
0.423062 0.529889 0
0.744540 0.092025 0
0.388401 1.463451 1
0.522486 1.492121 1
1.619350 0.276609 0
1.399612 -0.145904 0
0.915566 1.150957 1
1.902167 1.699250 1
0.985453 0.034703 0
1.777027 0.527658 0
1.033010 1.179980 1
1.370598 -0.091856 0
0.981650 1.330905 1
1.533309 1.205380 1
1.001368 1.787683 1
1.959184 1.083130 1
1.446909 1.492939 1
1.900297 1.025355 0
1.666074 0.222999 0
1.058609 0.518506 0
1.439124 0.508448 0
0.188589 0.620770 0
1.219422 0.269965 0
1.674477 1.224024 1
1.672278 -0.117324 0
0.354137 0.733033 1
0.150847 0.982457 1
0.763624 1.329976 1
0.956269 0.496265 0
0.863550 0.493560 0
0.859586 0.846132 0
0.612007 1.253682 1
1.060017 0.512158 0
0.141786 0.204900 0
1.049402 0.675210 0
1.650268 1.345657 1
1.542309 0.560482 0
0.490558 0.800792 0
0.989505 0.008658 0
0.742851 0.293648 0
0.965136 1.897468 1
1.118690 1.236647 1
0.096968 1.281656 0
1.239478 1.493973 1
1.671286 1.022253 1
0.621996 1.352916 1
0.690065 0.056275 0
0.798250 0.543055 0
1.061393 0.675505 0
1.713261 0.402954 0
1.778628 0.625233 0
1.570581 1.398291 1
0.293837 -0.085832 0
1.165817 0.885959 0
0.862859 1.782374 1
0.297248 1.444467 1
0.939823 0.977572 1
1.394008 1.135687 0
0.479303 1.170495 1
1.214944 1.650298 1
0.736068 -0.306952 0
0.942098 0.034347 0
1.383524 0.356365 0
1.389497 1.624220 1
0.851258 1.075981 1
1.731808 0.140650 0
1.213843 0.828003 0
0.739831 1.499282 1
1.970444 1.368355 1
0.766982 1.060603 1
0.383844 1.938786 1
0.967223 0.210367 0
1.828864 1.054621 0
0.177859 0.400407 0
1.851371 2.006833 1
1.842847 0.195506 0
1.590075 1.308130 1
1.048233 1.571272 1
0.444522 1.829988 1
0.728334 1.592384 1
1.242164 0.013158 0
0.543869 1.585026 1
0.843766 0.996589 0
0.175685 0.452491 0
1.671595 1.416555 1
1.435264 1.075072 1
0.585531 0.530758 0
1.368336 1.297367 1
1.405125 1.659529 1
1.862281 1.859304 1
0.889617 1.030318 0
0.054265 1.749352 1
1.558045 1.852223 1
0.266459 1.511747 1
1.146855 1.482561 1
0.653939 1.470986 1
1.616474 0.683278 0
1.905620 1.176535 0
0.025941 1.132946 0
1.005818 1.755495 1
1.406588 1.034643 1
1.947365 1.205690 1
1.784004 0.605576 0
1.292296 1.235065 0
1.598412 0.692645 0
1.434996 0.677109 0
0.530310 0.697956 0
0.365273 -0.078736 0
0.648052 0.664544 0
1.665002 1.516983 1
0.648255 1.552015 1
0.878086 -0.192810 0
0.537123 -0.037215 0
0.981623 0.329939 0
1.766338 1.022126 0
0.090828 1.417955 1
0.892670 2.179625 1
1.599920 1.082467 1
0.653637 1.043481 0
0.002056 0.867879 1
0.224680 0.496466 0
0.296348 2.168444 1
0.708294 0.985963 1
1.756554 0.073292 0
1.685310 0.607968 0
0.178734 1.341287 1
1.091205 0.164824 0
0.358883 0.500695 0
1.770749 1.756632 1
1.838201 0.358884 0
0.133419 2.053434 1
0.227296 -0.187234 0
1.115509 1.533482 1
0.694442 1.704485 1
0.950195 0.674822 0
1.453647 0.348206 0
1.960657 0.752182 0
1.002804 1.692953 1
0.505403 1.164763 0
1.168896 1.151766 1
1.166425 0.914235 1
1.130401 1.841563 1
1.959914 1.092164 0
1.736669 0.653113 0
1.715766 -0.270447 0
0.778843 0.495899 0
1.216546 1.948905 1
1.151027 0.975130 0
1.995915 1.918959 1
