1.791415 1.017026 1
1.408003 1.162787 1
0.490740 1.906943 1
1.704164 0.476187 0
1.210979 0.956804 1
0.240666 0.133432 0
0.507575 0.507802 0
1.099666 0.061058 0
0.227623 0.764540 0
0.932263 1.241951 1
0.121875 1.306443 1
0.912569 0.152061 0
1.357570 1.612556 1
0.393713 1.832835 1
1.700912 1.864872 1
0.495997 0.826994 0
1.934405 0.519726 0
1.473662 2.171381 1
1.433600 0.698967 0
0.385454 1.509956 1
0.963226 0.249097 0
0.322776 0.168648 0
0.761058 0.577249 0
1.171678 1.755080 1
1.179022 0.497749 0
1.148205 1.076646 0
1.700269 0.252707 0
0.560646 1.509459 1
1.353760 0.598295 0
0.660135 0.958536 0
0.824298 2.067342 1
0.901733 0.394219 0
1.193845 0.200076 0
1.219309 0.456568 0
0.072624 1.877936 1
0.817208 0.699495 0
1.722886 1.242356 1
1.544412 1.672711 1
0.592992 0.469283 0
1.161770 0.312715 0
1.675066 0.731090 0
0.927759 1.456861 1
1.655229 0.816503 0
0.525673 1.502009 1
0.826304 1.298072 1
0.001317 2.047773 1
1.308978 0.682626 0
0.539073 1.628098 1
1.122674 0.715698 0
0.385843 1.501571 1
0.180907 1.641112 1
0.584621 1.140997 1
1.842520 2.011988 1
1.891439 0.952821 1
1.476866 1.310180 1
0.187453 1.551158 1
0.010490 1.419863 1
0.091084 0.513068 0
0.069576 1.584428 1
1.207577 1.288304 1
0.715077 0.110299 0
1.911980 1.737014 1
0.631434 0.248580 0
0.239054 0.211311 0
1.292767 1.389367 1
0.357781 0.765299 0
1.601536 0.558097 0
0.255337 1.166731 1
1.467409 0.322042 0
1.716208 1.539476 1
0.590384 0.556214 0
0.200279 1.093984 0
1.983393 1.103169 1
0.665039 1.702337 1
0.001138 0.483125 0
1.747463 0.714168 0
1.044789 1.189918 1
0.721294 1.243662 1
1.500018 1.701659 1
1.232789 1.087147 1
0.157173 1.497174 1
0.019842 0.373221 0
0.999266 1.427713 1
0.913283 0.838620 0
1.270529 1.266657 1
1.170325 1.483649 1
0.942433 1.881420 1
1.018983 1.291901 1
1.127382 1.885410 1
1.347837 0.494358 0
0.008033 1.863954 1
1.700143 0.247669 0
0.367578 0.202929 0
1.430590 1.072011 1
1.027019 0.585659 0
1.212048 0.243284 0
1.686324 0.745383 0
1.707459 1.827240 1
0.388978 1.754110 1
1.922413 1.578195 1
1.009179 1.759080 1
1.541026 1.243589 1
1.999398 0.912627 1
0.370877 1.857861 1
1.533694 0.227770 0
0.967215 1.098762 0
1.229560 0.831263 0
0.854710 1.175002 1
1.803093 1.272125 1
1.035406 1.722932 1
1.704090 0.951477 0
1.360508 1.054981 1
1.700720 1.144812 1
0.959699 0.350468 0
1.693231 1.055562 1
0.869611 0.161745 0
0.052795 1.825257 1
0.983894 1.569038 1
0.239174 0.327912 0
1.444572 0.279668 0
0.127213 1.192506 1
0.849029 0.793654 0
1.394166 1.623299 1
1.012880 1.740419 1
0.082800 1.226608 1
0.717626 0.400832 0
0.343391 0.879596 0
0.393510 0.997518 1
0.832289 0.331587 0
0.478314 0.670108 0
1.580768 1.666603 1
1.440605 0.848456 0
0.247095 1.631035 1
0.288413 1.257954 1
0.318298 0.170337 0
1.063107 0.103248 0
1.994187 0.338310 0
0.040188 1.712437 1
0.304648 0.060025 0
0.038356 0.773326 0
1.682579 1.688393 1
1.473805 1.349785 1
0.732928 0.022551 0
0.119783 0.706857 0
1.380370 0.576870 0
0.100342 1.009702 0
1.804970 1.919420 1
1.362010 1.025044 1
0.655128 0.587849 0
1.045895 0.221351 0
1.918330 0.241489 0
1.113365 1.491493 1
0.851103 1.242932 1
1.168732 1.555364 1
1.851172 1.788641 1
1.623804 0.188499 0
0.109929 0.038986 0
0.077089 2.002629 1
0.374377 1.798034 1
1.598639 0.315219 0
0.271752 1.187553 1
0.004007 1.784428 1
1.949704 1.446844 1
1.740321 1.687838 1
0.629835 0.735298 0
1.711325 0.195015 0
0.411772 1.819608 1
0.714684 0.288131 0
0.097861 1.378193 1
0.087942 0.492593 0
1.081118 1.460600 1
0.698648 1.900944 1
0.093473 1.296583 1
0.633653 1.899680 1
0.945551 0.985416 1
1.003326 0.534939 0
1.799937 0.239120 0
0.569477 1.026665 1
0.605915 0.364629 0
0.698714 1.278502 1
0.671076 1.331112 1
1.460972 1.076858 1
1.689407 1.714110 1
0.185622 0.513321 0
1.359810 0.934070 0
1.628582 0.024774 0
0.729622 0.956700 0
1.210003 1.597485 1
0.994339 0.939686 0
0.827771 0.802059 0
0.498373 1.555043 1
1.262275 1.349389 1
0.610749 0.609619 0
0.030589 0.744642 0
0.009418 1.709290 1
0.827550 1.288429 1
1.586640 0.030593 0
0.361416 0.005921 0
0.404648 1.267984 1
1.001042 0.199647 0
1.659971 0.466377 0
1.021358 1.326277 1
1.986210 0.929178 1
0.160598 1.097121 0
1.246009 1.127365 1
1.597509 0.704208 0
1.891909 1.501280 1
0.333557 0.723514 0
0.634419 0.637656 0
0.228980 0.884666 0
1.002430 1.481303 1
0.489311 1.843607 1
1.038406 1.832844 1
0.915951 1.686627 1
0.822819 0.399450 0
1.434878 0.610646 0
0.270627 1.040486 0
0.082386 0.885394 0
1.013616 1.750461 1
0.955425 1.039433 1
1.797533 0.957453 0
0.969672 1.252146 1
1.555504 0.510877 0
0.744746 0.587215 0
1.751629 0.875592 0
0.023789 1.497356 1
1.998909 0.380224 0
1.593223 1.726657 1
0.185141 1.910154 1
1.696649 1.838512 1
1.467194 0.412511 0
0.739532 0.585025 0
1.785628 0.417990 0
1.172915 0.271718 0
1.919137 0.179931 0
1.357664 1.038267 0
0.171485 1.633811 1
1.820801 1.365261 1
0.558557 0.062454 0
1.143306 1.698193 1
0.533288 1.463122 1
1.486473 0.356797 0
0.150618 0.392012 0
1.747677 0.141992 0
0.229443 0.750875 0
0.896155 0.799566 0
1.971095 1.161458 1
0.466877 1.449580 1
0.862113 0.980942 1
1.140964 0.493407 0
1.937251 0.825661 0
0.922701 1.517805 1
1.518829 1.626053 1
1.518777 1.378050 1
1.446348 1.664381 1
1.609815 1.831185 1
1.089370 0.162739 0
1.855575 0.736579 0
1.793782 1.413191 1
0.337372 0.137492 0
1.158123 1.490517 1
0.496938 0.040958 0
1.826219 2.008781 1
1.898145 1.878398 1
1.073872 -0.050001 0
0.574631 1.409364 1
1.836567 1.523558 1
1.057160 1.273320 1
1.137499 0.359215 0
1.772644 0.679788 0
1.426975 0.379134 0
1.722048 0.286103 0
1.217032 2.092548 1
1.072592 1.403155 1
1.586438 0.602360 0
0.370869 1.171747 1
0.282864 1.090969 1
1.694806 1.434508 1
1.458019 1.000838 0
1.281052 1.872255 1
1.047938 1.850830 1
1.626327 1.008277 1
0.688028 1.937304 1
0.575949 0.398700 0
1.251422 1.928551 1
1.873342 1.117567 1
0.903286 1.069245 1
1.912099 1.856876 1
1.414447 -0.016158 0
1.531595 0.597904 0
1.517410 0.795497 0
0.231999 1.234831 1
0.785642 1.122968 1
1.080117 -0.045095 0
0.962307 0.373793 0
1.258871 1.833505 1
1.091169 1.112782 1
1.264138 1.902720 1
0.938673 0.370253 0
1.852786 0.768233 0
1.527527 1.358384 1
0.623966 1.718631 1
0.540571 0.285880 0
1.393959 0.280179 0
0.950123 1.464079 1
1.620605 1.266369 1
1.828195 0.933857 0
1.755182 0.290478 0
0.986815 0.390702 0
0.182788 1.810841 1
0.973259 0.472730 0
0.606401 0.190552 0
1.312583 1.583062 1
1.109702 0.963503 0
1.133417 1.078063 0
0.267780 0.973369 1
1.635447 1.914800 1
0.328034 1.030261 0
1.283492 1.422620 1
1.607699 1.479136 1
1.314527 0.108902 0
1.370562 1.237766 1
1.253155 1.254862 1
1.541791 1.524692 1
0.997536 0.803785 0
1.510398 0.100641 0
1.723295 0.314791 0
1.901523 1.172081 1
0.482720 1.503019 1
0.665035 2.010518 1
0.800298 1.087837 0
0.367535 0.073503 0
0.074839 1.766788 1
0.537958 1.464598 1
1.841336 0.622261 0
0.722894 0.435082 0
0.248907 1.826628 1
1.565405 1.728009 1
0.290060 0.234886 0
0.921218 0.785345 0
1.578392 1.262622 1
1.612747 1.128582 1
1.789140 2.068448 1
1.889169 0.248002 0
0.778789 0.511561 0
1.272992 1.266454 1
1.079186 1.710092 1
1.846003 0.327713 0
0.540744 1.448893 1
1.987708 0.167081 0
1.103325 -0.078349 0
1.045381 0.462181 0
1.213147 0.576118 0
0.022974 0.260496 0
1.752291 0.473562 0
1.402046 1.641934 1
0.865780 2.111319 1
1.503513 0.567406 0
0.952183 0.567386 0
1.331614 0.658079 0
0.439531 1.691418 1
0.089123 0.376198 0
1.998065 0.791106 0
1.058271 1.164155 1
1.058030 0.163498 0
0.489193 0.460499 0
1.154487 1.286315 1
1.005740 1.548294 1
1.428257 1.348913 1
1.243582 -0.132634 0
1.706206 0.811775 0
0.710947 1.375090 1
1.470217 0.114478 0
1.729712 1.074269 1
0.322636 1.697386 1
1.402465 0.650014 0
0.707718 1.444154 1
0.238354 0.998983 0
1.016102 0.596855 0
0.367309 1.330116 1
0.653577 1.821348 1
1.276064 0.191967 0
1.940329 0.947060 0
0.454608 1.204330 1
1.328821 0.036571 0
0.256365 2.002428 1
1.716471 1.246761 1
0.363520 0.744653 0
1.205534 0.292502 0
0.397174 1.718489 1
1.388161 0.353562 0
0.912538 1.658635 1
0.392183 1.584650 1
0.672499 0.362146 0
1.571460 0.979785 1
0.200593 0.161048 0
0.723864 0.203216 0
0.673394 1.154954 0
0.309377 0.101025 0
0.350105 1.028167 1
0.614898 1.885750 1
0.794926 0.916280 0
1.692241 1.217406 1
1.379014 1.636599 1
1.950283 0.794558 0
0.325661 1.964021 1
0.044185 1.538450 1
0.558967 -0.106166 0
0.699009 1.591561 1
0.239719 0.538082 0
1.384325 1.617202 1
0.388493 1.714461 1
1.894655 0.485571 0
0.256447 -0.014922 0
0.502599 1.399252 1
0.572020 0.481956 0
1.700760 0.112120 0
1.261604 0.827093 0
0.105482 1.669402 1
0.268919 0.477548 0
0.287882 1.085737 1
0.870680 1.462499 1
1.656004 1.747669 1
0.097153 1.222317 1
1.998057 0.277596 0
1.854639 0.794501 0
1.553800 0.822589 0
1.692493 2.043413 1
1.398309 0.412869 0
0.186759 1.197331 1
0.919911 0.451984 0
1.173171 1.958119 1
0.174341 0.479250 0
0.262045 1.790029 1
0.441852 1.100006 1
0.883744 0.577670 0
0.790984 0.589905 0
1.271347 1.668527 1
1.583489 0.635483 0
1.919635 1.573276 1
0.892921 0.085348 0
1.830483 1.719079 1
0.871063 1.232357 1
1.345640 1.348993 1
1.310963 1.614119 1
0.636732 1.401074 1
1.085305 0.086732 0
0.749194 0.046588 0
1.753774 1.053528 1
0.352667 0.898485 0
1.931662 0.582333 0
0.788705 0.278187 0
0.555337 0.038836 0
0.391809 1.628445 1
0.377059 0.397141 0
0.226971 1.010186 1
1.474994 0.197891 0
1.725539 0.510524 0
0.358139 1.523238 1
0.925202 1.588600 1
1.377063 2.045631 1
1.027419 1.222099 1
0.180413 1.859526 1
0.294401 0.389462 0
0.603064 1.507012 1
0.009625 0.840187 0
0.621431 0.144907 0
0.918273 0.782457 0
0.161957 0.587935 0
0.481685 1.966224 1
0.613359 0.513177 0
1.275740 0.482134 0
0.407385 0.288150 0
1.476845 1.457967 1
0.221123 1.019681 0
0.079102 0.616074 0
1.284205 1.895289 1
1.450061 1.140926 1
1.778311 0.315683 0
1.587863 0.965468 0
0.413747 0.653863 0
1.584357 0.399641 0
0.667592 0.507264 0
1.736227 0.087617 0
1.901847 1.773844 1
0.920514 1.949974 1
1.967839 0.782185 0
0.617930 1.431935 1
0.100172 0.388747 0
1.443219 0.153081 0
0.633896 1.944334 1
0.610978 0.773059 0
1.036214 1.438787 1
0.419950 0.709424 0
0.422431 1.774950 1
0.832291 0.419510 0
0.728929 1.966009 1
0.946164 0.796704 0
0.950087 1.696380 1
0.578804 1.903525 1
0.628978 1.316702 1
0.378539 0.196086 0
0.383506 0.623974 0
1.469378 0.515547 0
1.439443 0.206999 0
1.860235 1.055137 0
0.651175 0.221049 0
0.738668 0.041867 0
1.750821 0.383550 0
0.528856 1.815995 1
0.655015 0.597045 0
0.831863 0.923084 0
1.892386 0.753293 0
1.239066 1.323597 1
1.952707 1.630445 1
1.483676 0.710737 0
0.398599 0.718202 0
0.476271 1.729348 1
0.829904 0.251905 0
0.575268 0.439700 0
0.556947 0.514781 0
0.794690 2.038043 1
0.681128 1.713276 1
1.172947 1.015496 0
0.287401 1.793623 1
0.389483 1.759356 1
1.049368 1.413670 1
0.732139 0.740203 0
1.509231 1.109715 1
0.301984 1.839140 1
1.976531 1.499614 1
0.776368 0.819355 0
1.239565 0.733537 0
0.159032 -0.026301 0
0.039674 0.913937 0
0.587256 0.175192 0
1.145417 1.170813 1
1.883174 0.541065 0
1.951328 0.467168 0
1.285223 0.285697 0
0.619125 0.285527 0
0.189668 1.946292 1
1.687343 0.654259 0
1.358514 1.996097 1
1.898300 0.377437 0
1.913843 1.682920 1
1.995824 0.882980 0
0.973535 0.728947 0
1.985799 0.737629 0
1.559706 0.528839 0
0.848111 1.713460 1
1.702477 1.090856 0
1.328812 0.503623 0
1.898747 1.916553 1
0.947340 0.462547 0
0.859576 0.235976 0
0.708455 0.680328 0
1.540381 1.318104 1
0.602403 0.996243 0
0.656114 1.382517 1
0.559615 0.810882 0
1.628546 0.524673 0
1.884519 1.321096 1
0.471077 0.182826 0
0.928463 0.966855 1
0.364695 0.452526 0
1.032126 0.177828 0
1.430558 0.934978 1
1.765267 1.697463 1
0.360508 1.406224 1
0.798968 0.697971 0
1.412943 0.879941 1
1.448255 0.967199 1
0.809780 1.975405 1
1.158491 1.053648 0
1.306673 0.866344 0
1.528228 0.247322 0
0.434095 0.575552 0
1.792675 0.866727 0
1.697799 0.878626 0
0.675443 1.129707 1
1.053939 1.110418 1
1.882416 0.195336 0
0.428261 -0.018333 0
0.722573 0.896222 0
1.094549 0.281077 0
1.504014 1.512474 1
0.057541 0.496874 0
1.425783 0.184945 0
1.285196 0.598926 0
0.263760 1.804616 1
0.515208 0.047980 0
1.622816 1.206365 1
0.601979 1.786553 1
0.588376 0.953831 1
0.447564 1.160581 1
0.370249 1.209144 1
1.166388 0.719199 0
0.710519 1.136018 1
0.056287 0.303517 0
0.508456 0.356552 0
1.995430 1.498751 1
1.189440 0.964372 0
0.628730 1.136713 1
1.870436 0.873192 0
0.829372 1.888985 1
1.241635 1.215023 1
1.415462 1.548535 1
1.697005 0.630311 0
1.428264 1.486362 1
1.337503 0.214608 0
1.724360 0.747026 0
0.130016 0.995902 1
0.846468 0.506596 0
1.186540 1.391991 1
0.323358 0.820327 0
0.850353 0.494898 0
0.947681 0.718779 0
0.682326 0.566463 0
1.302015 1.082421 1
1.635839 0.752593 0
1.832698 1.445741 1
0.042191 1.399573 1
0.839187 1.759760 1
1.201787 0.125546 0
1.316523 0.724944 0
1.738790 -0.129356 0
0.885816 1.416169 1
1.378145 1.748947 1
0.382627 1.043168 1
0.413550 0.636742 0
1.545068 0.391945 0
1.131083 1.615303 1
1.303274 1.055247 1
0.432681 0.617904 0
0.165474 0.874735 0
1.392465 1.171218 1
0.754631 1.951276 1
0.106005 0.488078 0
1.362188 0.444963 0
0.705029 1.122865 1
1.101348 1.341717 1
1.510697 0.304259 0
1.254989 2.077469 1
1.576987 1.235357 1
1.528483 1.310565 1
1.674082 0.395512 0
0.515492 0.850556 0
1.223007 1.797913 1
0.339543 0.826781 0
1.185092 0.997754 0
1.366016 0.701670 0
0.511061 1.350031 1
1.981963 1.829327 1
1.004070 0.186210 0
1.078584 0.522328 0
0.660250 0.573482 0
1.577564 1.738354 1
1.034172 0.630160 0
1.689402 0.763380 0
0.996991 1.383994 1
1.574891 0.331247 0
0.856566 1.454177 1
1.819797 1.006598 1
1.730629 1.851042 1
0.701603 0.123551 0
0.721693 1.053138 1
0.982045 0.411601 0
1.692480 -0.094223 0
1.151062 1.985027 1
1.712715 0.345891 0
1.015569 1.496867 1
1.931178 1.943770 1
1.045761 1.804963 1
0.092499 1.823540 1
0.735505 0.395063 0
1.459830 1.469088 1
0.687887 2.022091 1
1.627777 0.229513 0
1.283612 2.067791 1
0.837991 0.129653 0
0.374407 2.016504 1
0.709587 0.563582 0
1.072559 0.565755 0
1.716795 0.735318 0
0.905339 1.418819 1
1.262433 1.430842 1
0.888846 2.004858 1
0.865594 0.904814 0
1.602385 1.041709 0
0.746676 0.053140 0
0.491036 0.793703 0
1.082010 1.629327 1
1.425604 1.398809 1
0.413952 0.509167 0
1.192236 1.268932 1
0.954105 1.129171 0
0.406833 0.761194 0
1.253465 0.756676 0
1.438303 1.499499 1
0.311872 0.550179 0
0.645235 1.366543 1
1.591388 1.834037 1
1.174868 1.039935 0
1.725629 0.854655 0
0.757534 0.557224 0
1.434904 1.492696 1
0.657883 0.082416 0
1.041565 1.472346 1
0.719521 1.061429 0
1.332673 0.765343 0
0.141657 0.721856 0
1.567722 1.223275 1
0.484812 1.721203 1
1.840692 0.697419 0
1.054974 2.028734 1
1.209515 0.391961 0
0.265102 1.648718 1
1.769459 1.606543 1
0.853585 0.853897 0
1.652002 1.728662 1
1.317157 1.213550 1
1.623815 1.123457 1
0.736905 0.681901 0
0.726298 0.520886 0
1.616428 1.543788 1
0.853366 0.623844 0
0.280763 1.980641 1
1.995060 1.056353 1
0.962228 0.484826 0
0.004597 0.457971 0
1.291836 1.459053 1
1.306031 0.597844 0
1.928507 1.378274 1
0.850272 0.490111 0
1.262998 0.741666 0
0.986926 1.310648 1
1.110478 1.448573 1
0.354587 0.416366 0
1.333170 2.021679 1
0.820606 0.819375 0
1.239452 0.390862 0
0.545452 1.085267 1
1.237529 1.456565 1
0.036853 1.996525 1
0.321160 0.455048 0
0.055833 1.932643 1
1.359871 1.322939 1
1.015302 1.603392 1
1.786503 1.657713 1
0.526309 0.381164 0
1.747320 1.030666 1
0.347248 0.625257 0
0.650995 1.578516 1
0.982865 1.778118 1
0.023823 0.315535 0
0.568086 0.814658 0
0.224773 1.772359 1
1.921814 0.775686 0
0.109997 0.197147 0
0.390845 0.939855 1
1.548867 0.462342 0
1.954955 1.067123 0
1.612887 1.047749 1
0.680603 1.476475 1
1.755073 1.936531 1
0.384293 0.129177 0
1.515409 1.222900 1
1.370172 0.668517 0
0.562747 1.626943 1
0.145750 0.086286 0
0.897740 0.538988 0
0.843626 0.524814 0
1.192000 0.261905 0
0.584281 1.116792 1
1.204327 1.167244 1
1.423416 0.346785 0
1.339869 1.835595 1
1.413265 1.757558 1
1.750473 0.439680 0
0.821293 1.803445 1
1.248548 1.424969 1
0.583193 1.930442 1
1.276862 0.542922 0
1.152205 1.444131 1
1.334626 0.546548 0
0.197648 1.633079 1
0.086840 1.513565 1
0.903405 1.422324 1
1.788843 1.201342 1
1.259935 0.209415 0
1.575863 1.015967 1
1.801737 1.981131 1
0.408033 0.385794 0
0.553431 1.369244 1
0.865461 -0.118581 0
0.946812 -0.082453 0
0.939557 1.439575 1
1.088626 0.345778 0
0.998096 0.794455 0
0.984230 1.262860 1
1.380317 0.409003 0
0.257604 1.307817 1
1.105245 1.520082 1
1.231884 0.323380 0
0.732320 2.104356 1
0.255557 0.001544 0
0.988644 0.789160 0
1.454561 1.144803 1
0.580658 1.847855 1
0.016225 1.694397 1
1.294492 1.893284 1
0.270221 0.794661 0
0.920900 0.839553 0
1.830063 1.985103 1
1.344542 1.643049 1
1.438511 -0.068763 0
0.898369 1.264883 1
0.363976 1.401548 1
0.485103 1.166552 1
1.680189 1.977987 1
0.929826 1.950038 1
0.404838 1.951641 1
1.671419 1.206260 1
0.120171 1.287969 1
0.436297 0.905605 1
0.240965 0.327119 0
0.391851 1.713243 1
0.908715 -0.130171 0
0.361991 0.918768 1
1.740598 0.303344 0
1.820995 0.374501 0
0.685359 1.682501 1
1.618949 1.128690 1
0.289177 1.276545 1
1.218113 1.932743 1
0.500581 0.823834 0
1.346927 1.641299 1
1.823041 0.082436 0
1.840679 1.864707 1
0.195656 1.166886 1
0.454452 1.574289 1
0.116360 0.355064 0
0.565146 0.695576 0
0.578846 1.606771 1
1.454989 1.350510 1
0.787246 1.132255 1
0.777865 0.269096 0
1.452090 0.235498 0
0.454825 1.969221 1
1.903080 1.111583 1
0.496951 0.672141 0
0.814547 0.276868 0
0.319538 1.319392 1
0.456187 1.317061 1
1.683557 0.155162 0
1.479984 0.019213 0
0.841359 1.176676 1
1.831101 1.504799 1
1.051224 0.096227 0
1.851025 0.361316 0
0.962021 1.309154 1
1.439167 0.006117 0
0.911599 1.278261 1
1.466364 1.147101 1
0.931875 1.857043 1
1.891314 1.209818 1
1.376185 1.598211 1
1.971095 0.998936 0
1.740253 0.125626 0
1.132535 0.552348 0
1.509089 0.332180 0
0.259985 0.519642 0
1.289035 0.473929 0
1.610720 1.323049 1
1.749116 -0.004195 0
0.282985 0.925784 1
0.079051 1.033064 1
0.701383 1.525111 1
1.030497 0.396662 0
0.932300 0.637345 0
0.930204 0.923756 0
0.540489 1.176728 1
1.129403 0.637234 0
0.203993 0.262047 0
1.118599 0.539971 0
1.584444 1.379207 1
1.618189 0.568090 0
0.562705 0.876726 0
1.053298 0.025658 0
0.810599 0.492298 0
0.894889 1.788761 1
1.044904 1.162175 1
0.165204 1.106143 0
1.168998 1.391913 1
1.600624 1.067305 1
0.552531 1.481013 1
0.764898 0.107338 0
0.870270 0.720057 0
1.126079 0.847186 0
1.784716 0.338716 0
1.846943 0.741433 0
1.502989 1.466836 1
0.365466 0.024278 0
1.235476 0.859352 0
0.785744 1.811694 1
0.221661 1.276415 1
0.870553 1.099748 1
1.470280 1.011712 0
0.408710 1.159263 1
1.143721 1.799839 1
0.794235 -0.103984 0
1.007588 0.165443 0
1.455349 0.186564 0
1.316392 1.684480 1
0.781664 1.111928 1
1.803772 0.245168 0
1.283748 0.742162 0
0.673224 1.512671 1
1.899883 1.192086 1
0.696465 1.182996 1
0.309433 1.730097 1
1.036884 0.339106 0
1.898203 0.988788 0
0.244233 0.539107 0
1.775178 2.002671 1
1.912755 0.168244 0
1.521921 1.345620 1
0.978315 1.495211 1
0.371211 1.779518 1
0.659970 1.439454 1
1.311341 0.148086 0
0.471669 1.409674 1
0.912796 0.938622 0
0.240902 0.430289 0
1.605142 1.527961 1
1.361602 1.175129 1
0.654911 0.512191 0
1.298848 1.488938 1
1.337812 1.806255 1
1.792181 1.789262 1
0.963082 0.916064 0
1.982960 1.809192 1
1.485445 1.743001 1
0.200847 1.398157 1
1.077636 1.483495 1
0.585841 1.467446 1
1.687341 0.633076 0
1.979044 1.051854 0
0.098189 0.975850 0
0.933032 1.569229 1
1.335493 1.023278 1
1.872679 1.235220 1
1.847602 0.574369 0
1.361857 1.053636 0
1.663060 0.747314 0
1.499373 0.559927 0
0.599108 0.682765 0
0.441053 -0.027908 0
0.715883 0.683551 0
1.594228 1.542054 1
0.579842 1.501953 1
0.951177 -0.036804 0
0.605386 0.116198 0
1.054258 0.219011 0
1.834823 1.007649 0
0.022413 1.546477 1
0.826562 2.039947 1
1.529592 1.070382 1
0.722831 0.948120 0
1.931491 1.053748 1
0.296704 0.423803 0
0.218486 2.041711 1
0.641268 1.044971 1
1.830329 0.257080 0
1.758213 0.459606 0
0.108827 1.181940 1
1.159831 0.348455 0
0.433456 0.663330 0
1.697987 1.887099 1
1.902104 0.233141 0
0.068254 1.846546 1
0.298213 -0.091858 0
1.045869 1.455298 1
0.624433 1.586977 1
1.024113 0.673304 0
1.527400 0.308556 0
0.026190 0.623317 0
0.932594 1.665844 1
0.572351 1.018983 0
1.100837 1.277232 1
1.095943 0.975558 1
1.061070 1.658298 1
0.031161 0.992649 0
1.806361 0.704602 0
1.811229 -0.120798 0
0.848994 0.572083 0
1.146896 1.866415 1
1.211668 0.846967 0
1.928417 1.718949 1
