0.290778 0.986148 1
1.908266 1.160644 1
0.990853 1.939000 1
1.204764 0.511677 0
1.710937 0.937179 1
1.741114 0.119790 0
0.008987 0.556893 0
0.598283 0.011936 0
1.727901 0.766337 0
1.432246 1.252967 1
0.621177 1.300486 1
0.411479 0.162704 0
1.858052 1.614865 1
0.893507 1.855122 1
0.200566 1.868364 1
1.997043 0.799267 0
1.434143 0.547727 0
1.972094 2.220688 1
0.933632 0.674484 0
0.885995 1.462443 1
0.464278 0.266585 0
1.822994 0.210858 0
0.260669 0.585956 0
1.671195 1.777401 1
0.678479 0.522084 0
0.648766 1.121324 0
1.201031 0.262926 0
1.060684 1.520339 1
0.853318 0.563707 0
0.160359 0.988963 0
1.324304 2.090757 1
0.402284 0.409974 0
0.694164 0.221094 0
0.719197 0.501544 0
0.572189 1.896155 1
0.317583 0.656769 0
0.222484 1.207292 1
0.044433 1.681163 1
0.092811 0.501116 0
0.662389 0.313161 0
1.175645 0.708721 0
1.427946 1.482726 1
1.156086 0.778787 0
1.025895 1.454835 1
1.327761 1.289261 1
0.503158 2.087820 1
0.809104 0.680242 0
1.039146 1.609523 1
0.623341 0.763456 0
0.885867 1.508249 1
0.680672 1.673643 1
1.084286 1.179596 1
0.340637 2.017378 1
0.391585 0.922129 1
1.977477 1.326414 1
0.687623 1.514530 1
0.510784 1.401812 1
1.590556 0.496070 0
0.568861 1.616835 1
1.708381 1.312682 1
0.214816 0.060053 0
0.412096 1.771572 1
0.131625 0.252935 0
1.739432 0.206731 0
1.791751 1.394445 1
1.857799 0.734797 0
1.101059 0.551952 0
0.755596 1.169940 1
0.967467 0.322597 0
0.216100 1.580286 1
0.090952 0.523663 0
1.700144 1.144052 0
0.482346 1.061460 1
1.165038 1.657754 1
1.502054 0.455867 0
1.246992 0.684293 0
1.544254 1.184547 1
1.220416 1.256965 1
0.000398 1.713873 1
1.733543 1.074944 1
0.656175 1.504067 1
1.519610 0.341365 0
1.499281 1.436486 1
0.413505 0.796438 0
1.769866 1.278426 1
1.669255 1.448556 1
1.442454 1.922109 1
1.518712 1.246273 1
1.628544 1.866188 1
0.847242 0.461672 0
0.508511 1.898756 1
1.200988 0.230375 0
1.866970 0.216281 0
1.930876 1.067086 1
0.526645 0.582386 0
0.711658 0.226090 0
1.186470 0.778482 0
0.206982 1.850099 1
0.888542 1.716663 1
0.422822 1.580215 1
1.509321 1.716164 1
0.041148 1.225753 1
0.499104 0.885665 1
0.871137 1.862225 1
1.032571 0.228026 0
0.466676 1.128471 0
0.730161 0.849808 0
1.354557 1.164615 1
0.303699 1.231963 1
1.534883 1.721934 1
1.203976 0.939745 0
1.860331 1.040727 1
0.200161 1.112170 1
0.460195 0.375552 0
0.193173 1.008554 1
0.369614 0.175729 0
0.552688 1.862121 1
1.484010 1.603826 1
1.739261 0.348936 0
0.944804 0.236315 0
0.626856 1.177260 1
0.349189 0.810326 0
1.893555 1.626041 1
1.513182 1.780983 1
0.584784 1.217302 1
0.217909 0.436576 0
1.843801 0.885579 0
0.892905 0.969914 1
0.331741 0.362233 0
1.977464 0.698387 0
0.080586 1.691420 1
0.941120 0.883178 0
0.746954 1.604711 1
0.787929 1.306442 1
1.818854 0.172031 0
0.562881 0.079285 0
1.495050 0.302710 0
0.539919 1.670447 1
1.805092 0.044294 0
1.537340 0.766603 0
0.182772 1.693044 1
1.973723 1.339377 1
0.235133 0.028109 0
1.620369 0.682300 0
0.879693 0.595665 0
1.600201 1.048244 0
0.305230 1.930399 1
1.861728 0.989347 1
0.155327 0.537811 0
0.545795 0.236760 0
1.417237 0.272387 0
1.612895 1.521684 1
1.351605 1.207114 1
1.668394 1.583085 1
0.350904 1.802830 1
1.124645 0.193758 0
1.612891 0.017775 0
0.574662 2.012400 1
0.874524 1.784758 1
1.097999 0.281487 0
0.771786 1.228011 1
0.504568 1.778730 1
0.449803 1.414318 1
0.241191 1.726295 1
0.128748 0.685473 0
1.211313 0.185926 0
0.911315 1.773059 1
0.215047 0.262915 0
0.598284 1.415961 1
1.588101 0.521076 0
1.581056 1.501811 1
1.197301 1.917600 1
0.594862 1.303167 1
1.133280 1.903353 1
1.444616 0.960925 1
0.503222 0.488882 0
1.299792 0.196447 0
1.069810 0.983395 1
0.105995 0.379610 0
1.198653 1.297797 1
1.170093 1.320835 1
1.960731 1.046973 1
0.189409 1.703679 1
1.685936 0.553271 0
0.860183 0.949128 0
1.128518 0.004725 0
0.229147 0.996114 0
1.709427 1.636371 1
0.492682 0.980112 0
0.328244 0.809427 0
0.999040 1.579276 1
1.761993 1.313276 1
0.111216 0.627486 0
1.529627 0.748060 0
0.509975 1.680022 1
1.328688 1.282525 1
1.087809 -0.011318 0
1.861497 -0.007098 0
0.904628 1.232550 1
0.502040 0.217573 0
1.160243 0.485621 0
1.521168 1.330900 1
0.486228 0.883703 1
1.661377 1.144555 0
1.746117 1.145623 1
1.098836 0.693057 0
0.392785 1.468417 1
1.834844 0.752386 0
0.134371 0.635607 0
1.729234 0.886279 0
1.502671 1.471172 1
0.989156 1.887847 1
1.539140 1.787027 1
1.416264 1.675065 1
0.322985 0.352500 0
0.934483 0.562901 0
1.769892 1.076612 0
1.581511 0.908589 0
1.513786 1.787627 1
1.455217 0.997088 1
1.298129 0.966876 0
1.470116 1.284249 1
1.055654 0.461655 0
0.244732 0.560255 0
1.251330 0.912271 0
0.523573 1.510412 1
1.499608 0.384108 0
0.092638 1.773061 1
0.685329 1.940169 1
0.196770 1.878143 1
0.967009 0.423599 0
0.239389 0.608358 0
1.285116 0.439044 0
0.673694 0.302115 0
1.418202 0.160763 0
0.858308 1.064089 0
0.671275 1.683914 1
0.320806 1.385413 1
0.058391 0.039217 0
1.642903 1.704091 1
1.033801 1.436448 1
0.986360 0.326649 0
1.649827 0.344212 0
1.246881 0.096799 0
1.729809 0.767222 0
0.396159 0.791350 0
0.470562 1.180845 1
0.967612 1.487150 1
1.362929 0.936542 1
0.640661 0.486291 0
1.437621 0.784177 0
1.423399 1.545145 1
0.019090 1.605443 1
0.018702 1.402469 1
1.945694 1.701558 1
0.111295 1.832524 1
0.588458 0.147905 0
1.355237 0.703535 0
0.295250 1.440674 1
1.837265 0.125647 0
1.658184 1.455351 1
1.998132 0.025111 0
0.325676 2.022797 1
0.398549 1.892688 1
0.574832 -0.075609 0
1.074865 1.438050 1
0.337260 1.487392 1
1.556287 1.321311 1
0.638124 0.339419 0
1.271896 0.678929 0
0.927381 0.427785 0
1.222419 0.281801 0
1.720086 2.117807 1
1.572276 1.448433 1
1.086390 0.608315 0
0.871227 1.192897 1
0.783041 1.090236 1
0.195052 1.461364 1
0.958672 1.032190 0
1.780904 1.842965 1
1.547337 1.858912 1
0.125920 1.007893 1
1.187352 1.981661 1
0.075935 0.369592 0
1.751772 1.941212 1
0.374115 1.071724 1
1.403420 1.063420 1
0.411710 1.818889 1
0.916370 -0.048401 0
1.032236 0.578533 0
1.017797 0.788686 0
0.731711 1.200334 1
1.285768 1.153181 1
0.579796 -0.059971 0
0.462537 0.406473 0
1.759940 1.848352 1
1.590769 1.136484 1
1.764205 1.899499 1
0.439956 0.411443 0
1.353023 0.728281 0
0.026758 1.312198 1
1.124795 1.675944 1
0.041246 0.248233 0
0.894988 0.292532 0
1.450057 1.487440 1
0.119979 1.245627 1
1.328317 0.983350 0
1.255202 0.257443 0
0.486802 0.398434 0
0.683692 1.780810 1
0.472992 0.434848 0
0.106601 0.217863 0
1.813198 1.533348 1
0.611061 0.995114 0
0.633987 1.102438 0
0.768120 0.932843 1
0.136672 1.949640 1
1.827252 1.044016 0
1.782767 1.397315 1
0.106646 1.451021 1
0.813886 0.111088 0
1.870264 1.189953 1
1.752982 1.296368 1
0.042164 1.505300 1
0.496005 0.758927 0
1.008363 0.128738 0
1.223835 0.279737 0
0.399810 1.124631 1
0.983418 1.532920 1
1.166769 2.023067 1
0.300056 1.125462 0
1.866789 0.037598 0
0.573967 1.747647 1
1.038228 1.418961 1
1.342887 0.661647 0
0.222865 0.406222 0
0.749292 1.863850 1
0.065633 1.738538 1
1.789111 0.203242 0
0.420997 0.753769 0
0.078065 1.267152 1
0.112656 1.151802 1
0.289445 2.103187 1
1.388639 0.234983 0
0.278943 0.559115 0
1.772539 1.220058 1
1.578581 1.733743 1
1.345605 0.349712 0
1.040970 1.490797 1
1.486323 0.197129 0
0.600413 -0.102627 0
0.544464 0.503600 0
0.713242 0.600875 0
1.522902 0.214733 0
1.252042 0.477391 0
1.901429 1.624167 1
1.364009 2.145069 1
1.003602 0.598522 0
0.452289 0.520912 0
0.831230 0.619505 0
0.939114 1.661924 1
1.588631 0.411502 0
1.498022 0.762947 0
1.557554 1.176420 1
0.558179 0.200100 0
1.989643 0.439748 0
1.655229 1.331922 1
1.506128 1.540084 1
1.929316 1.312588 1
0.743540 -0.180424 0
1.206005 0.851839 0
1.208800 1.330421 1
0.969600 0.133302 0
0.230428 1.094490 1
0.822975 1.712361 1
0.901452 0.684375 0
1.206128 1.429448 1
1.738076 1.012355 0
0.515582 0.549002 0
0.867021 1.368114 1
1.152815 1.809970 1
0.775968 0.240400 0
1.440339 0.967576 0
0.953761 1.203731 1
0.829096 0.026172 0
0.756595 2.037603 1
0.215633 1.254316 1
1.863844 0.725415 0
0.704751 0.329207 0
0.896485 1.762177 1
0.889084 0.331674 0
1.413362 1.633721 1
0.892084 1.620797 1
0.172765 0.356766 0
0.071912 0.932993 1
1.701158 0.172898 0
0.223785 0.165277 0
0.173573 1.201113 0
1.809961 0.084848 0
0.850499 1.027264 1
1.114975 1.896019 1
0.295176 0.906311 0
0.192001 1.251236 1
1.878972 1.645708 1
1.450415 0.839091 0
0.825410 1.985885 1
0.543601 1.534933 1
0.057353 -0.149385 0
1.198029 1.553668 1
1.740200 0.568908 0
1.884102 1.633754 1
0.889019 1.757197 1
1.395268 0.486111 0
1.756885 -0.060341 0
1.002846 1.390694 1
0.072632 0.450144 0
1.201449 0.068549 0
0.761403 0.857530 0
0.604498 1.633311 1
1.769127 0.509774 0
0.787490 1.070074 1
1.371533 1.499364 1
0.156319 1.707432 1
0.597743 1.252132 1
1.497310 0.314875 0
1.354685 0.799195 0
1.053542 0.799868 0
0.194620 2.063985 1
0.897662 0.375699 0
0.687260 1.196423 1
0.419815 0.449847 0
1.673098 1.975233 1
1.674096 0.480583 0
0.762332 1.788588 1
0.941397 1.107184 1
0.383891 0.544175 0
0.291114 0.632112 0
1.772905 1.683546 1
1.083603 0.661497 0
0.420235 1.609638 1
0.392561 0.085848 0
0.329969 1.731216 1
1.371019 1.239222 1
1.845958 1.367966 1
1.811847 1.580068 1
1.136671 1.353080 1
0.584363 0.087754 0
0.248922 0.021906 0
0.253535 1.064777 1
1.852564 0.943668 0
1.431802 0.555526 0
0.288769 0.327417 0
0.054987 0.011987 0
0.891875 1.643947 1
1.876480 0.361917 0
0.727936 0.977933 1
0.974832 0.193558 0
1.224553 0.466443 0
0.860273 1.560685 1
1.425587 1.547596 1
1.874254 2.057478 1
1.527346 1.231084 1
0.681436 1.831889 1
1.794369 0.365174 0
1.102708 1.483580 1
1.509188 0.862734 0
0.120756 0.156197 0
0.418429 0.799429 0
1.661795 0.626401 0
0.980012 1.982337 1
0.113407 0.498886 0
0.776762 0.454559 0
1.906343 0.308736 0
1.976386 1.489925 1
1.721103 1.030095 0
1.578099 0.624999 0
1.784100 1.936595 1
1.950029 1.120792 1
1.278175 0.320054 0
1.087800 1.015004 0
1.913826 0.606574 0
1.083970 0.366491 0
0.167609 0.543667 0
1.236032 0.085967 0
0.401761 1.732431 1
1.420511 1.956446 1
1.468080 0.772346 0
1.118306 1.463984 1
1.600147 0.339240 0
0.943738 0.168426 0
1.134021 1.953543 1
0.110295 0.757453 0
1.536243 1.388968 1
1.919532 0.687077 0
0.921748 1.810149 1
0.331966 0.426578 0
1.229207 1.959255 1
0.445624 0.785342 0
1.449671 1.679638 1
1.079998 1.903406 1
1.130212 1.345362 1
1.878644 0.165934 0
1.883418 0.621290 0
0.970222 0.473775 0
0.939864 0.184968 0
1.360369 1.104465 0
0.150593 0.222713 0
0.238588 0.049730 0
1.250798 0.430583 0
1.028888 1.818548 1
0.154938 0.594569 0
0.332180 0.949150 0
1.391898 0.746718 0
1.739424 1.282809 1
0.452269 1.664939 1
0.982343 0.708351 0
1.898526 0.686658 0
0.975907 1.702098 1
0.329326 0.236363 0
0.075541 0.410530 0
0.058109 0.471009 0
1.295396 2.068900 1
1.179548 1.681843 1
0.672533 1.035590 0
0.787322 1.771306 1
0.889708 1.791301 1
1.549154 1.364548 1
0.232261 0.784657 0
0.009230 1.130550 1
0.801727 1.837798 1
0.476455 1.456933 1
0.277437 0.833841 0
0.739764 0.697480 0
1.658822 -0.073765 0
1.539675 0.939157 0
0.088761 0.166983 0
1.645197 1.203143 1
1.382829 0.540450 0
1.451734 0.514741 0
0.784073 0.242012 0
0.119071 0.254758 0
0.690166 1.954758 1
1.187355 0.672626 0
1.856302 2.039702 1
1.398132 0.338355 0
0.414037 1.648352 1
1.496075 0.928617 0
0.473512 0.747592 0
1.486081 0.732193 0
1.059785 0.527637 0
1.349702 1.745041 1
1.202345 1.123680 0
0.829021 0.488862 0
0.398989 1.942502 1
0.447542 0.433994 0
0.359245 0.273661 0
0.209044 0.644374 0
0.040165 1.346576 1
0.101788 1.022285 0
1.155732 1.413247 1
0.059733 0.857316 0
1.128166 0.560923 0
0.383875 1.275136 1
1.970312 0.187740 0
1.428714 0.939636 1
1.864607 0.408211 0
0.531935 0.152642 0
1.930267 0.911947 1
0.264916 1.659388 1
0.861729 1.404576 1
0.298647 0.700397 0
1.913314 0.837007 1
1.948035 0.927580 1
1.309925 1.998911 1
0.658796 1.095941 0
0.805667 0.903721 0
1.027516 0.248026 0
1.933560 0.580505 0
1.292561 0.902652 0
1.197701 0.864775 0
1.176153 1.118070 1
1.554097 1.109683 1
1.382387 0.146331 0
1.928381 -0.046002 0
0.223094 0.918250 0
0.594298 0.285297 0
0.004142 1.484075 1
1.557719 0.460301 0
0.927171 0.230992 0
0.785928 0.550148 0
0.763579 1.813793 1
0.015305 0.052375 0
0.122487 1.178643 1
1.102393 1.746309 1
1.088110 0.937847 1
0.947763 1.135338 1
0.870625 1.248409 1
0.666327 0.736695 0
1.210359 1.127879 1
1.556423 0.321502 0
0.009458 0.318191 0
0.496163 1.532572 1
0.688426 0.981074 0
1.129566 1.096490 1
1.370039 0.911003 0
1.329142 1.879462 1
1.741813 1.202272 1
1.914855 1.504853 1
1.196578 0.604302 0
1.928952 1.463704 1
0.837887 0.176808 0
1.224137 0.724214 0
0.629152 0.970190 1
0.346106 0.522545 0
1.686429 1.406490 1
1.824184 0.865483 0
0.349833 0.461232 0
0.448006 0.765448 0
0.182264 0.579013 0
1.802034 1.058760 1
1.136967 0.774055 0
0.332479 1.458065 1
0.541704 1.389156 1
1.339787 1.768640 1
0.702552 0.144584 0
0.816222 0.731997 0
1.238956 -0.176567 0
1.386885 1.393888 1
1.878309 1.770335 1
0.882409 1.033252 1
1.913595 0.597558 0
1.044548 0.410805 0
1.630837 1.653665 1
1.803481 1.031987 1
1.932359 0.641411 0
1.665740 0.847102 0
1.892627 1.155673 1
1.254170 1.938825 1
1.605743 0.501294 0
0.862804 0.487980 0
1.204768 1.077691 1
1.601185 1.301832 1
1.010352 0.277760 0
1.755442 2.101540 1
0.077101 1.274637 1
0.028918 1.332664 1
1.175130 0.421186 0
0.015511 0.861623 0
1.722688 1.836719 1
1.840281 0.837115 0
0.684429 1.024705 0
0.865181 0.709859 0
1.011218 1.308856 1
0.482297 1.782929 1
0.504750 0.177772 0
0.578918 0.517709 0
0.160425 0.587690 0
0.078186 1.732433 1
0.534232 0.676421 0
1.189613 0.785601 0
1.497177 1.423534 1
1.074633 0.292049 0
1.358780 1.460292 1
0.319348 1.002480 1
0.229656 1.870958 1
0.201715 0.099951 0
1.221322 1.008904 1
0.481801 0.461313 0
1.195016 -0.143371 0
1.651804 2.004067 1
1.213453 0.363502 0
1.515586 1.544581 1
0.430325 1.979127 1
1.544959 1.812523 1
0.591221 1.830877 1
0.235042 0.407312 0
1.960362 1.504953 1
1.188249 2.036988 1
1.128070 0.260834 0
1.783147 2.100935 1
0.338292 0.100204 0
0.874792 2.048966 1
0.209616 0.600578 0
0.572987 0.608943 0
1.216665 0.722970 0
1.405103 1.463049 1
1.762418 1.419032 1
1.387847 2.016805 1
0.365697 0.917107 0
1.102806 1.059102 0
0.246509 0.009406 0
1.992011 0.762092 0
1.581440 1.605945 1
1.926149 1.440454 1
1.913572 0.509531 0
1.692439 1.230180 1
0.454295 1.175347 0
1.906178 0.719341 0
0.754543 0.785919 0
1.938395 1.506148 1
1.811137 0.598796 0
1.145733 1.389137 1
0.092133 1.875038 1
0.674236 1.062180 0
1.225730 0.878685 0
0.257205 0.510066 0
1.935344 1.486227 1
0.157766 0.059935 0
1.541615 1.454849 1
0.219607 1.087276 0
0.831756 0.784139 0
1.640163 0.698646 0
0.067832 1.234361 1
0.984338 1.754480 1
1.340865 0.656258 0
1.555820 2.045228 1
0.709990 0.398313 0
0.764070 1.627659 1
0.269466 1.598110 1
0.353726 0.869601 0
0.152206 1.706770 1
1.817026 1.258843 1
0.123674 1.078320 1
0.236708 0.711096 0
0.226347 0.506242 0
0.114740 1.517034 1
0.352909 0.669434 0
0.780463 2.012575 1
0.494159 1.029021 1
0.462224 0.513160 0
1.505061 0.413259 0
1.790463 1.464320 1
0.806234 0.559110 0
0.428730 1.331890 1
0.350143 0.455026 0
0.763646 0.766330 0
1.486941 1.352685 1
1.610160 1.456763 1
1.854849 0.368107 0
1.832898 2.029063 1
0.321002 0.782745 0
0.738246 0.395220 0
1.046156 1.103166 1
1.738181 1.467680 1
0.537261 2.019568 1
1.820495 0.454619 0
0.555107 1.928578 1
1.859989 1.350670 1
1.515309 1.582415 1
0.286231 1.641954 1
0.027348 0.427821 0
0.247202 0.992016 1
1.848140 0.615268 0
1.150540 1.609055 1
1.483044 1.783971 1
1.523446 0.288768 0
0.067574 0.796671 0
0.725703 1.801542 1
1.421668 0.770026 0
1.611336 0.224975 0
0.890599 0.912327 1
1.049444 0.430056 0
1.455286 1.101034 0
0.112546 1.013351 1
1.179906 1.507734 1
0.255605 1.938242 1
1.883000 0.137078 0
0.015926 1.233625 1
0.869719 0.697118 0
1.061888 1.588388 1
1.645597 0.077648 0
0.397526 0.489235 0
0.343473 0.553309 0
0.692212 0.301195 0
1.083920 1.110785 1
1.704976 1.175636 1
0.923921 0.334452 0
1.838277 1.842580 1
1.912584 1.801615 1
1.250549 0.452244 0
1.322918 1.835841 1
1.748821 1.437323 1
1.083627 1.978613 1
0.777627 0.553280 0
1.652400 1.489641 1
0.834562 0.547563 0
0.698647 1.599639 1
0.585910 1.533286 1
1.403499 1.472348 1
0.288371 1.203101 1
0.759772 0.242181 0
0.076172 0.992065 1
0.302282 2.013372 1
1.907066 0.420323 0
1.053451 1.326184 1
0.367137 -0.160474 0
0.445041 -0.108565 0
1.439655 1.424657 1
0.588683 0.378035 0
0.496855 0.837311 0
1.484154 1.300462 1
0.880901 0.391063 0
0.757567 1.322165 1
1.605127 1.519506 1
0.731131 0.315754 0
1.232944 2.140560 1
1.756402 -0.039358 0
0.488347 0.832348 0
1.954442 1.143976 1
1.081362 1.850538 1
0.516562 1.687611 1
1.793515 1.865498 1
1.770393 0.756588 0
0.420792 0.883884 0
0.329391 2.013414 1
1.845261 1.668291 1
0.938357 -0.110258 0
1.398495 1.228348 1
0.864237 1.384385 1
0.984798 1.207529 1
0.181127 2.013401 1
1.428817 1.969708 1
0.905517 1.942996 1
0.171764 1.205378 1
0.619532 1.242588 1
0.935782 0.877811 1
1.740824 0.330182 0
0.891974 1.717848 1
0.408203 -0.165453 0
0.862296 0.869184 1
1.240305 0.345614 0
1.320332 0.362071 0
1.184875 1.719424 1
0.118366 1.142797 1
0.788793 1.290620 1
1.718552 1.939613 1
0.000900 0.860117 0
1.847276 1.686071 1
1.322335 0.045287 0
0.340944 1.859260 1
0.695709 1.137071 1
0.954519 1.588787 1
1.615109 0.368456 0
0.065241 0.653891 0
1.078745 1.632875 1
1.955862 1.341231 1
1.287280 1.090207 1
0.278116 0.242524 0
0.952033 0.282661 0
0.953889 1.970288 1
0.403837 1.103130 1
1.996284 0.637749 0
0.314400 0.231855 0
0.819043 1.354460 1
0.955153 1.359180 1
1.184580 0.184356 0
0.978812 -0.020487 0
1.342147 1.170508 1
0.331463 1.551866 1
0.551910 0.081260 0
1.350371 0.401619 0
1.462167 1.277899 1
0.939253 -0.016246 0
1.411464 1.291227 1
1.965721 1.161521 1
1.431808 1.840360 1
0.390772 1.179230 1
1.876274 1.572557 1
1.470890 1.005382 0
1.239371 0.149019 0
0.631679 0.544032 0
1.009075 0.374830 0
1.759778 0.544174 0
0.789332 0.424390 0
0.109570 1.299421 1
1.247620 -0.032495 0
0.783165 0.879079 1
0.579566 1.020992 1
1.199983 1.477944 1
0.529880 0.420647 0
0.432605 0.602996 0
0.430116 0.904952 0
1.040935 1.195421 1
0.629751 0.607466 0
1.705668 0.248672 0
0.618776 0.572903 0
0.083886 1.371271 1
1.116913 0.566294 0
0.062666 0.858439 0
0.554457 0.020955 0
0.310895 0.444157 0
1.395147 1.815205 1
1.545657 1.180220 1
1.665624 1.148523 0
1.669076 1.416620 1
0.100626 1.056618 1
1.052518 1.450096 1
0.264177 0.095423 0
0.370199 0.677378 0
0.627121 0.805790 0
1.284421 0.354245 0
1.347290 0.713515 0
0.002421 1.450117 1
1.865142 -0.002742 0
0.735512 0.865818 0
1.286433 1.804293 1
0.722318 1.317177 1
1.370306 1.070179 1
0.969022 1.041826 0
0.908663 1.161898 1
1.644177 1.763839 1
0.295278 -0.153008 0
0.508014 0.133483 0
0.954935 0.227520 0
1.816627 1.669849 1
1.281557 1.103260 1
1.303416 0.220115 0
0.783867 0.762748 0
1.172560 1.509548 1
0.400112 1.234970 1
1.196533 1.153889 1
0.810446 1.780591 1
0.536760 0.308182 0
1.398379 1.004793 0
1.744931 0.505594 0
0.276180 2.003585 1
1.412930 0.174742 0
0.021435 1.336582 1
1.478314 1.513675 1
0.871837 1.791698 1
1.159636 1.476411 1
0.811105 0.115072 0
0.971956 1.451776 1
0.412947 0.952867 0
1.741688 0.435500 0
0.104446 1.500841 1
1.862122 1.150933 1
0.155071 0.516472 0
1.799057 1.442751 1
1.836904 1.770888 1
0.292029 1.806093 1
0.462432 0.943736 0
0.483335 1.795105 1
1.986077 1.770118 1
0.700223 1.425200 1
1.577509 1.483199 1
1.085376 1.468253 1
1.187124 0.644894 0
1.478323 1.081894 0
1.597792 1.013608 0
1.433565 1.614294 1
1.835776 1.025995 1
0.373545 1.228202 1
1.348885 0.581774 0
0.861930 1.097590 0
1.164172 0.734199 0
1.000451 0.587895 0
0.099218 0.686698 0
1.940428 -0.040300 0
0.216339 0.679293 0
0.094458 1.536882 1
1.079559 1.514195 1
0.450827 -0.072849 0
0.105897 0.079271 0
0.553800 0.246192 0
1.335197 1.011315 0
0.521851 1.515284 1
1.326090 2.073498 1
0.029715 1.073281 1
0.223075 0.971029 0
0.431568 1.008734 1
1.796244 0.441468 0
0.719110 2.073758 1
1.140517 1.030513 1
1.329659 0.212624 0
1.257826 0.495900 0
0.608847 1.220220 1
0.659850 0.303871 0
1.932575 0.624067 0
0.198437 1.855225 1
1.403400 0.263483 0
0.567326 1.896793 1
1.798972 -0.116318 0
1.545757 1.474192 1
1.124338 1.615379 1
0.523016 0.673532 0
1.026625 0.318204 0
1.527087 0.654014 0
1.432481 1.672765 1
0.072917 1.054330 0
1.600601 1.246966 1
1.596017 0.960775 1
1.560970 1.702322 1
1.530893 1.016754 0
1.306268 0.692218 0
1.307047 -0.156531 0
0.348973 0.553749 0
1.646514 1.886527 1
0.713522 0.878207 0
0.428148 1.767428 1
