0.731412 0.836143 1
0.354979 1.147411 1
1.431390 2.093176 1
0.763079 0.683772 0
0.155112 0.841506 1
1.303050 0.056691 0
1.569664 0.797840 0
0.139444 -0.231053 0
1.286225 0.778280 0
1.876515 1.308313 1
1.057881 1.270139 1
1.955844 0.215570 0
0.307801 1.629046 1
1.337372 1.959941 1
0.646416 1.887127 1
1.558997 0.662847 0
0.985800 0.682697 0
0.409408 2.461775 1
0.486951 0.555785 0
1.331028 1.229574 1
0.028688 0.351023 0
1.380118 0.415116 0
1.812751 0.629485 0
0.110445 1.886005 1
0.230152 0.642506 0
0.206763 1.337118 0
0.761944 0.310240 0
1.506701 1.572488 1
0.403413 0.394459 0
1.717543 1.139129 0
1.766496 2.203715 1
1.961050 0.487971 0
0.252142 0.325871 0
0.273473 0.722861 0
1.009559 1.986633 1
1.874627 0.447587 0
0.665356 1.036036 1
0.492664 1.729280 1
1.648743 0.656692 0
0.221992 0.314817 0
0.734813 0.600964 0
1.874369 1.610104 1
0.717518 0.592796 0
1.473820 1.224433 1
1.783229 1.241358 1
0.961208 2.271722 1
0.366839 0.670264 0
1.485706 1.517154 1
0.185654 0.995831 0
1.334069 1.540756 1
1.125008 1.836326 1
1.524075 1.366769 1
0.771517 2.045092 1
0.838619 0.772954 1
0.426894 1.406300 1
1.132207 1.337115 1
0.957468 1.315031 1
1.143420 0.412075 0
1.007299 1.774379 1
0.159749 1.432717 1
1.773269 -0.183432 0
0.857336 1.941917 1
1.685112 0.270632 0
1.294739 0.184056 0
0.230832 1.419819 1
1.415318 0.583372 0
0.653840 0.524371 0
1.198568 1.183838 1
0.521918 0.324650 0
0.660951 1.781731 1
1.651417 0.362767 0
1.252215 1.388656 0
0.922184 0.856484 1
1.606867 1.440891 1
1.063892 0.319848 0
0.799184 0.539793 0
1.988499 1.159569 1
1.657584 1.325262 1
0.451472 1.774895 1
0.184944 1.015556 1
1.097946 1.537553 1
1.072578 0.184785 0
1.944908 1.480455 1
1.970802 0.590426 0
0.210827 1.337401 1
0.108502 1.278754 1
1.878422 2.122198 1
1.964657 1.024406 1
0.079754 1.771455 1
0.398477 0.303160 0
0.963056 2.068240 1
0.762536 0.146379 0
1.416130 0.279618 0
0.377148 1.044410 1
0.080063 0.564583 0
0.263485 0.144927 0
0.742472 0.939504 0
0.650556 1.964271 1
1.333599 1.535229 1
0.870196 1.594231 1
1.954637 1.506974 1
0.487338 1.140182 1
0.940429 0.751858 1
1.319770 1.881163 1
0.579908 0.231134 0
0.018633 1.275935 0
0.290659 0.941577 0
1.797253 1.115544 1
0.751068 1.034318 1
1.977341 1.718196 1
0.760101 0.880675 0
0.302588 0.971310 1
0.642422 0.952711 1
0.017344 0.501238 0
0.638670 0.779567 1
1.922770 0.243120 0
0.998828 2.045814 1
1.928468 1.773167 1
1.297689 0.451446 0
0.502424 0.027196 0
1.070160 1.105416 1
1.904652 0.891839 0
0.332453 1.640346 1
1.962160 1.976485 1
1.044567 1.172115 1
1.775232 0.610974 0
1.398542 0.913434 0
1.334331 0.833379 1
1.883853 0.512971 0
1.529370 0.834649 0
0.522014 1.814106 1
0.497160 1.055461 0
1.188317 1.478546 1
1.230547 1.542425 1
1.377360 0.179873 0
0.114500 -0.033631 0
1.056292 0.131432 0
0.982402 1.466041 1
1.367258 -0.029764 0
1.080823 0.730770 0
0.628647 1.714500 1
0.419791 1.288947 1
1.800864 0.057971 0
1.179539 0.563262 0
0.429672 0.686166 0
1.153859 1.235387 0
0.749635 1.986333 1
0.305211 0.816877 1
1.710627 0.293907 0
0.100248 0.313162 0
0.965232 0.420688 0
0.053609 1.667324 1
1.799636 1.032421 1
0.107916 1.719238 1
0.794709 1.872733 1
0.685019 0.223013 0
1.189319 -0.075825 0
1.000888 2.056797 1
1.321093 1.719504 1
0.647467 0.117725 0
1.217844 1.428732 1
0.947644 1.748325 1
0.898925 1.257976 1
0.689428 1.915249 1
1.678794 0.440491 0
0.768069 0.145070 0
1.352111 1.544757 1
1.771038 0.137859 0
1.043104 1.603088 1
1.147230 0.657058 0
0.026070 1.701460 1
1.634578 2.000763 1
1.049454 1.330913 1
1.572818 1.923077 1
1.884565 0.839879 1
0.055646 0.263924 0
0.855127 -0.008230 0
1.519150 0.772086 1
1.658727 0.453984 0
1.641177 1.392310 1
1.612049 1.271579 1
0.403251 0.902949 1
0.631075 1.652090 1
1.243907 0.748960 0
0.416171 1.023100 0
0.682443 -0.099374 0
1.780392 1.188040 0
0.148980 1.827088 1
0.038079 1.176648 0
1.887006 0.846583 0
1.446418 1.695052 1
0.204011 1.135101 1
1.670458 0.714396 0
1.076857 0.763324 0
0.959031 1.537321 1
1.781788 1.252207 1
0.656235 -0.206719 0
1.419074 -0.071035 0
1.350729 1.057630 1
0.065814 0.306569 0
0.718558 0.580779 0
1.964234 1.353926 1
0.932565 0.662184 1
1.222361 1.376356 0
0.190335 1.235755 1
0.662241 0.638115 0
0.839253 1.306831 1
1.396171 0.895553 0
1.690035 0.624718 0
1.286278 0.893170 0
1.948666 1.422031 1
1.430996 2.107824 1
1.986995 1.562785 1
1.867542 1.616530 1
1.879936 0.122359 0
0.486990 0.328716 0
1.321113 1.252525 0
1.128736 1.024919 0
1.961567 1.966355 1
1.895900 0.788149 1
0.856283 1.013335 0
1.917973 1.442234 1
0.607848 0.219395 0
1.798582 0.428617 0
0.805485 1.090576 0
0.969635 1.576115 1
1.060891 0.401268 0
0.537674 1.997769 1
1.135292 2.083287 1
0.644909 2.068257 1
0.521816 0.476458 0
1.792828 0.721709 0
0.833938 0.541944 0
0.234638 0.451372 0
0.964469 0.072308 0
0.417480 1.192530 0
1.119415 1.925762 1
0.769370 1.493080 1
1.610296 -0.076364 0
0.084306 1.733209 1
1.481984 1.305439 1
0.540440 0.178555 0
1.197941 0.110148 0
0.794541 -0.126242 0
1.286339 0.845939 0
1.952776 0.751841 0
0.907995 1.274994 1
1.418075 1.671579 1
1.814394 0.719606 1
0.193407 0.455631 0
0.995198 0.581786 0
1.872571 1.677196 1
0.462970 1.501936 1
0.463098 1.520382 1
0.387872 1.884467 1
0.562872 1.838880 1
0.133107 0.071076 0
0.906696 0.543797 0
0.753482 1.574352 1
1.391307 0.069016 0
0.105805 1.282971 1
1.565506 -0.052313 0
0.767789 2.089387 1
0.844604 1.961407 1
0.139442 -0.196485 0
1.521608 1.579561 1
0.786022 1.310697 1
1.994535 1.556538 1
0.198794 0.241557 0
0.822534 0.674337 0
0.484078 0.664920 0
0.778270 0.258943 0
0.195986 2.234746 1
0.015436 1.670504 1
0.642477 0.636726 0
1.321329 1.296037 1
1.228355 1.084509 1
0.638745 1.595657 1
0.518139 1.188079 0
0.226806 1.703683 1
1.987664 1.891118 1
0.567502 1.006612 1
1.627480 2.194911 1
1.632672 0.231505 0
0.195826 1.999605 1
0.824204 0.848820 1
1.846239 1.034297 1
0.856907 1.632524 1
0.491440 -0.202799 0
0.592785 0.483556 0
0.580164 0.752340 0
1.175336 1.030555 1
1.734026 1.299396 1
0.134746 -0.139357 0
0.017928 0.566503 0
0.211079 1.923011 1
0.030753 1.254087 1
0.208495 1.883321 1
0.002106 0.612595 0
0.908082 0.531103 0
0.468566 1.087087 1
1.575753 1.466180 1
1.603749 0.065806 0
0.458018 0.353822 0
1.894247 1.602160 1
0.560602 1.144227 1
0.884397 1.224125 0
0.807229 0.095930 0
0.039128 0.438250 0
1.134231 1.639066 1
0.025843 0.251857 0
1.664563 0.350534 0
0.260417 1.290109 1
0.175693 1.151790 0
0.194015 1.221510 0
1.214859 0.733509 1
0.592855 2.116571 1
1.377466 1.111232 0
0.224134 1.275604 1
0.543096 1.316727 1
0.365309 0.120010 0
0.314899 0.953828 1
0.198295 1.499175 1
0.488586 1.408426 1
0.042267 0.540563 0
0.548646 0.270402 0
0.781048 0.107362 0
0.836732 0.891819 1
1.432255 1.678691 1
1.625025 2.084107 1
1.853190 1.309924 0
1.417046 -0.141321 0
1.010357 1.652694 1
1.484142 1.198927 1
0.906849 0.854829 0
1.778422 0.268461 0
1.194878 2.042121 1
0.513480 1.786158 1
1.341335 0.046912 0
1.975411 0.603197 0
0.520400 1.288424 1
0.557895 1.264678 1
0.735545 2.259231 1
0.944322 0.171046 0
1.833616 0.792203 0
0.212997 0.994147 1
0.018404 1.849918 1
0.895654 0.456950 0
1.487432 1.694721 1
1.035498 0.346334 0
0.134546 -0.206223 0
0.092811 0.705909 0
0.269691 0.717281 0
1.073310 -0.001753 0
0.804902 0.494514 0
0.341031 1.539034 1
1.790830 2.296569 1
0.559968 0.748123 0
0.008337 0.292219 0
0.385129 0.428225 0
1.381786 1.519096 1
1.142173 0.584501 0
1.051493 0.627171 0
1.997819 1.236845 1
0.110756 0.380533 0
1.552372 0.338439 0
0.105611 1.556346 1
1.953024 1.499474 1
0.383741 1.136088 1
0.298049 -0.413963 0
0.761253 1.047648 0
1.640038 1.112810 1
0.521941 0.230587 0
0.678307 1.191913 1
1.271770 1.787609 1
0.446669 0.851561 0
1.637887 1.358037 1
1.290930 1.080702 0
0.067202 0.313884 0
1.308980 1.552963 1
1.592968 1.753844 1
0.327295 0.477301 0
0.996164 1.068716 0
1.393831 1.198493 1
0.384423 -0.012638 0
1.203688 2.205841 1
0.652746 1.287373 1
1.420821 0.628453 0
0.255656 0.505843 0
1.336299 1.976062 1
0.453143 0.226910 0
1.865715 1.512849 1
1.337007 1.797905 1
1.728340 0.332325 0
0.519355 0.705796 1
1.264546 0.232860 0
1.779572 -0.023762 0
1.729535 1.427097 0
1.369645 0.006472 0
1.298461 1.022899 1
1.561646 1.945925 1
1.852310 0.857176 0
0.634297 1.410556 1
0.322931 1.688012 1
1.007665 1.057422 0
1.265132 2.099750 1
0.984614 1.518694 1
1.604049 -0.360003 0
1.632356 1.366330 1
1.298564 0.715630 0
0.325161 1.712555 1
1.336616 1.968313 1
0.953569 0.493435 0
1.317407 -0.275397 0
1.452588 1.349470 1
1.630591 0.293896 0
0.766243 -0.142958 0
0.312826 1.005554 0
1.041227 1.456418 1
1.323005 0.670364 0
1.231080 0.995487 1
1.827811 1.677262 1
0.605346 1.514370 1
1.047951 1.395076 1
1.051605 0.495568 0
0.912824 0.817732 0
0.605279 0.686597 0
0.649850 2.155099 1
0.451721 0.194164 0
1.134304 1.189313 1
1.974905 0.439083 0
0.118366 2.058493 1
1.227326 0.487328 0
1.209611 1.783763 1
1.383883 1.143907 1
1.939269 0.379503 0
1.846860 0.837680 0
0.229884 1.756474 1
0.640592 0.787129 0
0.869457 1.787513 1
1.939450 0.094147 0
0.774550 1.793981 1
1.815028 1.272862 1
0.290964 1.460549 1
0.263314 1.412104 1
1.583111 1.119482 1
0.129024 0.091733 0
1.797747 -0.096072 0
0.695665 1.120151 1
1.405141 1.163736 0
0.983406 0.423829 0
1.846174 0.568773 0
1.606124 -0.107897 0
1.338107 1.720486 1
1.424544 0.191228 0
1.178359 0.818160 1
0.527903 0.173529 0
0.776791 0.250811 0
1.320659 1.746576 1
1.874571 1.346857 1
0.292382 2.112670 1
1.973223 1.273289 1
1.134050 1.694293 1
1.351050 0.247033 0
1.545857 1.369535 1
1.061062 0.975551 0
1.670876 0.214885 0
1.974485 0.881650 0
1.213897 0.813299 0
1.416998 2.053011 1
1.667747 0.428894 0
0.336887 0.319899 0
1.450868 0.410476 0
0.416146 1.645454 1
1.278846 1.081004 0
1.131417 0.670538 0
0.226575 2.135581 1
0.393604 1.023387 1
0.831893 0.343244 0
0.643462 1.258094 0
1.469418 0.378531 0
0.633886 0.203685 0
1.722250 0.722186 0
0.792730 0.079567 0
0.849815 1.530171 1
1.867690 1.994187 1
1.025008 0.721977 0
1.564659 1.620371 1
1.155301 0.099350 0
0.504532 0.244374 0
1.581495 1.995276 1
1.659060 0.678381 0
1.980988 1.144105 1
1.470351 0.576185 0
1.359300 1.980206 1
1.886456 0.460843 0
1.672741 1.924539 1
1.996866 0.730497 0
1.890940 1.596535 1
1.535670 1.901727 1
1.582848 1.487989 1
1.428030 0.019780 0
1.440063 0.608535 0
0.529480 0.267885 0
0.500949 0.081006 0
0.916644 1.345610 0
1.698117 0.231788 0
1.792809 0.085302 0
0.805347 0.660694 0
1.474567 1.834650 1
1.710751 0.583219 0
1.889721 1.074578 0
0.945550 0.714632 0
0.186743 1.082715 1
0.896065 1.832155 1
0.531233 0.694653 0
1.454093 0.532698 0
1.416074 1.567248 1
1.880269 0.159618 0
1.632385 0.270118 0
1.622405 0.255772 0
1.751941 2.222020 1
1.610675 1.525391 1
0.225778 1.135099 0
1.233564 1.666264 1
1.335635 1.946881 1
1.991525 1.124544 1
1.792353 1.002299 0
0.453167 1.232547 1
1.245281 1.829211 1
0.922355 1.246649 1
1.840136 0.904918 0
0.296759 0.521584 0
1.223598 -0.299320 0
1.093493 1.062973 0
1.654355 0.132254 0
0.088913 1.359842 1
0.938047 0.537813 0
1.003017 0.748411 0
0.332393 0.026892 0
1.673371 0.103890 0
1.137460 1.997171 1
0.742211 0.761607 0
0.285729 2.249461 1
0.953609 0.145108 0
0.863012 1.482085 1
1.052709 1.152315 0
0.025736 0.840147 0
1.043375 0.708951 0
0.616030 0.523821 0
1.800084 1.903570 1
0.756462 1.284729 0
0.384340 0.417930 0
0.842703 2.070774 1
0.004633 0.295811 0
1.909399 0.459079 0
1.766488 0.468144 0
0.482861 1.484198 1
1.654332 1.151415 0
1.597796 1.563828 1
1.612060 1.082397 0
0.679953 0.738242 0
0.826204 1.048014 1
1.522460 0.213009 0
1.876136 0.809362 1
1.418307 0.186745 0
0.087877 0.027481 0
0.375473 0.798527 1
0.710220 1.473461 1
1.313065 1.392960 1
1.851738 0.710845 0
0.360670 0.626866 1
0.389314 0.733550 1
1.757450 2.118841 1
0.214377 1.302355 0
0.354860 1.085323 0
0.577715 0.250841 0
1.483177 0.606531 0
0.845945 1.080331 0
0.751959 0.798526 0
1.626737 1.060095 1
0.000389 1.110375 1
0.935336 -0.085865 0
1.482854 -0.170214 0
1.781730 1.028707 0
0.147019 0.305295 0
0.449274 1.344452 1
1.112973 0.281907 0
0.490908 0.456219 0
0.346623 0.312007 0
1.208605 1.857129 1
1.575195 0.066881 0
0.565547 1.043728 1
1.552032 1.546461 1
1.530528 0.860662 1
1.391794 1.013920 1
1.316161 1.439936 1
0.219250 0.825973 0
1.652714 1.085483 1
1.109733 0.410282 0
1.572774 0.128590 0
0.947862 1.697263 1
0.237800 1.065762 0
1.580177 0.899542 1
0.922238 1.098511 0
1.773841 1.829037 1
0.187076 1.140627 1
0.360071 1.291621 1
0.748715 0.477967 0
0.378765 1.355001 1
0.389889 -0.010929 0
0.775530 0.612131 0
1.069740 0.845613 1
1.900112 0.600829 0
0.130325 1.478552 1
1.384969 1.086675 0
1.902798 0.295492 0
0.003173 0.994103 0
1.735679 0.641130 0
0.248897 0.941503 1
0.701986 0.878821 0
0.774324 1.516276 1
0.980586 1.339292 1
1.789157 1.817344 1
0.263186 0.244274 0
0.371451 0.767551 0
0.792662 -0.394538 0
1.841250 1.284904 1
0.322040 1.874733 1
1.324062 0.985274 1
1.469505 0.408634 0
0.594821 0.503372 0
0.075489 1.843019 1
0.251354 0.920868 1
1.484650 0.754906 0
1.227289 0.712712 0
0.339327 1.078700 1
1.692848 1.881483 1
1.157254 0.564997 0
0.418300 0.698374 0
1.647804 0.857497 1
0.042986 1.104927 1
0.563227 0.148732 0
0.205225 2.223099 1
0.521313 1.466306 1
0.475682 1.440923 1
0.739460 0.549015 0
1.572119 0.916333 0
0.168731 2.028525 1
1.397123 0.890770 0
0.233686 1.157693 0
0.415856 0.750814 0
1.458739 1.108134 1
0.929373 1.556246 1
0.066619 0.135749 0
0.135959 0.496051 0
1.716722 0.656742 0
0.524326 1.705165 1
0.086129 0.900876 0
0.744010 0.895208 0
1.943837 1.617504 1
0.627641 0.101733 0
1.822700 1.493592 1
0.761742 0.981996 1
0.666751 1.967368 1
1.760970 -0.017749 0
1.663612 0.796120 1
0.034968 0.703378 0
0.780215 -0.390295 0
0.105072 2.087748 1
0.776370 0.451095 0
1.959415 1.776965 1
0.865793 2.146641 1
1.984552 1.848392 1
1.027727 1.871430 1
1.788060 0.468871 0
0.406429 1.676095 1
1.631057 2.103181 1
0.683477 0.411560 0
0.218075 2.256881 1
1.892526 -0.039167 0
1.313059 2.198040 1
1.765309 0.779636 0
0.129353 0.818424 0
0.769305 0.660531 0
1.851251 1.681407 1
0.208376 1.361555 1
1.829431 2.070837 1
1.921883 0.976642 0
0.658471 1.144909 0
1.796304 -0.191580 0
1.551627 0.609600 0
0.023197 1.489455 1
0.375571 1.645892 1
1.466928 0.514184 0
0.141172 1.041404 1
0.010419 1.400624 0
1.457108 0.512555 0
0.315899 0.928674 0
0.384188 1.537288 1
1.364166 0.835593 0
1.592852 1.500732 1
0.549527 2.071982 1
0.225211 1.169929 0
0.779696 0.996802 0
1.810013 0.279919 0
0.383159 1.454892 1
1.715074 -0.048816 0
1.985559 1.370930 1
1.775199 1.212977 0
0.378108 0.872906 0
1.184586 0.580154 0
0.513412 1.289534 1
1.424050 1.918857 1
0.897321 0.457681 0
0.011768 2.120577 1
0.268954 0.426193 0
1.198427 1.517187 1
0.714784 1.560841 1
1.909669 0.946350 0
0.602333 1.600255 1
0.257664 1.482363 1
0.566942 0.856817 1
1.793224 0.851624 0
1.782260 0.435536 0
0.546302 1.382573 1
1.904768 0.892971 0
1.222012 2.172727 1
0.932484 0.896096 1
0.018038 0.649664 0
1.063242 0.193589 0
0.227645 1.486696 1
0.363476 0.368841 0
0.871936 1.102999 1
1.904695 0.285105 0
0.323708 0.888978 0
1.933644 1.558122 1
0.052454 1.498452 1
1.412711 0.135126 0
0.278219 2.072147 1
1.878314 0.604490 0
0.285936 0.415436 0
1.495766 1.191217 1
0.187691 1.516760 1
0.987834 2.126573 1
1.368258 0.452164 0
0.998515 1.909366 1
0.302138 1.487682 1
1.959570 1.478324 1
0.725636 1.561347 1
1.590043 0.656112 0
0.692398 0.804167 1
1.411069 0.567892 0
1.589089 1.758341 1
1.932196 1.813285 1
1.073939 0.161092 0
1.618213 0.709247 0
1.178350 1.942731 1
0.977395 0.740298 0
1.170630 0.363774 0
1.334773 0.776998 1
0.605165 0.271426 0
1.012667 1.265705 0
0.555812 0.847042 1
1.617466 1.658048 1
0.702644 1.945733 1
1.425960 0.177151 0
0.465779 1.286763 1
0.421207 0.835983 0
1.503826 1.400096 1
1.199858 0.028174 0
1.951747 0.246296 0
1.897154 0.691376 0
0.248506 0.493285 0
1.527337 1.081510 1
0.155725 1.216925 1
0.481774 0.274074 0
0.272630 1.873695 1
0.349415 2.008472 1
0.805708 0.514465 0
1.777683 1.989774 1
0.196195 1.496338 1
1.536931 2.207845 1
0.338474 0.603224 0
0.094314 1.711782 1
0.388505 0.551957 0
1.150444 1.436179 1
1.022852 1.628426 1
1.851504 1.715908 1
0.731615 1.210046 1
0.313057 0.404207 0
0.525802 0.876306 1
0.754013 2.167463 1
1.456263 0.590748 0
1.496969 1.115761 1
1.935109 -0.361154 0
1.992854 -0.235216 0
1.886746 1.352813 1
0.143665 0.536611 0
0.040821 1.045746 0
1.929145 1.484064 1
0.441432 0.301592 0
1.206226 1.391298 1
0.047915 1.515682 1
0.280001 0.278856 0
1.690549 2.307587 1
1.319041 -0.250399 0
0.040793 1.044680 0
0.397969 1.139392 1
1.530885 1.868244 1
0.962344 1.653309 1
0.232513 1.728555 1
1.325841 0.571485 0
1.975389 1.100455 0
0.767622 2.148861 1
0.293386 1.790504 1
0.492446 -0.295320 0
1.841168 1.050067 1
1.310044 1.302586 1
1.429860 1.405783 1
0.636931 2.186700 1
1.866105 2.061051 1
1.355718 1.899129 1
0.617203 1.200951 1
1.061263 1.021374 1
1.375635 0.742532 1
1.297977 0.350021 0
1.336516 1.740259 1
1.952556 -0.331928 0
1.309067 0.627521 1
0.794778 0.553080 0
0.869602 0.303153 0
1.620741 1.898793 1
0.560385 1.213504 1
1.230417 1.363066 1
0.168066 1.972126 1
1.562413 1.035972 0
0.293503 1.902928 1
0.863972 -0.131559 0
0.788498 1.830888 1
1.142509 0.994050 1
1.400762 1.659173 1
1.159225 0.434267 0
1.623681 0.450344 0
1.527710 1.757431 1
0.409736 1.295712 1
1.731711 0.886043 1
1.838630 0.112413 0
0.507106 0.511871 0
1.397394 1.974205 1
0.850862 1.061868 1
1.545607 0.469867 0
1.869099 0.014481 0
1.262977 1.523646 1
1.395638 1.567058 1
0.748350 0.327810 0
0.515787 -0.215369 0
1.793072 1.139169 1
0.777918 1.782235 1
0.112306 0.008793 0
0.900138 0.598384 0
1.909079 1.125452 1
0.496908 -0.138976 0
1.856998 1.352676 1
0.407211 1.229369 1
1.876577 1.758119 1
0.833470 1.029755 1
0.322345 1.448339 1
1.024887 1.036522 0
0.788426 0.264418 0
0.181563 0.503722 0
0.564836 0.582346 0
1.313713 0.663909 0
0.343541 0.184776 0
0.546442 1.181584 1
0.793786 -0.160434 0
1.229888 0.651577 1
1.026325 0.960880 1
1.634813 1.247777 1
0.078865 0.538473 0
1.989099 0.432098 0
1.984090 0.813479 0
1.487551 1.286495 1
0.184772 0.458404 0
1.270272 0.180045 0
0.175041 0.731975 0
0.522680 1.331661 1
0.664628 0.556928 0
1.613691 0.768165 0
0.117106 0.003893 0
1.869753 0.210526 0
1.839046 1.942705 1
1.995474 1.267432 1
1.222896 1.356595 0
0.114391 1.536220 1
0.547274 1.002722 1
1.495927 1.298293 1
1.811400 0.034101 0
1.921499 0.467541 0
0.188696 0.603150 0
0.837405 0.430260 0
0.904450 0.575109 0
0.444989 1.369372 1
1.418609 -0.130146 0
0.291490 0.897451 0
1.744106 1.772412 1
1.175723 1.515727 1
1.814513 0.926450 1
0.515795 1.187608 0
1.355325 1.174857 1
0.089839 1.587248 1
1.872237 -0.391601 0
0.072181 -0.020138 0
0.507442 0.428225 0
0.268313 1.599927 1
1.726123 1.060846 1
0.854864 0.095667 0
0.338744 0.865247 0
1.612211 1.493664 1
0.845700 1.442107 1
1.642067 1.008818 1
1.261209 2.026088 1
0.092421 0.156246 0
0.954079 1.081971 0
1.304564 0.342148 0
0.730033 2.008417 1
0.966859 0.207013 0
0.464282 1.292319 1
1.923058 1.603144 1
1.321060 1.852164 1
1.602286 1.656591 1
0.369946 -0.041808 0
1.420026 1.660341 1
1.969589 1.020861 0
1.303629 0.460838 0
0.544116 1.369689 1
0.312509 1.032412 1
1.710855 0.539118 0
0.241922 1.217108 1
0.280159 1.597191 1
0.737657 1.889067 1
0.012612 1.078125 0
0.929869 1.723261 1
0.433025 1.895984 1
1.139309 1.560050 1
0.021202 1.482752 1
1.528612 1.472932 1
0.741013 0.704628 0
1.028939 1.229585 0
1.149696 1.200058 0
1.882629 1.833547 1
0.282246 1.039232 1
0.825143 1.192147 1
0.911679 0.618912 0
0.417536 1.311338 0
0.726158 0.668798 0
0.562687 0.728410 0
1.656383 0.703884 0
1.485739 -0.100793 0
1.773938 0.656020 0
0.539625 1.504354 1
1.522514 1.572867 1
1.998689 -0.261205 0
1.661724 -0.102012 0
0.105036 0.375325 0
0.891851 1.028189 0
0.965848 1.362634 1
1.764371 2.237554 1
0.474890 1.087848 1
1.778781 1.084069 0
0.877295 0.789543 1
1.348808 0.525967 0
1.179482 2.217556 1
1.582130 0.961125 1
0.878439 -0.004098 0
0.808411 0.670162 0
1.052465 1.408367 1
0.218277 0.088351 0
1.481003 0.431896 0
0.647125 1.701089 1
0.966746 0.413373 0
1.005134 2.139497 1
1.347465 -0.225368 0
1.990209 1.566376 1
1.569823 1.753965 1
0.073458 0.675111 0
0.576516 0.364390 0
1.086682 0.806871 0
1.878538 1.703277 1
1.632045 1.226007 0
0.042130 1.099198 1
0.041876 0.888088 1
0.004600 1.919179 1
1.084207 1.133985 0
0.861905 0.630736 0
0.824152 -0.336792 0
1.903771 0.463557 0
0.093547 1.983983 1
0.280747 1.028631 0
0.867790 2.002540 1
