0.562438 1.092907 1
0.177518 1.167781 1
1.260572 1.828096 1
0.933301 0.388373 0
1.981004 1.005104 1
1.470037 0.167534 0
1.734972 0.386654 0
0.331218 0.182675 0
1.457762 0.758988 0
1.702334 1.215522 1
0.892485 1.320266 1
0.144118 0.126023 0
0.126761 1.607441 1
1.163892 1.777286 1
0.471677 1.855785 1
1.724777 0.894298 0
1.164540 0.450592 0
0.246855 2.049518 1
0.663073 0.758373 0
1.154632 1.626939 1
0.191843 0.205188 0
1.552463 0.064621 0
1.991660 0.555667 0
1.942278 1.700435 1
0.409832 0.438000 0
0.377089 0.966266 0
0.929020 0.227790 0
1.330509 1.482297 1
0.584654 0.683631 0
1.890172 0.884206 0
1.594222 2.007907 1
0.131151 0.355596 0
0.423756 0.149535 0
0.449535 0.345530 0
0.843122 1.831817 1
0.046219 0.804955 0
0.493137 1.327611 1
0.314500 1.652527 1
1.822836 0.391315 0
0.390689 0.311578 0
0.904143 0.786330 0
1.697498 1.393255 1
0.884005 0.908554 0
1.295583 1.617258 1
1.594207 1.317613 1
0.769467 1.945843 1
0.539085 0.688880 0
1.309819 1.673376 1
0.352254 0.597744 0
1.155634 1.485739 1
0.951772 1.560138 1
1.355249 1.045408 1
0.614795 1.997050 1
0.661140 1.028331 1
0.246118 1.271137 1
0.956033 1.642392 1
0.779936 1.465354 1
1.322048 0.553800 0
0.840486 1.503487 1
1.976161 1.228098 1
1.945453 0.233189 0
0.681993 1.651757 1
1.861153 0.237045 0
1.468544 0.222438 0
0.064290 1.377371 1
1.587777 0.839853 0
0.832366 0.573551 0
1.024896 1.159263 1
0.697375 0.320844 0
0.486129 1.438607 1
1.819886 0.635804 0
1.430329 0.970805 0
0.754893 1.204780 1
1.435361 1.812500 1
1.229412 0.549566 0
0.978067 0.787918 0
1.815987 1.202776 1
1.492581 1.210770 1
0.269613 1.671482 1
0.001872 1.117523 1
0.928504 1.481973 1
1.250149 0.450810 0
1.769393 1.406547 1
0.142732 0.941983 0
0.041441 1.237533 1
1.942051 1.569914 1
1.712049 1.781417 1
1.789353 1.404185 1
1.895705 1.932114 1
0.578366 0.575052 0
0.777226 1.777468 1
0.928766 0.290346 0
1.598592 0.168981 0
0.200084 1.084430 1
0.257819 0.593726 0
0.442452 0.285735 0
0.916019 0.664392 0
0.478076 1.771912 1
1.159981 1.846206 1
0.691585 1.572626 1
1.779193 1.864417 1
0.311215 1.287731 1
0.769598 0.979528 1
1.140611 1.845763 1
0.765430 0.228307 0
0.198165 1.026452 0
0.458639 0.785703 0
1.624423 1.200796 1
0.571991 1.370784 1
1.806074 1.725531 1
0.934567 0.980359 0
0.130710 1.089683 1
0.471388 1.225263 1
0.188666 0.290383 0
0.463440 1.171177 1
0.099674 0.127300 0
0.823153 1.734966 1
1.753739 1.482834 1
1.469334 0.276212 0
0.674330 0.386492 0
0.897722 1.230566 1
0.078842 0.753183 0
0.164750 1.616705 1
1.782310 1.641244 1
0.849980 1.249532 1
1.947401 0.312938 0
1.572515 0.863702 0
1.164452 1.065311 1
0.062748 0.255750 0
1.709335 0.600544 0
0.350526 1.606576 1
0.670425 0.762268 0
1.016997 1.696849 1
1.059046 1.139102 1
1.547636 0.165505 0
0.293551 0.162340 0
1.223190 0.425881 0
0.810183 1.816158 1
1.534216 0.099271 0
1.269372 0.789685 0
0.452347 1.678412 1
0.244136 1.375428 1
1.958870 0.012009 0
1.349519 0.768587 0
0.611114 0.530971 0
1.330523 0.914543 0
0.574425 1.893366 1
0.132311 1.113285 1
1.884764 0.710520 0
0.275873 0.182418 0
1.149982 0.164695 0
1.884085 1.416910 1
1.620413 1.331169 1
1.939016 1.486863 1
0.621985 1.753493 1
0.853084 0.176588 0
1.336164 0.092398 0
0.850094 1.976635 1
1.144406 1.830222 1
0.829080 0.398802 0
1.041184 1.088083 1
0.772935 1.798805 1
0.720080 1.527401 1
0.508859 1.593680 1
1.861158 0.857585 0
0.941280 0.217538 0
1.182231 1.933420 1
1.944199 0.350234 0
0.867043 1.283956 1
1.318076 0.422757 0
1.851106 1.359413 1
1.470698 1.860934 1
0.861670 1.280219 1
1.404058 1.890513 1
1.717006 1.045573 1
0.233792 0.648558 0
1.030436 0.344865 0
1.338935 1.133245 1
1.835404 0.328059 0
1.468686 1.230690 1
1.442554 1.357175 1
0.231395 1.150764 1
0.459003 1.739909 1
1.415014 0.415004 0
0.589006 0.898785 0
0.857255 0.075436 0
1.960300 0.859518 0
1.980473 1.501140 1
0.226873 0.840020 0
0.057248 0.784166 0
1.267238 1.494882 1
0.032722 1.438366 1
1.840377 0.565415 0
1.262070 0.737886 0
0.778769 1.781640 1
1.596030 1.302854 1
0.815385 0.133783 0
1.591524 0.039571 0
1.174396 1.354782 1
0.229805 0.155445 0
0.889881 0.419100 0
1.791446 1.314799 1
0.756495 1.040343 1
1.389328 0.980832 0
0.015743 1.082175 1
0.825700 0.731747 0
0.660091 1.582498 1
1.561816 0.653083 0
1.864826 0.642041 0
1.458326 0.880922 0
1.771978 1.505973 1
1.259649 1.734778 1
1.806917 1.944224 1
1.685779 1.714476 1
0.052762 0.515494 0
0.665138 0.728444 0
1.501931 0.951621 0
1.313482 0.829281 0
1.783260 1.658716 1
1.725244 1.142900 1
1.026496 0.934542 0
1.738936 1.173851 1
0.785422 0.632217 0
1.974676 0.653164 0
0.982008 0.784953 0
0.793801 1.465637 1
1.227973 0.370251 0
0.363959 1.612357 1
0.954791 1.836385 1
0.466777 1.741492 1
0.697407 0.384086 0
1.969921 0.527413 0
1.016176 0.365805 0
0.401967 0.197156 0
1.150488 0.227740 0
0.586730 0.975055 0
0.943333 1.511113 1
0.590809 1.316857 1
1.788312 0.118886 0
1.913321 1.684102 1
1.302537 1.529012 1
0.716535 0.430223 0
1.381760 0.509945 0
0.978412 0.252952 0
1.458652 0.713349 0
0.126442 0.819824 0
0.741390 1.112644 1
1.236057 1.357107 1
1.631064 1.090218 1
0.371515 0.511747 0
1.166763 0.926964 0
1.691729 1.449925 1
0.288500 1.677692 1
0.288777 1.317455 1
0.217201 1.572877 1
0.376978 1.827299 1
0.320266 0.198963 0
1.086054 0.818374 0
0.561939 1.345622 1
1.567445 0.166673 0
1.927836 1.576518 1
1.725791 0.079644 0
0.597050 1.973289 1
0.667410 1.843686 1
0.303363 0.013323 0
1.344010 1.339548 1
0.605675 1.611740 1
1.828420 1.154969 1
0.366835 0.407353 0
1.004140 0.683064 0
0.656148 0.259389 0
0.951662 0.296862 0
1.983538 2.028035 1
1.843180 1.292415 1
0.816383 0.587004 0
1.140763 1.120126 1
1.052880 1.092553 1
0.464190 1.369359 1
0.686897 0.925113 0
0.051108 1.944754 1
1.818880 1.829638 1
0.396763 1.009999 1
1.459312 1.828189 1
1.805886 0.470829 0
0.020964 1.896501 1
0.642684 1.230675 1
1.672851 1.082973 1
0.682659 1.950153 1
0.642067 0.063964 0
0.760559 0.644291 0
0.747170 0.812959 0
1.003012 1.319282 1
1.555144 1.048939 1
0.310139 -0.008557 0
0.191869 0.293760 0
0.026867 1.798184 1
1.861260 1.055131 1
0.034307 1.910462 1
0.166727 0.269759 0
1.082513 0.865661 0
0.298763 1.471328 1
1.393376 1.823884 1
1.769833 0.379610 0
0.622416 0.250061 0
1.720178 1.406624 1
0.391274 1.316788 1
1.057744 0.812112 0
0.985035 0.371863 0
0.216527 0.371464 0
0.951471 1.885726 1
0.203446 0.565608 0
1.836276 0.123033 0
0.082068 1.706151 1
0.337519 0.886803 0
0.362741 1.017572 0
1.037092 1.073198 1
0.404150 1.827699 1
1.559176 0.996730 0
0.054382 1.484571 1
0.379579 1.550494 1
0.545601 0.104701 0
0.140728 1.355041 1
0.023452 1.153123 1
0.311156 1.572122 1
0.229663 0.913826 0
0.743528 0.032157 0
0.952496 0.400632 0
0.674748 1.288654 1
1.251776 1.429259 1
1.432704 1.978469 1
0.030591 0.995778 0
1.598512 0.161854 0
0.845912 1.814441 1
1.307621 1.576841 1
1.068605 0.524571 0
1.953012 0.506078 0
1.018702 1.734379 1
0.335388 1.701716 1
1.521692 0.311881 0
0.151707 0.863187 0
0.348877 1.251252 1
0.383310 1.071161 1
0.558734 1.979744 1
1.120331 0.279221 0
0.008679 0.395016 0
0.043542 1.380763 1
1.849981 1.651815 1
1.076319 0.273775 0
1.310251 1.346189 1
1.219238 0.095502 0
0.337345 -0.014985 0
0.276790 0.359980 0
0.443286 0.514195 0
1.253037 0.374531 0
0.982378 0.462526 0
0.172700 1.684967 1
1.637725 2.024578 1
0.733655 0.490467 0
0.182050 0.681668 0
0.562493 0.752949 0
1.209874 1.764627 1
1.320197 0.289360 0
1.227898 0.860026 0
1.829369 1.133944 1
0.287415 0.073723 0
1.719185 0.511554 0
1.923422 1.174192 1
1.774623 1.567850 1
0.196861 1.438280 1
0.473193 -0.014634 0
0.936579 0.712812 0
1.484155 1.485392 1
0.701692 0.068887 0
0.498351 1.023927 1
1.092014 1.661173 1
0.634195 0.565726 0
1.479852 1.479957 1
1.468924 0.967249 0
0.247559 0.714218 0
1.137633 1.236565 1
1.424286 1.849979 1
0.506125 0.073548 0
1.170393 0.897258 0
1.225843 1.204523 1
0.559128 0.064470 0
1.026154 1.914898 1
0.488038 1.226996 1
1.592982 0.792257 0
0.436954 0.201812 0
1.168385 1.611578 1
0.616996 0.407786 0
1.681572 1.720658 1
1.162683 1.495295 1
1.902193 0.375461 0
0.340756 1.095806 1
1.430368 0.131922 0
1.953886 0.296759 0
1.903031 1.041349 0
1.538650 0.141053 0
1.119526 1.030137 1
1.384631 1.860803 1
0.024435 0.940565 0
0.462595 1.134296 1
0.148893 1.613729 1
1.180183 0.685384 0
1.095835 1.911006 1
0.815099 1.546551 1
1.791609 0.002380 0
1.469598 1.683697 1
1.469017 0.461064 0
0.154436 1.577156 1
1.157645 1.610141 1
1.124217 0.485253 0
1.486016 0.098916 0
1.272411 1.420662 1
1.800957 0.560223 0
0.929915 0.220050 0
0.491345 0.752052 0
0.877412 1.758621 1
1.498529 0.398554 0
1.058378 1.124138 1
1.639862 1.371352 1
0.425225 1.846068 1
0.866494 1.149292 1
1.230040 0.186584 0
1.084800 0.782075 0
0.783773 0.877314 0
0.459254 1.989839 1
0.629456 0.503517 0
0.955955 1.199676 1
0.150492 0.457380 0
1.943544 1.915627 1
1.405025 0.476409 0
1.031651 1.794268 1
1.212765 1.082862 1
0.113123 0.659311 0
0.020444 0.485857 0
0.039479 1.630968 1
0.813378 0.570121 0
0.688864 1.483921 1
0.123086 0.087083 0
0.601463 1.689648 1
1.641147 1.215768 1
0.114845 1.301858 1
0.079958 1.697836 1
1.406981 1.519188 1
0.316609 0.084920 0
1.978696 0.108080 0
0.524058 1.025674 1
1.582127 0.786186 0
1.160419 0.646074 0
0.019008 0.157133 0
1.785031 0.106554 0
1.161839 1.590514 1
1.607487 0.484985 0
0.995260 1.089177 1
0.704642 0.208675 0
0.957496 0.618165 0
1.125316 1.430708 1
1.695127 1.690158 1
0.150478 2.014259 1
1.797656 1.199923 1
0.948667 1.927296 1
1.524596 0.450395 0
1.373558 1.564237 1
1.240083 0.784364 0
1.852746 0.117733 0
0.147997 0.741264 0
1.392129 0.491629 0
1.253779 1.925553 1
1.843317 0.548501 0
0.504165 0.550640 0
1.639085 0.236906 0
0.247552 1.379545 1
1.451486 0.994329 0
1.310610 0.592918 0
0.053961 1.793775 1
0.220201 1.189918 1
1.008421 0.305031 0
0.818132 0.844419 0
1.643811 0.770202 0
0.814773 0.480808 0
1.897368 0.418461 0
0.966556 0.093142 0
0.672219 1.875934 1
1.690916 1.933279 1
1.197352 0.806495 0
1.387110 1.353136 1
1.330262 0.510617 0
0.672537 0.116125 0
1.403879 1.920480 1
1.841714 0.811096 0
1.806215 1.561304 1
1.650474 0.763973 0
1.193432 1.688075 1
0.062981 0.402711 0
1.498241 1.982605 1
0.176900 0.824640 0
1.720764 1.737147 1
1.346992 1.902993 1
1.397322 1.247693 1
1.607444 0.269409 0
1.614473 0.631231 0
0.698396 0.618609 0
0.669077 0.261038 0
1.089952 0.933457 0
1.881845 0.216792 0
1.969081 0.023257 0
0.981052 0.267690 0
1.298845 1.810392 1
1.885289 0.602772 0
0.061301 0.858442 0
1.123133 0.770159 0
0.008426 1.424011 1
0.723372 1.545111 1
0.715487 0.716471 0
1.628789 0.795568 0
1.246293 1.796361 1
0.060541 0.290825 0
1.804669 0.511687 0
1.785137 0.621863 0
1.563938 1.962024 1
1.452827 1.790218 1
0.403752 0.966460 0
1.057210 1.848486 1
1.159099 1.680712 1
1.819737 1.534945 1
1.961953 0.629651 0
0.278942 1.058228 1
1.072317 1.841229 1
0.747083 1.604481 1
0.005299 0.783799 0
0.470041 0.822707 0
1.389876 0.093654 0
1.269618 0.851840 0
1.815430 0.194821 0
1.915818 1.091128 1
1.114271 0.542650 0
1.180776 0.350745 0
0.516656 0.392789 0
1.849298 0.360980 0
0.959098 1.924075 1
0.917515 0.609154 0
0.131913 1.890569 1
1.128494 0.473737 0
0.683802 1.768391 1
1.225542 0.770167 0
0.203197 0.683588 0
1.215199 0.752786 0
0.789410 0.532336 0
1.615888 1.637476 1
0.932635 1.010102 0
0.558191 0.540442 0
0.668324 1.851989 1
0.177020 0.532627 0
0.089258 0.142971 0
1.937728 0.767984 0
0.310514 1.248030 1
1.833581 0.932597 0
1.426639 1.307082 1
1.789025 0.697147 0
0.858839 0.435766 0
0.654832 1.434515 1
1.701688 0.170563 0
1.697998 1.034702 1
1.594361 0.560440 0
0.262488 0.239566 0
0.201202 0.991693 1
0.535846 1.790722 1
1.129011 1.410776 1
0.029487 0.692069 0
0.182314 0.985984 1
0.218425 1.064446 1
1.579214 1.918609 1
0.387931 0.949684 0
0.537653 0.773471 0
0.759344 0.245816 0
1.664831 0.564602 0
1.022573 0.778537 0
0.928597 0.912223 0
1.444305 1.158447 1
1.824052 1.113314 1
1.113225 0.316461 0
1.658459 0.050084 0
1.951975 0.843831 0
0.325350 0.270908 0
0.273602 1.581753 1
1.287619 0.586462 0
0.653920 0.071893 0
0.514529 0.719022 0
1.034088 1.781764 1
1.745221 0.037328 0
0.393391 1.274559 1
1.371251 1.886306 1
1.359007 0.993812 1
1.216934 1.222791 1
1.139929 1.111691 1
0.396276 0.675965 0
1.480641 1.155981 1
1.284943 0.260601 0
1.737420 0.451442 0
0.764167 1.415910 1
0.421242 0.924785 0
1.397152 1.235014 1
1.101119 0.779781 0
1.599980 1.912901 1
0.011413 1.246960 1
0.186651 1.656166 1
0.927204 0.695112 0
0.197905 1.542111 1
0.566516 0.307254 0
0.954235 0.802679 0
0.901686 1.059405 1
0.077160 0.467766 0
1.956776 1.356582 1
1.552196 0.709480 0
0.081262 0.577641 0
0.177155 0.604631 0
1.912421 0.535645 0
0.072052 1.139864 1
0.864426 0.699771 0
0.603055 1.415530 1
0.812755 1.426616 1
1.608103 1.738357 1
0.430484 0.080986 0
0.546921 0.707315 0
0.968542 -0.010256 0
1.654133 1.471481 1
0.148075 1.695478 1
1.152861 1.066754 1
1.643562 0.733893 0
0.776221 0.345024 0
1.901438 1.520470 1
0.073142 1.112706 1
1.662896 0.560477 0
1.395049 0.943865 0
0.162395 1.208845 1
1.525129 1.982662 1
1.335992 0.455813 0
0.591394 0.339211 0
1.475703 1.234063 1
1.871471 1.439999 1
0.741381 0.369488 0
0.024391 2.017288 1
0.346652 1.139155 1
0.297760 1.256510 1
0.902374 0.332515 0
1.745527 0.822327 0
1.993524 1.703159 1
1.567687 0.801193 0
0.416078 0.932196 0
0.597399 0.680867 0
1.280735 1.452616 1
0.751355 1.942809 1
0.233383 0.206903 0
0.307968 0.534162 0
1.890005 0.538559 0
0.346329 1.752084 1
0.263536 0.516013 0
0.918833 0.708401 0
1.766769 1.286985 1
0.804948 0.427488 0
1.623618 1.438502 1
0.590210 1.017088 1
0.501632 1.801909 1
1.931631 0.180973 0
1.492465 1.163057 1
0.212382 0.289095 0
0.919968 0.026247 0
1.920536 1.935983 1
0.941822 0.302167 0
1.785522 1.379332 1
0.702141 1.855294 1
1.816893 1.786366 1
0.864258 1.805564 1
1.965876 0.364979 0
0.228788 1.380840 1
1.457133 1.983798 1
0.857567 0.151844 0
0.053800 1.985892 1
0.068134 0.202327 0
1.143591 1.933803 1
1.939534 0.472841 0
0.301813 0.459561 0
0.946697 0.765957 0
1.675877 1.310731 1
0.032493 1.459507 1
1.660238 1.974634 1
0.095401 0.874259 0
0.831504 0.999201 0
1.976652 0.160706 0
1.719691 0.872170 0
1.852920 1.687291 1
0.195177 1.296377 1
1.644537 0.508354 0
1.962309 1.364556 1
0.183929 1.015321 0
1.637656 0.863205 0
0.481676 0.684576 0
0.208248 1.482894 1
1.543208 0.429669 0
1.414458 1.311629 1
0.361406 1.732351 1
0.405859 0.984977 0
0.955422 0.795288 0
1.988010 0.673227 0
0.204525 1.508526 1
1.888500 0.138795 0
1.811411 1.515068 1
1.949429 0.998272 0
0.563759 0.717815 0
1.373949 0.777970 0
0.337729 1.196676 1
1.254784 1.639785 1
1.070104 0.799898 0
1.824698 1.986044 1
0.438659 0.375998 0
1.036548 1.700367 1
0.539239 1.629110 1
0.083445 0.815027 0
0.421729 1.782869 1
0.087329 1.102137 1
0.394001 1.234338 1
1.967057 0.609982 0
1.956161 0.557441 0
0.388604 1.608084 1
0.084194 0.511132 0
1.051016 1.902730 1
0.766642 1.123814 1
0.192003 0.414874 0
1.233559 0.568428 0
0.063887 1.445142 1
0.535863 0.693402 0
0.697860 1.493423 1
0.080295 0.576951 0
0.491953 0.681496 0
1.756983 1.206735 1
1.880882 1.428697 1
1.583716 0.535310 0
0.104198 2.003573 1
0.050418 0.909372 0
0.471053 0.379875 0
1.314555 1.041655 1
0.006575 1.428359 1
0.806692 1.939782 1
1.552538 0.455693 0
0.827247 1.942924 1
0.129360 1.255249 1
1.785207 1.655050 1
0.556203 1.697147 1
1.754751 0.267083 0
0.517684 1.125673 1
1.576893 0.650325 0
1.421645 1.503122 1
1.753286 1.763238 1
1.254617 0.381642 0
1.798271 0.858758 0
0.993634 1.701527 1
1.152218 0.789729 0
1.337758 0.127880 0
1.161185 1.007803 1
0.777617 0.542605 0
1.184464 0.983076 0
0.383453 1.132323 1
1.451839 1.399408 1
0.524211 1.932562 1
1.615864 0.110088 0
0.285037 1.196975 1
0.600941 0.598197 0
1.334261 1.720738 1
1.375879 0.106425 0
0.127754 0.661354 0
0.074025 0.454729 0
0.421635 0.165869 0
1.355126 1.131076 1
1.973270 1.146595 1
0.652556 0.377178 0
0.111910 1.818801 1
0.184101 1.647957 1
0.980373 0.408730 0
1.588186 1.723165 1
0.018355 1.394739 1
1.352958 1.810951 1
0.505860 0.517297 0
1.921623 1.332271 1
0.564532 0.543841 0
0.965495 1.714899 1
0.857975 1.465732 1
1.673589 1.299848 1
0.559757 1.197884 1
0.490325 0.128517 0
0.345412 1.075064 1
0.570826 1.902286 1
1.639426 0.301117 0
1.323251 1.475921 1
0.093269 -0.015047 0
0.179402 -0.017518 0
1.709269 1.476445 1
0.318752 0.266067 0
0.229409 0.688394 0
1.754305 1.170586 1
0.609599 0.452883 0
1.028073 1.270872 1
1.875562 1.520724 1
0.462859 0.342150 0
1.501989 2.012034 1
1.484402 0.101106 0
0.218785 0.682853 0
0.224642 1.146378 1
1.349511 1.841973 1
0.785354 1.712801 1
0.065559 1.960930 1
1.500293 0.888021 0
0.150916 0.730265 0
0.600789 1.915995 1
0.113458 1.580698 1
0.668326 0.038061 0
1.668134 1.354548 1
1.133053 1.443760 1
1.255358 1.065591 1
0.449275 1.890251 1
1.700399 1.901296 1
1.173617 1.973021 1
0.440746 1.208449 1
0.891128 1.398907 1
1.206894 0.974157 1
1.470888 0.318990 0
1.161697 1.702429 1
0.138751 -0.040090 0
1.131609 1.041225 1
0.971285 0.199613 0
1.052043 0.404338 0
1.455637 1.591674 1
0.390108 1.093525 1
1.059644 1.241757 1
1.987678 1.915337 1
1.730366 0.734868 0
0.116543 1.531343 1
1.052895 0.175001 0
0.610678 1.878514 1
0.965634 1.241188 1
1.224282 1.538014 1
1.347967 0.322853 0
1.795318 0.798463 0
1.349003 1.541929 1
0.223517 1.373489 1
1.557032 1.235179 1
0.008185 0.334614 0
0.682371 0.118953 0
1.227092 1.964927 1
0.671563 1.132818 1
1.727548 0.756930 0
0.044630 0.387022 0
1.090457 1.232399 1
1.227969 1.213464 1
0.912132 0.083729 0
0.711271 0.117017 0
1.609966 1.191930 1
0.601158 1.387952 1
0.280667 0.133857 0
1.081672 0.261506 0
1.732072 1.385721 1
0.668965 0.060510 0
1.681923 1.245897 1
0.237089 1.111216 1
1.702520 1.898651 1
0.662223 1.283813 1
0.145854 1.661879 1
1.201562 0.983648 0
0.971581 0.067962 0
0.363776 0.571845 0
0.739071 0.227247 0
1.490079 0.458871 0
0.518430 0.596204 0
0.382201 1.380508 1
0.981741 0.066564 0
1.052715 1.041332 1
0.847953 1.062031 1
1.472897 1.641133 1
0.261049 0.337634 0
0.161986 0.721565 0
0.160169 0.969579 0
1.309312 1.129016 1
0.358074 0.710157 0
1.431698 0.295092 0
0.348172 0.459177 0
0.354584 1.397589 1
0.850082 0.572389 0
1.792084 0.920663 0
0.281576 0.037539 0
0.040276 0.610876 0
1.663987 1.723037 1
1.813919 1.118200 1
1.394403 1.001409 0
1.939190 1.331712 1
0.370829 1.093409 1
1.322520 1.556810 1
1.995545 0.135819 0
0.100353 0.825703 0
0.354751 0.950002 0
1.015167 0.300206 0
1.076651 0.810248 0
0.273531 1.508219 1
1.595885 0.090831 0
0.465329 0.841622 0
1.556087 1.829341 1
0.990857 1.175645 1
1.640842 1.172602 1
0.702391 0.937547 0
1.179006 1.153000 1
1.912807 1.888913 1
0.024573 0.016944 0
0.237320 0.244453 0
0.685997 0.085918 0
0.086557 1.719011 1
1.551901 1.133604 1
1.034424 0.307512 0
0.513318 0.691437 0
1.444312 1.520118 1
0.669216 1.086415 1
1.466619 1.253621 1
1.077460 1.606290 1
0.266744 0.415470 0
1.127799 0.949904 0
1.472640 0.619942 0
0.543971 1.999778 1
1.142491 0.154812 0
0.292848 1.367706 1
1.748481 1.449546 1
1.140268 1.749523 1
1.430456 1.348419 1
0.541149 0.229077 0
1.241784 1.306976 1
0.142765 0.902920 0
1.469914 0.418182 0
0.376135 1.595005 1
0.131068 1.234428 1
1.884584 0.502225 0
0.067980 1.601887 1
0.109285 1.894008 1
0.562577 1.747573 1
0.194027 0.848131 0
0.752554 1.843930 1
0.254483 1.674643 1
0.971269 1.330007 1
1.847773 1.483863 1
1.356616 1.465734 1
0.917942 0.605347 0
1.210340 0.977608 0
1.328834 0.883676 0
1.702463 1.457696 1
0.105113 1.017325 1
0.641472 1.251264 1
1.075631 0.556247 0
0.591574 0.945612 0
0.891334 0.779197 0
0.727934 0.491827 0
1.829226 0.672845 0
1.671282 0.005403 0
1.945049 0.693630 0
0.364259 1.554187 1
1.350169 1.471643 1
0.181911 0.048818 0
1.834655 0.207383 0
0.284541 0.151547 0
1.064300 0.998570 0
0.793805 1.621722 1
1.597065 1.957714 1
0.299423 1.063294 1
1.952688 0.891681 0
0.701432 1.164952 1
1.527829 0.381143 0
0.988800 1.958962 1
1.412699 1.080953 1
1.061536 0.366432 0
0.988339 0.369744 0
0.879167 1.089352 1
0.390065 0.457605 0
1.664875 0.759821 0
0.467167 1.964701 1
1.129351 0.158507 0
0.839990 1.722821 1
1.526121 -0.027710 0
1.816110 1.409013 1
1.394649 1.516611 1
0.256220 0.671943 0
0.758538 0.284954 0
1.255523 0.546961 0
1.702538 1.649658 1
1.801795 0.931734 0
1.871025 1.352105 1
1.865931 1.011897 1
1.831387 1.550370 1
1.261777 0.933538 0
1.036688 0.735703 0
1.046751 -0.032258 0
0.079092 0.616545 0
1.917446 1.817400 1
0.439139 0.769663 0
0.698565 1.600248 1
