0.200893 0.991689 1
1.818220 1.161040 1
0.900840 1.933221 1
1.294644 0.505307 0
1.620947 0.940705 1
1.831026 0.122219 0
0.098721 0.548066 0
0.688569 0.020765 0
1.817818 0.766034 0
1.342251 1.250971 1
0.531322 1.301587 1
0.501691 0.160788 0
1.767956 1.614438 1
0.803551 1.851130 1
0.110632 1.867748 1
0.086831 0.804246 0
1.524206 0.542692 0
1.882377 2.211814 1
1.023647 0.678897 0
0.795888 1.470981 1
0.554066 0.263455 0
1.912955 0.203283 0
0.350748 0.584392 0
1.581307 1.773374 1
0.768585 0.517701 0
0.738664 1.113293 0
1.290882 0.261088 0
0.970675 1.518394 1
0.943406 0.569934 0
0.250311 0.983477 0
1.234309 2.086573 1
0.492174 0.407129 0
0.784088 0.217289 0
0.809213 0.493444 0
0.482287 1.892893 1
0.407519 0.664460 0
0.132571 1.213592 1
1.954426 1.679619 1
0.182845 0.495383 0
0.752269 0.313082 0
1.265534 0.712738 0
1.337911 1.478074 1
1.245917 0.785594 0
0.935844 1.463332 1
1.237477 1.290890 1
0.412785 2.080685 1
0.899069 0.680661 0
0.949115 1.612883 1
0.713191 0.754856 0
0.795855 1.507053 1
0.590725 1.667803 1
0.994355 1.172674 1
0.251018 2.016429 1
0.301551 0.927654 1
1.887357 1.323476 1
0.597623 1.521122 1
0.420725 1.405048 1
1.680650 0.499140 0
0.478992 1.611004 1
1.618222 1.308302 1
0.304854 0.069107 0
0.322069 1.765353 1
0.221599 0.252164 0
1.829360 0.207563 0
1.701946 1.393518 1
1.947793 0.740305 0
1.191143 0.553051 0
0.665558 1.169356 1
1.057453 0.322497 0
0.126100 1.572925 1
0.180837 0.529534 0
1.790175 1.135041 0
0.392545 1.068983 1
1.075042 1.665765 1
1.591882 0.460782 0
1.337082 0.689666 0
1.454341 1.185524 1
1.130584 1.254548 1
1.910321 1.711673 1
1.643394 1.077140 1
0.566351 1.502806 1
1.609651 0.347108 0
1.409275 1.434902 1
0.503463 0.804039 0
1.680000 1.276307 1
1.579460 1.454874 1
1.352471 1.914772 1
1.428765 1.254484 1
1.538311 1.869652 1
0.937356 0.467549 0
0.418401 1.892503 1
1.290829 0.233480 0
1.957092 0.213916 0
1.840822 1.067968 1
0.616708 0.582985 0
0.801725 0.229175 0
1.276448 0.772528 0
0.117073 1.845943 1
0.798617 1.723393 1
0.332747 1.579831 1
1.419285 1.723877 1
1.951118 1.228952 1
0.409169 0.890517 1
0.781082 1.861465 1
1.122788 0.227963 0
0.556773 1.123101 0
0.820043 0.846457 0
1.264600 1.166476 1
0.213586 1.239219 1
1.444981 1.722101 1
1.293983 0.941867 0
1.770369 1.043300 1
0.110260 1.118056 1
0.550103 0.371006 0
0.103173 1.017005 1
0.459608 0.173217 0
0.462704 1.855474 1
1.393993 1.597573 1
1.829238 0.345171 0
1.034754 0.244123 0
0.536922 1.179983 1
0.439159 0.807320 0
1.803683 1.625540 1
1.423123 1.773676 1
0.494391 1.218968 1
0.307842 0.430152 0
1.933736 0.884507 0
0.803021 0.974886 1
0.421851 0.356710 0
0.067627 0.693310 0
1.990631 1.686922 1
1.031027 0.876907 0
0.656998 1.609424 1
0.698022 1.297712 1
1.908747 0.171720 0
0.652923 0.083595 0
1.584875 0.309121 0
0.449990 1.678000 1
1.894996 0.047113 0
1.627558 0.767825 0
0.092737 1.692173 1
1.883731 1.341256 1
0.324717 0.027071 0
1.710250 0.686716 0
0.969830 0.592282 0
1.690228 1.041309 0
0.215185 1.928407 1
1.771785 0.995758 1
0.245285 0.546815 0
0.635813 0.233998 0
1.507448 0.266841 0
1.522988 1.516261 1
1.261502 1.213557 1
1.578467 1.578096 1
0.260943 1.800277 1
1.214472 0.192789 0
1.702301 0.021568 0
0.485152 2.010658 1
0.784492 1.787156 1
1.188131 0.287560 0
0.681793 1.220729 1
0.414479 1.779748 1
0.359768 1.420161 1
0.151039 1.719392 1
0.218953 0.694457 0
1.301317 0.187559 0
0.821410 1.781446 1
0.304978 0.267462 0
0.508233 1.409167 1
1.678060 0.515976 0
1.491069 1.494398 1
1.107556 1.914577 1
0.504586 1.302007 1
1.043361 1.902686 1
1.354794 0.965329 1
0.593245 0.497175 0
1.389815 0.204111 0
0.979740 0.991185 1
0.195998 0.376899 0
1.108671 1.294305 1
1.080270 1.322670 1
1.870780 1.052343 1
0.099424 1.705566 1
1.775868 0.546090 0
0.950118 0.946408 0
1.218573 0.008335 0
0.319239 0.989029 0
1.619542 1.629372 1
0.582998 0.972846 0
0.418150 0.808099 0
0.908916 1.574921 1
1.672048 1.319787 1
0.201115 0.624269 0
1.619822 0.747425 0
0.419859 1.685289 1
1.238466 1.283592 1
1.177543 -0.003792 0
1.951472 -0.004793 0
0.814641 1.238951 1
0.591841 0.214358 0
1.250178 0.482152 0
1.431206 1.330073 1
0.396213 0.891898 1
1.751229 1.136012 0
1.656101 1.142339 1
1.188580 0.695068 0
0.302639 1.474330 1
1.924591 0.747182 0
0.224377 0.635984 0
1.819196 0.885990 0
1.412626 1.472997 1
0.899180 1.879876 1
1.449012 1.795285 1
1.326184 1.677160 1
0.412951 0.360949 0
1.024557 0.571489 0
1.860027 1.070119 0
1.671687 0.904394 0
1.423751 1.780946 1
1.365265 1.004723 1
1.388013 0.965183 0
1.380035 1.278462 1
1.145629 0.470513 0
0.334736 0.565106 0
1.341389 0.905668 0
0.433618 1.508044 1
1.589466 0.383419 0
0.002753 1.764730 1
0.595287 1.934748 1
0.106726 1.871010 1
1.057047 0.421615 0
0.329417 0.604166 0
1.375227 0.435256 0
0.763545 0.296632 0
1.508395 0.164184 0
0.948184 1.059422 0
0.581287 1.674922 1
0.230798 1.381739 1
0.148441 0.043411 0
1.552994 1.703026 1
0.943701 1.441243 1
1.076381 0.332082 0
1.739997 0.352814 0
1.337046 0.104935 0
1.819740 0.764237 0
0.486148 0.792825 0
0.380686 1.177370 1
0.877466 1.480389 1
1.272758 0.944526 1
0.730712 0.487544 0
1.527546 0.791657 0
1.333261 1.540229 1
1.929044 1.609138 1
1.928722 1.398088 1
1.855817 1.694869 1
0.021028 1.832275 1
0.678650 0.150577 0
1.445308 0.709474 0
0.204948 1.435716 1
1.927285 0.127768 0
1.568178 1.461686 1
0.087879 0.027954 0
0.235777 2.020302 1
0.308481 1.890115 1
0.664630 -0.071026 0
0.984826 1.432875 1
0.247134 1.493913 1
1.466454 1.312674 1
0.727998 0.343003 0
1.362031 0.679071 0
1.017311 0.419039 0
1.312345 0.282574 0
1.629458 2.113300 1
1.482338 1.440272 1
1.176399 0.607255 0
0.781145 1.189087 1
0.693002 1.090377 1
0.105017 1.456504 1
1.048547 1.026530 0
1.690936 1.848222 1
1.457447 1.857497 1
0.036001 1.007942 1
1.097474 1.973679 1
0.165936 0.374815 0
1.661710 1.938958 1
0.283958 1.079971 1
1.313406 1.064478 1
0.321781 1.825733 1
1.005974 -0.042613 0
1.122121 0.582027 0
1.107692 0.789908 0
0.641760 1.206552 1
1.195744 1.147760 1
0.669861 -0.057264 0
0.552496 0.400580 0
1.669737 1.845660 1
1.500861 1.132209 1
1.674189 1.900083 1
0.529714 0.404017 0
1.442975 0.735488 0
1.936901 1.320508 1
1.034620 1.683638 1
0.131098 0.255010 0
0.984781 0.290304 0
1.360071 1.483237 1
0.030101 1.249368 1
1.418300 0.974440 0
1.345207 0.263384 0
0.576818 0.397032 0
0.593503 1.786199 1
0.563045 0.441671 0
0.196553 0.212945 0
1.723073 1.542279 1
0.700801 0.989411 0
0.723869 1.098052 0
0.678058 0.940138 1
0.046426 1.943399 1
1.917401 1.041538 0
1.692904 1.401864 1
0.016842 1.456044 1
0.904007 0.110655 0
1.780318 1.198583 1
1.663013 1.288898 1
1.952102 1.508801 1
0.586307 0.766995 0
1.098770 0.123651 0
1.313732 0.286055 0
0.310116 1.133173 1
0.893283 1.527544 1
1.076429 2.020833 1
0.390106 1.118684 0
1.956938 0.044078 0
0.484146 1.751089 1
0.948176 1.427163 1
1.432615 0.654533 0
0.312866 0.411420 0
0.659221 1.857179 1
1.975577 1.736655 1
1.879279 0.208964 0
0.511031 0.759437 0
1.988131 1.266340 1
0.022662 1.147632 1
0.199385 2.097003 1
1.478726 0.237329 0
0.368919 0.550551 0
1.682631 1.228399 1
1.488703 1.729485 1
1.435689 0.345744 0
0.950925 1.483259 1
1.576598 0.191693 0
0.690988 -0.098328 0
0.634640 0.496137 0
0.803221 0.596439 0
1.612929 0.222949 0
1.342095 0.476715 0
1.811568 1.627367 1
1.274376 2.139063 1
1.093575 0.592938 0
0.542268 0.529289 0
0.921293 0.626450 0
0.849201 1.667222 1
1.678720 0.405159 0
1.588039 0.768019 0
1.467695 1.174208 1
0.648169 0.193513 0
0.079533 0.443486 0
1.565089 1.323717 1
1.416060 1.541570 1
1.839101 1.319113 1
0.833553 -0.171824 0
1.296043 0.844623 0
1.119220 1.338468 1
1.059706 0.129881 0
0.140299 1.090869 1
0.732900 1.709648 1
0.991646 0.678185 0
1.116445 1.432088 1
1.828128 1.009928 0
0.605666 0.557618 0
0.777087 1.361257 1
1.062979 1.812008 1
0.866002 0.231671 0
1.530334 0.963873 0
0.863919 1.203859 1
0.919029 0.028001 0
0.666545 2.031291 1
0.125795 1.253000 1
1.953787 0.728870 0
0.794903 0.322609 0
0.806616 1.754309 1
0.978895 0.335607 0
1.323190 1.638194 1
0.802092 1.614283 1
0.262716 0.357722 0
1.981830 0.941404 1
1.791030 0.170752 0
0.313808 0.172109 0
0.263540 1.192797 0
1.899846 0.087757 0
0.760420 1.027429 1
1.024961 1.894159 1
0.385126 0.908105 0
0.102034 1.245164 1
1.788984 1.644080 1
1.540388 0.831096 0
0.735467 1.981923 1
0.453721 1.535581 1
0.147652 -0.141620 0
1.108237 1.560505 1
1.830106 0.563398 0
1.794148 1.630770 1
0.798920 1.749496 1
1.485138 0.485984 0
1.846797 -0.052204 0
0.912793 1.392223 1
0.162520 0.455866 0
1.291288 0.076372 0
0.851458 0.852049 0
0.514677 1.639810 1
1.859101 0.503964 0
0.697560 1.072880 1
1.281352 1.492748 1
0.066262 1.714697 1
0.507623 1.246773 1
1.587432 0.308154 0
1.444660 0.798375 0
1.143607 0.803989 0
0.104218 2.060345 1
0.987773 0.382392 0
0.597169 1.196591 1
0.509825 0.450234 0
1.583106 1.972157 1
1.764142 0.480325 0
0.672274 1.788835 1
0.851481 1.105877 1
0.473875 0.550216 0
0.381097 0.624520 0
1.682592 1.680860 1
1.173575 0.656828 0
0.330113 1.603101 1
0.482652 0.085704 0
0.240056 1.729021 1
1.281025 1.237984 1
1.755907 1.364556 1
1.721665 1.586186 1
1.046674 1.361715 1
0.674563 0.087570 0
0.339004 0.026331 0
0.163587 1.062765 1
1.942590 0.935547 0
1.521796 0.560394 0
0.378746 0.318566 0
0.145075 0.016773 0
0.801854 1.641156 1
1.966597 0.368229 0
0.637754 0.983753 1
1.064876 0.194331 0
1.314723 0.474393 0
0.769854 1.553952 1
1.335503 1.554983 1
1.784828 2.055393 1
1.437357 1.229463 1
0.591237 1.836875 1
1.884375 0.369526 0
1.012779 1.487805 1
1.599275 0.858677 0
0.210883 0.154154 0
0.508399 0.796373 0
1.751836 0.619488 0
0.890342 1.979475 1
0.203402 0.501455 0
0.866568 0.459521 0
1.996537 0.305008 0
1.886478 1.484167 1
1.811099 1.028215 0
1.668279 0.623376 0
1.694143 1.929182 1
1.860035 1.124411 1
1.368207 0.319263 0
1.177810 1.006070 0
0.003807 0.615085 0
1.174062 0.372461 0
0.257610 0.537105 0
1.326072 0.086236 0
0.311762 1.739877 1
1.330496 1.955272 1
1.558036 0.774116 0
1.028243 1.458212 1
1.690154 0.348144 0
1.033632 0.165640 0
1.043993 1.951898 1
0.200435 0.760271 0
1.446239 1.397928 1
0.009615 0.691110 0
0.831890 1.803824 1
0.422021 0.425297 0
1.139168 1.960475 1
0.535727 0.787389 0
1.359757 1.682662 1
0.989765 1.903430 1
1.039972 1.340181 1
1.968647 0.171368 0
1.973421 0.621767 0
1.060061 0.481298 0
1.029775 0.188926 0
1.450340 1.095588 0
0.240720 0.222408 0
0.328601 0.048320 0
1.340799 0.422109 0
0.938878 1.818075 1
0.244945 0.595023 0
0.422120 0.944469 0
1.481991 0.747898 0
1.649353 1.290158 1
0.362351 1.658726 1
1.072602 0.708791 0
1.988534 0.692339 0
0.885994 1.706993 1
0.419444 0.239146 0
0.165497 0.415776 0
0.147884 0.478897 0
1.205239 2.063340 1
1.089859 1.687511 1
0.762608 1.031967 0
0.697336 1.775314 1
0.799670 1.785554 1
1.459199 1.373381 1
0.322219 0.776672 0
1.919245 1.126804 1
0.711779 1.838061 1
0.386455 1.464611 1
0.367222 0.831233 0
0.829708 0.703946 0
1.748837 -0.065275 0
1.629679 0.934613 0
0.178461 0.168450 0
1.555236 1.197322 1
1.472867 0.540560 0
1.541670 0.506165 0
0.874307 0.249895 0
0.209071 0.260325 0
0.600072 1.953263 1
1.277350 0.669314 0
1.766731 2.031814 1
1.488180 0.345397 0
0.323982 1.654573 1
1.586021 0.920396 0
0.563529 0.744215 0
1.576027 0.733141 0
1.149766 0.527844 0
1.259405 1.739322 1
1.292372 1.117765 0
0.918983 0.491519 0
0.308949 1.937837 1
0.537502 0.439137 0
0.449340 0.266887 0
0.298934 0.650849 0
1.950220 1.341458 1
0.191902 1.017591 0
1.065809 1.407719 1
0.149731 0.848957 0
1.218254 0.554388 0
0.293992 1.283433 1
0.060454 0.186847 0
1.338665 0.944515 1
1.954630 0.416212 0
0.621970 0.157169 0
1.840315 0.916092 1
0.174983 1.666249 1
0.771498 1.404905 1
0.388703 0.699972 0
1.823243 0.844725 1
1.858085 0.934722 1
1.219903 1.994663 1
0.748743 1.088329 0
0.895870 0.896999 0
1.117654 0.247895 0
0.023665 0.579583 0
1.382596 0.896168 0
1.287697 0.867274 0
1.086018 1.120173 1
1.464057 1.109796 1
1.472370 0.155124 0
0.018331 -0.041050 0
0.312990 0.914263 0
0.684338 0.284534 0
1.914133 1.489195 1
1.647678 0.466882 0
1.016898 0.222703 0
0.875780 0.558937 0
0.673610 1.812151 1
0.105268 0.051613 0
0.032546 1.183635 1
1.012304 1.753552 1
0.998164 0.940711 1
0.857732 1.139878 1
0.780547 1.241353 1
0.756338 0.733527 0
1.120392 1.129356 1
1.646417 0.318255 0
0.099253 0.325082 0
0.406009 1.526492 1
0.778617 0.978047 0
1.039414 1.103736 1
1.460118 0.904182 0
1.239181 1.881198 1
1.651781 1.204556 1
1.824949 1.512729 1
1.286670 0.608959 0
1.838808 1.467767 1
0.927828 0.183616 0
1.314193 0.728327 0
0.539313 0.974819 1
0.436169 0.519673 0
1.596450 1.403867 1
1.914022 0.857356 0
0.439926 0.467293 0
0.537948 0.757029 0
0.272277 0.576753 0
1.712026 1.063033 1
1.226739 0.770197 0
0.242522 1.455836 1
0.451802 1.391010 1
1.249671 1.767030 1
0.792402 0.141118 0
0.906281 0.730728 0
1.328925 -0.168127 0
1.296675 1.397869 1
1.788279 1.766481 1
0.792458 1.035045 1
0.003583 0.604590 0
1.134646 0.407413 0
1.540889 1.646757 1
1.713435 1.036172 1
0.022427 0.637181 0
1.755677 0.852061 0
1.802589 1.158478 1
1.164278 1.941050 1
1.695815 0.498910 0
0.952710 0.480235 0
1.114817 1.085818 1
1.511223 1.309017 1
1.100417 0.282527 0
1.665346 2.097211 1
1.987081 1.267567 1
1.938845 1.328679 1
1.264921 0.416555 0
0.105497 0.859655 0
1.632734 1.829715 1
1.930163 0.835239 0
0.774560 1.019842 0
0.955338 0.708402 0
0.921186 1.316239 1
0.392230 1.791287 1
0.594609 0.179289 0
0.668858 0.518529 0
0.250389 0.585134 0
1.988081 1.733506 1
0.624234 0.668099 0
1.279583 0.781616 0
1.407138 1.416407 1
1.164690 0.299109 0
1.268339 1.459187 1
0.229445 1.003215 1
0.139860 1.867373 1
0.291687 0.104221 0
1.131394 1.016843 1
0.571855 0.452369 0
1.284477 -0.134496 0
1.561644 2.000680 1
1.303303 0.360339 0
1.425587 1.535998 1
0.340503 1.972789 1
1.455118 1.811177 1
0.501472 1.829540 1
0.325137 0.405090 0
1.870271 1.498504 1
1.098190 2.034345 1
1.218012 0.255196 0
1.693263 2.094981 1
0.428228 0.105497 0
0.784743 2.043181 1
0.299612 0.593921 0
0.662912 0.601180 0
1.306694 0.725192 0
1.315139 1.455073 1
1.672420 1.421154 1
1.298040 2.014671 1
0.455677 0.914898 0
1.192734 1.055971 0
0.336556 0.017238 0
0.081823 0.767761 0
1.491542 1.610152 1
1.836038 1.432945 1
0.003636 0.509453 0
1.602389 1.237151 1
0.544256 1.167034 0
1.996305 0.726900 0
0.844337 0.780663 0
1.848372 1.504969 1
1.901269 0.590053 0
1.055644 1.385068 1
0.001959 1.867694 1
0.764357 1.058176 0
1.315717 0.874354 0
0.347266 0.518545 0
1.845251 1.487391 1
0.247771 0.063969 0
1.451604 1.457996 1
0.309589 1.082628 0
0.921948 0.780778 0
1.730463 0.702854 0
1.977814 1.232349 1
0.894451 1.748494 1
1.430841 0.663652 0
1.465631 2.042286 1
0.799894 0.397182 0
0.674291 1.631464 1
0.179468 1.599600 1
0.443698 0.866775 0
0.062152 1.710702 1
1.727068 1.250688 1
0.033702 1.086447 1
0.326746 0.705855 0
0.316337 0.508865 0
0.025076 1.521877 1
0.443004 0.661225 0
0.690526 2.006811 1
0.404333 1.033936 1
0.552224 0.508067 0
1.594969 0.421304 0
1.700720 1.463392 1
0.896195 0.566092 0
0.338697 1.340228 1
0.440166 0.461333 0
0.853520 0.761886 0
1.396931 1.345128 1
1.520221 1.455281 1
1.944793 0.376777 0
1.742917 2.027714 1
0.410915 0.789328 0
0.828478 0.394436 0
0.956018 1.099938 1
1.648058 1.465699 1
0.447167 2.015422 1
1.910623 0.454717 0
0.465236 1.929332 1
1.769978 1.345665 1
1.425319 1.586202 1
0.196305 1.644780 1
0.117141 0.419414 0
0.157214 0.998953 1
1.937960 0.617068 0
1.060635 1.603555 1
1.392987 1.782925 1
1.613522 0.293573 0
0.157685 0.799892 0
0.635519 1.796275 1
1.511689 0.771043 0
1.701099 0.219951 0
0.800645 0.917285 1
1.139344 0.435870 0
1.545221 1.094937 0
0.022606 1.019538 1
1.090043 1.502110 1
0.165502 1.937934 1
1.973258 0.135633 0
1.925814 1.231687 1
0.959804 0.691968 0
0.972039 1.595328 1
1.735631 0.079236 0
0.487569 0.498193 0
0.433498 0.548185 0
0.782178 0.294113 0
0.993983 1.111869 1
1.614849 1.174119 1
1.013826 0.336671 0
1.748592 1.841330 1
1.822731 1.793710 1
1.340538 0.449977 0
1.232622 1.830023 1
1.658762 1.435101 1
0.993529 1.969972 1
0.867471 0.551412 0
1.562369 1.481454 1
0.924581 0.547376 0
0.608462 1.605639 1
0.496101 1.529734 1
1.313472 1.463343 1
0.198453 1.202761 1
0.849801 0.236281 0
1.986110 0.996362 1
0.212171 2.007564 1
1.997268 0.414114 0
0.963452 1.333917 1
0.456805 -0.152946 0
0.535382 -0.103879 0
1.349639 1.427329 1
0.678668 0.372244 0
0.587107 0.829613 0
1.394171 1.293697 1
0.970775 0.394295 0
0.667559 1.319605 1
1.515150 1.519628 1
0.821291 0.317135 0
1.142793 2.134099 1
1.846237 -0.031949 0
0.578412 0.824581 0
1.864467 1.144134 1
0.991229 1.850038 1
0.426506 1.688828 1
1.703713 1.870504 1
1.860376 0.763440 0
0.510814 0.875906 0
0.239527 2.008303 1
1.755122 1.663755 1
1.028394 -0.102881 0
1.308477 1.234918 1
0.774193 1.387474 1
0.894868 1.200167 1
0.090938 2.007021 1
1.339035 1.966198 1
0.815374 1.944544 1
0.081696 1.205528 1
0.529660 1.250766 1
0.845887 0.882812 1
1.830853 0.329597 0
0.801952 1.716999 1
0.498329 -0.159154 0
0.772235 0.878104 1
1.330353 0.338011 0
1.410456 0.364314 0
1.095005 1.712804 1
0.028475 1.140256 1
0.698873 1.288077 1
1.628460 1.938387 1
0.090810 0.853597 0
1.757210 1.678033 1
1.412516 0.051948 0
0.250887 1.860244 1
0.605693 1.142417 1
0.864504 1.586182 1
1.705351 0.366041 0
0.155206 0.661394 0
0.988763 1.628189 1
1.865687 1.342906 1
1.197284 1.097770 1
0.368048 0.247299 0
1.042041 0.274176 0
0.864044 1.970115 1
0.313702 1.104647 1
0.086421 0.643933 0
0.404420 0.239953 0
0.729129 1.348156 1
0.865329 1.351584 1
1.274378 0.179090 0
1.069078 -0.013324 0
1.251998 1.171618 1
0.241384 1.543424 1
0.641762 0.083946 0
1.440508 0.394384 0
1.372131 1.283533 1
1.029230 -0.012183 0
1.321481 1.288910 1
1.875850 1.158944 1
1.341822 1.843365 1
0.300865 1.184730 1
1.786261 1.577154 1
1.560926 1.004219 0
1.329537 0.144816 0
0.721845 0.545528 0
1.099082 0.367161 0
1.849831 0.539771 0
0.879279 0.433288 0
0.019796 1.303696 1
1.337900 -0.027423 0
0.693128 0.887479 1
0.489477 1.023184 1
1.110268 1.486437 1
0.620014 0.416327 0
0.522553 0.609192 0
0.520135 0.908335 0
0.950863 1.192082 1
0.719704 0.612852 0
1.795349 0.251095 0
0.708744 0.566983 0
1.994009 1.372718 1
1.207155 0.566625 0
0.152698 0.861757 0
0.644223 0.021786 0
0.400830 0.452819 0
1.305109 1.810445 1
1.455506 1.176964 1
1.755548 1.140902 0
1.579055 1.412161 1
0.010621 1.058548 1
0.962522 1.455661 1
0.354326 0.097589 0
0.460224 0.685060 0
0.716911 0.813252 0
1.374477 0.351453 0
1.437221 0.718544 0
1.912537 1.453115 1
1.955209 0.002124 0
0.825507 0.864670 0
1.196255 1.805620 1
0.632172 1.309848 1
1.280350 1.075507 1
1.059261 1.036411 0
0.818662 1.161421 1
1.554091 1.770324 1
0.385005 -0.144175 0
0.597917 0.139217 0
1.045012 0.220148 0
1.726564 1.672500 1
1.191574 1.104818 1
1.393479 0.224625 0
0.873852 0.759043 0
1.082681 1.510124 1
0.310093 1.227266 1
1.106518 1.159160 1
0.720259 1.771493 1
0.626776 0.313748 0
1.488347 1.001912 0
1.834796 0.511620 0
0.185972 2.003423 1
1.502899 0.173557 0
1.931520 1.338218 1
1.388313 1.510355 1
0.781714 1.789512 1
1.069701 1.469757 1
0.901142 0.121028 0
0.881888 1.444190 1
0.502915 0.950316 0
1.831531 0.434552 0
0.014576 1.505708 1
1.772010 1.155289 1
0.245043 0.515688 0
1.709042 1.451082 1
1.747056 1.777244 1
0.202045 1.803059 1
0.552561 0.938753 0
0.393267 1.797648 1
1.895959 1.765270 1
0.610355 1.420331 1
1.487532 1.483256 1
0.995464 1.468108 1
1.277162 0.642753 0
1.568457 1.076488 0
1.687869 1.006797 0
1.343461 1.606184 1
1.745723 1.025500 1
0.283378 1.229481 1
1.438629 0.580442 0
0.951915 1.089679 0
1.253960 0.736557 0
1.090238 0.582851 0
0.189190 0.685998 0
0.030581 -0.038096 0
0.306253 0.680070 0
0.004408 1.537856 1
0.989614 1.512003 1
0.540893 -0.066289 0
0.195802 0.085917 0
0.643897 0.241316 0
1.425127 1.010666 0
0.431948 1.520911 1
1.236190 2.067447 1
1.939701 1.072758 1
0.313030 0.966898 0
0.341549 1.016829 1
1.886320 0.438287 0
0.628948 2.068058 1
1.050652 1.033104 1
1.419786 0.220626 0
1.347919 0.489391 0
0.518837 1.213314 1
0.749835 0.311905 0
0.022743 0.631137 0
0.108343 1.860972 1
1.493168 0.258031 0
0.477499 1.887748 1
1.888861 -0.111988 0
1.455777 1.470793 1
1.034355 1.610265 1
0.613205 0.673509 0
1.116772 0.316469 0
1.616891 0.648478 0
1.342504 1.671519 1
0.162808 1.047979 0
1.510653 1.252411 1
1.505998 0.963429 1
1.470990 1.694382 1
1.620942 1.012413 0
1.396278 0.694447 0
1.397894 -0.150096 0
0.438979 0.557063 0
1.556588 1.882913 1
0.803162 0.872596 0
0.338204 1.758693 1
