1.893309 0.887727 1
1.514018 1.152394 1
0.594203 2.041518 1
1.601910 0.624604 0
1.315474 0.874433 1
0.139397 0.077912 0
0.407862 0.714885 0
0.985614 -0.147071 0
0.125331 0.773596 0
1.037093 1.288971 1
0.221470 1.279885 1
0.800790 0.197046 0
1.465776 1.623625 1
0.497530 1.924788 1
1.805414 1.879886 1
0.396369 0.709902 0
1.827045 0.636005 0
1.572049 2.378948 1
1.327882 0.596328 0
0.491809 1.309427 1
0.864960 0.321901 0
0.219286 0.345093 0
0.654000 0.614222 0
1.272955 1.849071 1
1.071166 0.600664 0
1.045672 1.263473 0
1.599575 0.294633 0
0.666038 1.554667 1
1.245711 0.452691 0
0.556660 1.087348 0
0.928329 2.164024 1
0.799685 0.461237 0
1.091113 0.289718 0
1.113868 0.646625 0
0.173146 1.955053 1
0.713627 0.519625 0
1.825831 1.094843 1
1.650781 1.711343 1
0.487955 0.603085 0
1.060123 0.314502 0
1.573204 0.637618 0
1.033639 1.566022 1
1.554929 0.656767 0
0.632539 1.303459 1
0.939234 1.257840 1
0.116459 2.210157 1
1.205486 0.673611 0
0.644837 1.548839 1
1.022664 0.916110 0
0.492507 1.529504 1
0.284648 1.779966 1
0.686502 1.302514 1
1.936774 2.035002 1
1.997633 0.824061 1
1.585015 1.378883 1
0.291885 1.397641 1
0.116824 1.344807 1
1.984130 0.441299 0
0.170371 1.720810 1
1.317154 1.391190 1
0.610726 -0.100361 0
0.017751 1.882648 1
0.526081 0.264755 0
0.135356 0.191569 0
1.392856 1.411072 1
0.253978 0.635752 0
1.494705 0.533452 0
0.359860 1.179729 1
1.362328 0.323972 0
1.822007 1.712714 1
0.488992 0.418211 0
0.093685 1.304689 0
0.083833 0.926751 1
0.768533 1.515303 1
1.901251 0.366667 0
1.640196 0.589279 0
1.148501 1.167832 1
0.821015 1.301567 1
1.608184 1.753724 1
1.342270 1.035780 1
0.258840 1.526290 1
1.913670 0.238784 0
1.104570 1.465215 1
0.809639 0.661319 0
1.371981 1.316801 1
1.270618 1.336597 1
1.043472 2.054507 1
1.123829 1.100159 1
1.237861 1.804210 1
1.239811 0.357464 0
0.118369 2.009992 1
1.599534 0.175355 0
0.258460 0.258100 0
1.536811 1.051974 1
0.920913 0.570753 0
1.105141 0.172145 0
1.581938 0.884460 0
1.810322 1.925035 1
0.492903 1.597326 1
0.029357 1.589139 1
1.114713 1.578948 1
1.647007 1.169400 1
0.101945 0.798319 1
0.477994 1.874531 1
1.422908 0.229945 0
0.859712 1.225097 0
1.128370 0.910218 0
0.958089 1.132392 1
1.910380 1.102198 1
1.138451 1.719572 1
1.599817 0.901145 0
1.463788 0.994807 1
1.803545 1.007239 1
0.856831 0.457968 0
1.798257 0.858112 1
0.763950 0.220312 0
0.158240 1.982345 1
1.088727 1.715132 1
0.135861 0.415927 0
1.341537 0.097466 0
0.230806 1.130056 1
0.744605 0.863902 0
1.495051 1.635344 1
1.120250 1.910799 1
0.198842 1.188044 1
0.614574 0.551050 0
0.238895 0.904574 0
0.495575 0.880820 1
0.724670 0.461186 0
0.369856 0.788326 0
1.684001 1.772461 1
1.337183 0.995985 0
0.350028 1.521884 1
0.391320 1.461544 1
0.215843 0.177203 0
0.956337 0.003810 0
1.893802 0.189240 0
0.143167 1.535937 1
0.203831 -0.005147 0
1.925769 0.743207 0
1.788044 1.707737 1
1.579198 1.306006 1
0.637288 0.047431 0
0.018270 0.603773 0
1.271666 0.655446 0
1.994431 1.171428 0
1.910343 1.966750 1
1.465550 0.876101 1
0.550809 0.377782 0
0.940564 0.286451 0
1.807818 0.370266 0
1.215375 1.617324 1
0.958455 1.092130 1
1.270754 1.672462 1
1.955527 1.848739 1
1.523377 0.212713 0
0.021304 -0.046068 0
0.168219 2.042008 1
0.480384 1.742170 1
1.489944 0.173472 0
0.377157 1.359296 1
0.109236 1.759694 1
0.056929 1.311329 1
1.848313 1.849585 1
0.520311 0.524649 0
1.606891 0.158366 0
0.513538 1.623405 1
0.610766 0.181117 0
0.203459 1.538352 1
1.985129 0.610433 0
1.185928 1.633253 1
0.797574 1.972486 1
0.205963 1.321455 1
0.735362 1.915934 1
1.046276 0.882186 1
0.896890 0.341114 0
1.694537 0.061205 0
0.677213 0.844298 1
0.499623 0.428416 0
0.802486 1.359997 1
0.772635 1.288303 1
1.564338 0.952104 1
1.792567 1.669564 1
0.082769 0.681466 0
1.256010 0.997552 0
1.521790 -0.061895 0
0.621913 1.122082 0
1.311258 1.761568 1
0.881531 1.109287 0
0.725547 0.833489 0
0.606006 1.656110 1
1.365584 1.196686 1
0.508934 0.684661 0
1.919786 0.758903 0
0.117463 1.586345 1
0.938620 1.263130 1
1.490720 -0.141794 0
0.257982 -0.048170 0
0.509894 1.117673 1
0.902279 0.275370 0
1.557203 0.547965 0
1.125280 1.345771 1
0.091997 0.738120 1
0.059950 1.296927 0
1.350831 1.205020 1
1.498988 0.656959 0
1.998910 1.362557 1
0.234183 0.845450 0
0.529482 0.628460 0
0.125310 0.891243 0
1.108434 1.438713 1
0.592835 2.031925 1
1.146134 1.639906 1
1.024870 1.636951 1
0.718922 0.201918 0
1.327700 0.409455 0
0.162389 1.192165 0
1.972030 0.984593 0
1.120079 1.905346 1
1.058130 0.860000 1
1.695338 0.997003 0
1.076901 1.387691 1
1.449491 0.302799 0
0.639235 0.473854 0
1.645466 1.029637 0
0.128727 1.553282 1
1.898344 0.395730 0
1.696683 1.920599 1
0.292866 2.035753 1
1.803549 2.003537 1
1.361824 0.458629 0
0.633513 0.682812 0
1.676579 0.506611 0
1.071951 0.399808 0
1.808131 0.101783 0
1.255869 1.148097 0
0.277578 1.843330 1
1.927545 1.454857 1
0.451549 -0.036128 0
1.245598 1.723297 1
0.640792 1.350835 1
1.380694 0.229519 0
0.040460 0.190591 0
1.637541 -0.048493 0
0.125909 0.819193 0
0.792033 0.765147 0
0.071234 1.242416 1
0.576042 1.608027 1
0.971816 0.794103 1
1.034308 0.465647 0
1.834316 0.650937 0
1.031205 1.632130 1
1.623971 1.538254 1
1.623194 1.480300 1
1.548792 1.821204 1
1.720972 1.836973 1
0.977840 0.098510 0
1.748077 0.598476 0
1.908708 1.528646 1
0.231869 0.088558 0
1.264266 1.342420 1
0.399945 -0.025290 0
1.928747 2.066507 1
0.004087 1.938344 1
0.975261 -0.155321 0
0.680777 1.530713 1
1.943874 1.370833 1
1.157172 1.475502 1
1.036491 0.274858 0
1.664367 0.676387 0
1.323721 0.583268 0
1.618351 0.266834 0
1.342316 2.195556 1
1.176069 1.594227 1
1.481617 0.626762 0
0.479183 1.260474 1
0.388506 1.086846 1
1.799214 1.548856 1
1.356457 1.134013 0
1.385931 1.751008 1
1.149686 1.880969 1
1.728900 1.007023 1
0.789486 2.123305 1
0.471546 0.278268 0
1.357153 1.980125 1
1.982300 0.925185 1
1.007468 1.044135 1
0.016131 1.696477 1
1.322446 -0.150267 0
1.430359 0.516351 0
1.417062 0.765808 0
0.335763 1.089079 1
0.892275 1.249215 1
0.974294 -0.110192 0
0.857958 0.511625 0
1.368975 1.897240 1
1.193022 1.213664 1
1.368882 1.888515 1
0.839556 0.543679 0
1.748282 0.598929 0
1.629579 1.164334 1
0.733570 1.538304 1
0.440527 0.127920 0
1.294917 0.332773 0
1.054537 1.562549 1
1.722293 1.178780 1
1.723952 1.141629 0
1.648925 0.151362 0
0.880468 0.424438 0
0.292395 1.686089 1
0.866529 0.314121 0
0.503569 0.305129 0
1.420069 1.373675 1
1.011807 1.097645 0
1.031996 1.180688 0
0.374237 0.802345 1
1.748172 2.059706 1
0.219065 1.088233 0
1.385432 1.317097 1
1.706760 1.362622 1
1.206908 0.118058 0
1.475037 1.034919 1
1.357891 1.429434 1
1.648222 1.442112 1
0.885283 0.615542 0
1.393991 0.221461 0
1.620391 0.166640 0
1.999527 0.972007 1
0.591147 1.628811 1
0.779759 2.062273 1
0.693909 1.246505 0
0.258350 -0.079706 0
0.174261 1.685477 1
0.643904 1.274099 1
1.743098 0.788404 0
0.618379 0.315039 0
0.355214 1.981206 1
1.672237 1.770468 1
0.181886 0.100912 0
0.815593 0.654555 0
1.681580 1.281376 1
1.717940 1.226109 1
1.895332 2.208230 1
1.782879 0.192901 0
0.673836 0.712116 0
1.374779 1.071702 1
1.180454 1.809664 1
1.737691 0.420151 0
0.647143 1.624930 1
1.876817 0.294942 0
0.982341 -0.173488 0
0.935743 0.636494 0
1.109109 0.678423 0
1.915339 0.071210 0
1.645764 0.488533 0
1.502717 1.567965 1
0.958895 2.247085 1
1.399400 0.696950 0
0.847831 0.370983 0
1.225460 0.494502 0
0.542400 1.567735 1
1.981831 0.524709 0
1.892313 0.673055 0
1.159520 1.216097 1
0.952164 0.318546 0
0.388710 0.373318 0
1.263518 1.479123 1
1.112277 1.513421 1
1.539894 1.197055 1
1.138221 -0.333731 0
1.600714 0.980638 0
0.805032 1.187423 1
1.362608 0.196662 0
1.837359 1.158719 1
0.430159 1.761694 1
1.291141 0.794354 0
0.803152 1.382821 1
0.131866 1.056750 0
0.908764 0.394945 0
0.470123 1.489780 1
0.754746 1.773532 1
1.168792 0.395943 0
1.835736 1.033942 0
0.555577 1.200780 1
1.225196 -0.001723 0
0.362969 2.148751 1
1.816052 1.276491 1
0.259997 0.662755 0
1.097005 0.445871 0
0.498255 1.902695 1
1.289224 0.262398 0
1.022723 1.554132 1
0.497412 1.737497 1
0.568501 0.340632 0
1.678531 0.783848 1
0.100736 0.212635 0
0.618812 0.041615 0
0.569207 1.349483 0
0.207765 0.033190 0
0.457305 1.024452 1
0.720628 1.929302 1
0.691454 0.874176 0
1.795980 1.356927 1
1.483512 1.673821 1
1.846617 0.981894 0
0.427901 2.059366 1
0.145947 1.523491 1
0.446911 -0.287658 0
0.796915 1.430886 1
0.137229 0.665680 0
1.487195 1.686358 1
0.495641 1.895354 1
1.792700 0.490417 0
0.154748 -0.203348 0
0.610184 1.364110 1
0.469402 0.348040 0
1.601732 -0.070234 0
1.154398 0.954941 0
0.204634 1.517012 1
0.163689 0.614358 0
0.391445 1.020631 1
0.982436 1.616306 1
1.763238 1.579775 1
0.205936 1.346758 1
1.891449 0.434403 0
1.751577 0.812040 0
1.446639 0.725678 0
1.807222 2.124745 1
1.291492 0.256063 0
0.293679 1.192428 1
0.814914 0.442674 0
1.278162 2.029972 1
0.068097 0.485346 0
0.368633 1.785009 1
0.544908 1.131151 1
0.779053 0.436000 0
0.686539 0.767181 0
1.385132 1.731059 1
1.480021 0.744356 0
0.027710 1.726398 1
0.783586 0.090714 0
1.934283 1.771818 1
0.975735 1.261171 1
1.451297 1.428627 1
1.421128 1.470291 1
0.742501 1.199673 1
0.973352 0.090747 0
0.640720 -0.055633 0
1.856887 1.100935 1
0.246409 1.088136 0
1.825493 0.469001 0
0.685089 0.485944 0
0.447464 -0.068955 0
0.497796 1.693891 1
0.267896 0.249890 0
0.336444 0.873467 1
1.368494 0.179960 0
1.617556 0.325062 0
0.474555 1.682030 1
1.032584 1.415948 1
1.463737 2.094043 1
1.132486 1.259373 1
0.291228 1.741773 1
0.189843 0.287771 0
0.706371 1.408465 1
1.902195 0.936143 0
0.512724 0.194373 0
0.814107 0.853462 0
0.054581 0.749332 0
0.578894 2.029467 1
0.508151 0.453206 0
1.175284 0.365912 0
0.295095 0.375487 0
1.578826 1.592090 1
0.117291 1.063506 0
1.971472 0.655101 0
1.386933 2.067501 1
1.554533 1.056695 1
1.672468 0.335110 0
1.483070 1.174764 0
0.309334 0.455828 0
1.476161 0.259712 0
0.562484 0.661073 0
1.631313 0.080954 0
0.008002 1.599859 1
1.026966 1.979878 1
1.864103 0.739784 0
0.724212 1.566820 1
1.994895 0.181155 0
1.341870 0.218381 0
0.740104 1.981863 1
0.501509 0.706031 0
1.140913 1.228637 1
0.312244 0.614672 0
0.522658 1.922212 1
0.726449 0.449014 0
0.833801 1.936893 1
0.838387 0.749049 0
1.052463 1.625223 1
0.690979 1.902525 1
0.740108 1.438487 1
0.271566 0.069597 0
0.279222 0.613051 0
1.368189 0.338805 0
1.338155 0.116161 0
1.756128 1.262836 0
0.541509 0.228559 0
0.632895 0.073907 0
1.645632 0.581630 0
0.634074 1.828086 1
0.550352 0.586760 0
0.728613 1.031728 0
1.785513 0.725548 0
1.345972 1.151426 1
0.056214 1.775523 1
1.372586 0.699559 0
0.293766 0.585436 0
0.577990 1.613891 1
0.721667 0.185989 0
0.471567 0.317992 0
0.458268 0.329751 0
0.906256 2.168942 1
0.776404 1.579604 1
1.066348 1.100564 0
0.392620 1.701361 1
0.495167 1.893197 1
1.152508 1.207068 1
0.630030 0.927357 0
1.613546 1.197439 1
0.405830 1.832282 1
0.082085 1.319056 1
0.677081 0.880539 0
1.136110 0.581909 0
0.057848 -0.222693 0
1.934119 1.020374 0
0.490459 0.143155 0
1.249148 1.306211 1
1.778319 0.538659 0
1.844903 0.667948 0
1.173778 0.101188 0
0.514233 0.155157 0
0.296095 1.981784 1
1.582415 0.731661 0
1.452751 2.178543 1
1.792972 0.212120 0
0.021382 1.538006 1
1.892131 1.075533 0
0.867143 0.808177 0
1.882528 0.716649 0
1.455636 0.525068 0
0.958822 1.849097 1
1.596804 1.229474 0
1.224482 0.442242 0
0.003805 2.026371 1
0.843597 0.343028 0
0.751152 0.394942 0
0.605724 0.528725 0
1.643709 1.437195 1
0.495049 1.106816 0
0.759029 1.512070 1
0.453459 1.005227 0
1.520919 0.677363 0
1.987027 1.126261 1
0.362959 0.204369 0
1.034924 0.853717 1
0.258894 0.263746 0
0.926815 0.071144 0
1.535276 0.837913 1
1.869422 1.536621 1
0.471095 1.397440 1
0.692639 0.707368 0
1.519838 0.699281 1
1.550930 0.800056 1
0.915907 2.076608 1
1.054340 1.231440 0
1.196845 1.023161 0
1.419573 0.250197 0
0.325690 0.597666 0
1.686457 1.019204 0
1.592686 0.820641 0
0.784364 1.080174 1
1.160002 1.109459 1
1.777371 -0.007259 0
0.323858 -0.129950 0
0.620340 0.990497 0
0.988259 0.298472 0
1.609153 1.392441 1
1.953334 0.342758 0
1.327762 0.379023 0
1.184617 0.393754 0
0.368343 1.842545 1
0.412615 0.062392 0
1.726244 1.090043 1
0.710195 1.615605 1
0.691537 0.887367 1
0.552541 1.055169 1
0.476533 1.374158 1
1.060159 0.794855 0
0.813977 1.100586 1
1.950615 0.379728 0
0.409460 0.194309 0
0.105242 1.640682 1
1.079734 1.036221 0
0.737877 0.967107 1
1.763279 1.033857 0
0.933460 1.846767 1
1.347089 1.161640 1
1.519474 1.364569 1
1.589544 0.521322 0
1.536874 1.392327 1
1.232123 0.054161 0
1.617098 0.650605 0
0.231194 0.888177 1
0.740346 0.574023 0
1.290660 1.453631 1
0.222951 1.010375 0
0.743243 0.352692 0
0.843361 0.915476 0
0.576558 0.619585 0
1.407920 0.981754 1
1.537690 0.842585 0
1.936140 1.496529 1
0.143148 1.356695 1
0.947715 1.799366 1
1.101194 0.209514 0
1.210743 0.754992 0
1.633939 -0.322246 0
0.997352 1.322766 1
1.483154 1.838925 1
0.485604 1.001357 1
0.309167 0.473226 0
1.436997 0.470958 0
1.235476 1.777861 1
1.410119 0.958338 1
0.325342 0.716222 0
0.064307 0.758920 0
1.498592 1.105405 1
0.855476 1.900500 1
1.998641 0.543018 0
1.258227 0.626023 0
0.808618 0.933144 1
1.204646 1.172785 1
1.404135 0.192718 0
1.363172 2.180055 1
1.681880 1.400454 1
1.635047 1.403646 1
1.575627 0.504627 0
0.411427 0.897307 0
1.328112 1.962534 1
0.236704 0.872081 0
1.076120 1.111899 0
1.257514 0.736189 0
0.617549 1.177071 1
0.088388 1.634164 1
0.903436 0.150455 0
0.974895 0.503531 0
0.556240 0.633061 0
1.684496 1.713597 1
0.927749 0.823953 0
1.584347 0.857075 0
1.103213 1.550915 1
1.468349 0.166281 0
0.974586 1.481532 1
1.922454 0.989005 1
1.829622 1.934518 1
0.598566 0.022614 0
0.824678 0.868645 1
0.875620 0.620406 0
1.606346 -0.304421 0
1.261500 2.060907 1
1.612899 0.420500 0
1.120069 1.697143 1
0.030036 2.090311 1
1.146286 1.835895 1
0.190772 1.856456 1
0.628528 0.447349 0
1.566579 1.618254 1
0.792800 2.081073 1
1.523484 0.360464 0
1.382872 2.204986 1
0.733964 0.007322 0
0.477461 2.148366 1
0.604816 0.718670 0
0.968930 0.746624 0
1.610501 0.682475 0
1.010318 1.606134 1
1.367827 1.381223 1
0.989691 2.053044 1
0.761330 0.956309 0
1.498459 1.115014 0
0.639453 -0.125207 0
0.390043 0.661552 0
1.184486 1.529745 1
1.533950 1.575165 1
0.307462 0.512249 0
1.299359 1.105956 1
0.850024 1.323355 0
0.298664 0.583556 0
1.153773 0.879652 0
1.544010 1.526419 1
0.204884 0.754203 0
0.752238 1.462166 1
1.703585 2.004650 1
1.066719 1.133172 0
1.620286 0.956112 0
0.650847 0.359032 0
1.542178 1.465642 1
0.553744 -0.011508 0
1.146458 1.399375 1
0.614956 1.170041 0
1.221641 0.842771 0
0.028877 0.621501 0
1.673197 1.270550 1
0.586195 1.861944 1
1.736608 0.525579 0
1.166759 2.095713 1
1.107458 0.416953 0
0.362902 1.556930 1
1.874427 1.573652 1
0.749319 0.920100 0
1.759640 1.636687 1
1.419593 1.405226 1
1.727839 0.933041 1
0.632023 0.803510 0
0.621559 0.459557 0
1.711841 1.429410 1
0.745914 0.815907 0
0.383613 2.116779 1
0.095278 0.941965 1
0.857465 0.602910 0
1.902089 0.269484 0
1.390469 1.479611 1
1.202513 0.434379 0
0.033021 1.181981 1
0.744698 0.343066 0
1.161732 0.846433 0
1.092705 1.487469 1
1.213684 1.483794 1
0.251572 0.214527 0
1.438445 2.055937 1
0.717703 0.665632 0
1.128589 0.408629 0
0.654234 1.160822 1
1.345914 1.501024 1
0.145330 2.091594 1
0.211434 0.452801 0
0.158513 1.914985 1
1.463690 1.440692 1
1.119883 1.514169 1
1.888168 1.590327 1
0.427155 0.577521 0
1.852275 0.868623 1
0.247678 0.583761 0
0.752543 1.707158 1
1.090461 1.803171 1
1.916125 0.204286 0
0.459844 0.739560 0
0.335291 1.894696 1
1.816898 0.751019 0
0.010006 0.315718 0
0.494881 0.823605 1
1.445342 0.326399 0
1.851732 1.209422 0
1.716464 0.903614 1
0.781134 1.607040 1
1.862314 1.943309 1
0.271051 0.163078 0
1.623900 1.268430 1
1.262593 0.788433 0
0.664313 1.464571 1
0.040065 0.046280 0
0.791983 0.329462 0
0.737831 0.644042 0
1.087758 0.427394 0
0.687837 1.091398 1
1.313107 1.203028 1
1.320733 0.294721 0
1.436290 1.863611 1
1.513040 1.939227 1
1.645697 0.492988 0
0.933971 1.937963 1
1.355216 1.476408 1
0.692441 2.130323 1
1.176396 0.586007 0
1.256299 1.635205 1
1.229040 0.550495 0
0.307836 1.492332 1
0.186233 1.596289 1
1.009900 1.632625 1
1.892318 1.208441 1
1.153713 0.348071 0
1.683447 0.915941 1
1.910909 2.115625 1
0.297994 0.531717 0
0.657806 1.188138 1
0.770015 -0.293329 0
0.834081 -0.190704 0
1.045670 1.377461 1
0.983621 0.481686 0
0.885417 0.974221 0
1.089018 1.420911 1
1.279083 0.332516 0
0.364180 1.367565 1
1.209103 1.517115 1
1.122419 0.291259 0
0.844200 2.252024 1
0.155536 -0.175674 0
0.881836 0.971345 0
1.558642 1.140916 1
0.689144 1.861219 1
0.122251 1.665264 1
1.394471 1.776058 1
0.165731 0.635014 0
0.815407 1.026263 0
1.930612 2.103205 1
1.452744 1.748742 1
1.332554 -0.235029 0
1.002607 1.111424 1
0.469683 1.330446 1
0.588975 1.337968 1
1.791667 2.127906 1
1.029049 2.029795 1
0.514161 1.914584 1
1.777437 1.202581 1
0.222073 1.097058 1
0.537809 0.788984 1
0.136387 0.342230 0
0.497179 1.732913 1
0.797824 -0.275073 0
0.468516 0.710582 1
1.634755 0.481528 0
1.712448 0.322728 0
0.784892 1.836887 1
1.721491 1.188923 1
0.391776 1.337318 1
1.326092 1.960898 1
0.399566 0.975623 0
1.453211 1.828450 1
1.710246 -0.071646 0
1.947399 1.840640 1
0.301612 1.042682 1
0.560059 1.635280 1
0.004072 0.411519 0
0.461949 0.520278 0
0.685130 1.715271 1
1.565880 1.311224 1
0.891993 0.956041 1
0.676076 0.157149 0
1.346936 0.433512 0
0.557801 1.972885 1
0.010655 1.075937 1
0.387975 0.527486 0
0.709539 0.088924 0
0.423393 1.465855 1
0.557423 1.495097 1
1.584482 0.278663 0
1.364310 -0.148693 0
0.950661 1.150501 1
1.937188 1.702533 1
0.950534 0.033670 0
1.741949 0.530484 0
1.068044 1.177801 1
1.335645 -0.093667 0
1.016657 1.331783 1
1.568261 1.206345 1
1.036363 1.786507 1
1.994150 1.080985 1
1.481935 1.491163 1
1.865284 1.025797 0
1.630984 0.224644 0
1.023534 0.517937 0
1.404136 0.511419 0
0.153573 0.622492 0
1.184400 0.266545 0
1.709351 1.222328 1
1.637148 -0.119108 0
0.389166 0.729779 1
0.185865 0.981590 1
0.798472 1.326683 1
0.921174 0.497949 0
0.828577 0.491104 0
0.824569 0.844822 0
0.647033 1.254990 1
1.025011 0.510009 0
0.106918 0.203893 0
1.014422 0.677491 0
1.685166 1.345095 1
1.507201 0.560345 0
0.455490 0.799500 0
0.954623 0.008450 0
0.707913 0.290321 0
1.000108 1.899278 1
1.153762 1.237893 1
0.062002 1.284641 0
1.274484 1.495674 1
1.706315 1.021468 1
0.656963 1.350736 1
0.654934 0.055386 0
0.763184 0.540046 0
1.026480 0.672599 0
1.678228 0.404038 0
1.743660 0.623240 0
1.605553 1.397138 1
0.258822 -0.087628 0
1.130833 0.886417 0
0.898072 1.781934 1
0.332383 1.447306 1
0.974814 0.975519 1
1.358882 1.137770 0
0.514332 1.170676 1
1.249953 1.647767 1
0.701446 -0.310364 0
0.907258 0.032153 0
1.348488 0.359241 0
1.424615 1.623229 1
0.886252 1.075372 1
1.696751 0.138858 0
1.178839 0.829480 0
0.774747 1.499055 1
0.005463 1.371330 1
0.801989 1.058522 1
0.418931 1.942287 1
0.932239 0.208210 0
1.793872 1.055720 0
0.142926 0.398067 0
1.886510 2.006907 1
1.807822 0.195984 0
1.625044 1.307499 1
1.083228 1.572550 1
0.479587 1.830863 1
0.763298 1.594963 1
1.207236 0.010921 0
0.578918 1.588029 1
0.808794 0.997556 0
0.140797 0.452850 0
1.706508 1.414679 1
1.470351 1.073373 1
0.550542 0.531089 0
1.403295 1.294144 1
1.440108 1.657037 1
1.897296 1.860491 1
0.854541 1.032237 0
0.089284 1.748307 1
1.593071 1.854002 1
0.301367 1.513694 1
1.181834 1.482558 1
0.688916 1.471059 1
1.581457 0.684141 0
1.870554 1.178654 0
1.990896 1.135625 0
1.040884 1.758624 1
1.441609 1.034831 1
1.982468 1.205164 1
1.749117 0.606122 0
1.257305 1.238113 0
1.563516 0.691698 0
1.400102 0.679142 0
0.495345 0.698198 0
0.330113 -0.079603 0
0.613092 0.664202 0
1.699998 1.516493 1
0.683223 1.552853 1
0.842950 -0.195569 0
0.502128 -0.039818 0
0.946567 0.331771 0
1.731362 1.022361 0
0.125818 1.415772 1
0.927555 2.181965 1
1.634920 1.082678 1
0.618645 1.045103 0
0.037065 0.864745 1
0.189641 0.497661 0
0.331613 2.170457 1
0.743245 0.984975 1
1.721455 0.070194 0
1.650240 0.610457 0
0.213703 1.343988 1
1.056276 0.161749 0
0.323779 0.497943 0
1.805807 1.754437 1
1.803331 0.361035 0
0.168313 2.056902 1
0.192155 -0.188751 0
1.150501 1.534803 1
0.729448 1.706457 1
0.915129 0.674846 0
1.418575 0.348867 0
1.925715 0.754390 0
1.037832 1.693376 1
0.470467 1.167220 0
1.203836 1.149653 1
1.201440 0.913194 1
1.165382 1.844674 1
1.924889 1.093839 0
1.701683 0.652228 0
1.680162 -0.273046 0
0.743843 0.494609 0
1.251597 1.950299 1
1.116211 0.977274 0
0.030819 1.922315 1
